0.64811110496521
0.5255372524261475
0.44749021530151367
0.5642714500427246
0.6291155815124512
0.512120246887207
0.5717267990112305
0.5094010829925537
0.6174511909484863
0.3963150978088379
0.41101646423339844
0.537940502166748
0.5385732650756836
0.4834301471710205
0.5645966529846191
0.5255205631256104
0.5099163055419922
0.5120120048522949
0.4273793697357178
0.5498480796813965
0.5518226623535156
0.46086812019348145
0.5249738693237305
0.6370639801025391
0.5153124332427979
0.4396519660949707
0.42179083824157715
0.6232643127441406
0.3711397647857666
0.5667564868927002
0.5586743354797363
0.463026762008667
0.5215294361114502
0.4380011558532715
0.6504459381103516
0.49805355072021484
0.4716370105743408
0.48583292961120605
0.37030529975891113
0.5775527954101562
0.5331170558929443
0.6279988288879395
0.5755984783172607
0.5052177906036377
0.4391634464263916
0.6203079223632812
0.4033362865447998
0.5913681983947754
0.42192578315734863
0.4029116630554199
0.4177360534667969
0.5563392639160156
0.6048600673675537
0.6125447750091553
0.5198807716369629
0.5242600440979004
0.4661242961883545
0.37800145149230957
0.4852597713470459
0.606600284576416
0.38759803771972656
0.4032113552093506
0.4546318054199219
0.63484787940979
0.4632391929626465
0.6206057071685791
0.3709874153137207
0.6275701522827148
0.6154646873474121
0.5924031734466553
0.6268441677093506
0.43141603469848633
0.4240303039550781
0.5196981430053711
0.6221251487731934
0.6205618381500244
0.4866940975189209
0.6114175319671631
0.5224695205688477
0.4375884532928467
0.5008900165557861
0.4518563747406006
0.36290550231933594
0.3940730094909668
0.4127461910247803
0.59554123878479
0.36093688011169434
0.364382266998291
0.48694586753845215
0.5629358291625977
0.5850038528442383
0.4394345283508301
0.5415716171264648
0.5859980583190918
0.6199774742126465
0.4456021785736084
0.5875716209411621
0.5981299877166748
0.4550764560699463
0.357602596282959
0.4900355339050293
0.5944905281066895
0.5995025634765625
0.35678839683532715
0.6492364406585693
0.64815354347229
0.5945696830749512
0.5811128616333008
0.4684412479400635
0.6175832748413086
0.5710546970367432
0.40935373306274414
0.6079368591308594
0.6236026287078857
0.45902252197265625
0.5591857433319092
0.4006831645965576
0.549565315246582
0.39499616622924805
0.41951942443847656
0.6349670886993408
0.5733554363250732
0.4628725051879883
0.35541605949401855
0.4317052364349365
0.596916913986206
0.4670426845550537
0.4354565143585205
0.47058558464050293
0.47805333137512207
0.4494016170501709
0.4937164783477783
0.46311450004577637
0.5324735641479492
0.5642340183258057
0.5397412776947021
0.39363527297973633
0.6434261798858643
0.37883853912353516
0.3734908103942871
0.4490013122558594
0.43976569175720215
0.3991234302520752
0.40188074111938477
0.3855116367340088
0.45798778533935547
0.37156128883361816
0.38866758346557617
0.467573881149292
0.427842378616333
0.6462273597717285
0.5174674987792969
0.3893396854400635
0.5472781658172607
0.5879626274108887
0.5391454696655273
0.4635138511657715
0.3842027187347412
0.5229532718658447
0.5385854244232178
0.42815136909484863
0.416062593460083
0.6366446018218994
0.41092944145202637
0.5379230976104736
0.6151876449584961
0.42118382453918457
0.521686315536499
0.5024478435516357
0.4496898651123047
0.5329277515411377
0.6009368896484375
0.4669229984283447
0.42722439765930176
0.3606607913970947
0.5731310844421387
0.4242067337036133
0.48227810859680176
0.4886636734008789
0.44304633140563965
0.5578591823577881
0.6118531227111816
0.3871922492980957
0.4791707992553711
0.6053550243377686
0.5252816677093506
0.5176670551300049
0.6335790157318115
0.3676576614379883
0.3872077465057373
0.5995004177093506
0.49898266792297363
0.5361638069152832
0.4649474620819092
0.3971548080444336
0.5070018768310547
0.35168981552124023
0.41921496391296387
0.5577096939086914
0.5378637313842773
0.48384904861450195
0.5524184703826904
0.534050464630127
0.5700209140777588
0.35718321800231934
0.5997352600097656
0.636176347732544
0.5556800365447998
0.5515024662017822
0.6436202526092529
0.4807586669921875
0.41654086112976074
0.5490171909332275
0.40851688385009766
0.543553352355957
0.43672943115234375
0.562349796295166
0.5871341228485107
0.3870811462402344
0.538210391998291
0.49536705017089844
0.4371044635772705
0.46259331703186035
0.5003998279571533
0.4011199474334717
0.5182476043701172
0.4360201358795166
0.3675832748413086
0.5614092350006104
0.49193763732910156
0.587104082107544
0.5028197765350342
0.5884594917297363
0.4825716018676758
0.5472166538238525
0.6027021408081055
0.4579958915710449
0.5638313293457031
0.5622122287750244
0.4658377170562744
0.5618224143981934
0.3920466899871826
0.48833560943603516
0.5221631526947021
0.4138047695159912
0.40654754638671875
0.5459640026092529
0.5836019515991211
0.5087361335754395
0.5185933113098145
0.6070120334625244
0.574927806854248
0.4001193046569824
0.38106751441955566
0.6026403903961182
0.5591168403625488
0.5604407787322998
0.37270426750183105
0.6024618148803711
0.38405394554138184
0.3594048023223877
0.5276167392730713
0.3738725185394287
0.379239559173584
0.38259458541870117
0.3676161766052246
0.5617258548736572
0.428419828414917
0.4008138179779053
0.5864391326904297
0.3728196620941162
0.4996004104614258
0.6341240406036377
0.49126553535461426
0.48972034454345703
0.39417552947998047
0.6118638515472412
0.4185047149658203
0.49889707565307617
0.3936922550201416
0.41402316093444824
0.4123494625091553
0.5078742504119873
0.5480611324310303
0.4190940856933594
0.36353492736816406
0.4988389015197754
0.5145645141601562
0.4346506595611572
0.640986442565918
0.4234883785247803
0.47502589225769043
0.4486072063446045
0.518151044845581
0.37590742111206055
0.4920506477355957
0.44315624237060547
0.4029662609100342
0.46090245246887207
0.555156946182251
0.639204740524292
0.360440731048584
0.38572239875793457
0.35262203216552734
0.45435309410095215
0.44986867904663086
0.6028542518615723
0.4950878620147705
0.6123132705688477
0.463972806930542
0.4431591033935547
0.39650726318359375
0.5031166076660156
0.4630293846130371
0.5082817077636719
0.5364222526550293
0.3778421878814697
0.4343581199645996
0.6133544445037842
0.5863897800445557
0.6183903217315674
0.40149760246276855
0.48364782333374023
0.4532661437988281
0.5883018970489502
0.45114922523498535
0.6306183338165283
0.6263773441314697
0.521996259689331
0.5142397880554199
0.41840457916259766
0.5877635478973389
0.40270066261291504
0.3622245788574219
0.41961073875427246
0.4069695472717285
0.3760533332824707
0.3747897148132324
0.4410841464996338
0.5460350513458252
0.40276527404785156
0.4458794593811035
0.5295009613037109
0.4180271625518799
0.46880269050598145
0.5513927936553955
0.6291399002075195
0.4113297462463379
0.5268862247467041
0.567939281463623
0.5738382339477539
0.36518359184265137
0.6068572998046875
0.41573357582092285
0.3990638256072998
0.4200897216796875
0.40978026390075684
0.6142570972442627
0.5688142776489258
0.5917937755584717
0.3842623233795166
0.4331371784210205
0.5576987266540527
0.4871048927307129
0.39917850494384766
0.5922484397888184
0.37607717514038086
0.4018068313598633
0.4844536781311035
0.5835182666778564
0.40056729316711426
0.48618245124816895
0.487224817276001
0.5085525512695312
0.601970911026001
0.465761661529541
0.5855069160461426
0.44899845123291016
0.6062710285186768
0.4704163074493408
0.6122984886169434
0.4761972427368164
0.3844616413116455
0.3650057315826416
0.3552262783050537
0.6123411655426025
0.3974463939666748
0.3595142364501953
0.4007108211517334
0.43990635871887207
0.47594428062438965
0.4089336395263672
0.52939772605896
0.5647594928741455
0.45336127281188965
0.48945045471191406
0.4771590232849121
0.4452676773071289
0.4967527389526367
0.43281078338623047
0.5205965042114258
0.5789303779602051
0.5640549659729004
0.43712854385375977
0.5285460948944092
0.35837697982788086
0.36333632469177246
0.5511293411254883
0.483842134475708
0.414400577545166
0.5556230545043945
0.43795084953308105
0.5055265426635742
0.4044055938720703
0.5182375907897949
0.5612268447875977
0.6481659412384033
0.5077121257781982
0.47044944763183594
0.6327085494995117
0.5870251655578613
0.40635085105895996
0.43731117248535156
0.6228063106536865
0.46663832664489746
0.6145992279052734
0.5813627243041992
0.5270121097564697
0.3952507972717285
0.571627140045166
0.4521327018737793
0.6254799365997314
0.48575353622436523
0.5875310897827148
0.4740257263183594
0.5901374816894531
0.506129264831543
0.42659735679626465
0.3703272342681885
0.37520837783813477
0.4705071449279785
0.603877067565918
0.3901858329772949
0.37106990814208984
0.4996671676635742
0.5927393436431885
0.584132194519043
0.6107382774353027
0.5613489151000977
0.5177412033081055
0.4603085517883301
0.5962891578674316
0.4670679569244385
0.4641532897949219
0.48507237434387207
0.46451449394226074
0.49294447898864746
0.5655107498168945
0.4938626289367676
0.5829157829284668
0.44898033142089844
0.6481592655181885
0.5979359149932861
0.5128834247589111
0.47873520851135254
0.4531557559967041
0.6457602977752686
0.37807607650756836
0.5346918106079102
0.45958447456359863
0.369534969329834
0.5432007312774658
0.6231207847595215
0.35136938095092773
0.6317610740661621
0.40915727615356445
0.5988852977752686
0.3634519577026367
0.6110596656799316
0.6018731594085693
0.5086438655853271
0.6484870910644531
0.40787267684936523
0.5171911716461182
0.5555486679077148
0.40038228034973145
0.44150352478027344
0.447185754776001
0.48010897636413574
0.40330076217651367
0.4904351234436035
0.6341040134429932
0.6212530136108398
0.6314051151275635
0.41962289810180664
0.36618995666503906
0.4637451171875
0.4222874641418457
0.5409731864929199
0.5931320190429688
0.6052327156066895
