1.067011833190918
1.0155754089355469
0.9444501399993896
1.096961259841919
1.1319124698638916
1.1361186504364014
0.8917405605316162
0.9377086162567139
0.9604814052581787
1.0492806434631348
0.8693382740020752
0.9852514266967773
0.9367935657501221
0.9273908138275146
1.0345442295074463
1.1414053440093994
1.137753963470459
1.1323082447052002
0.9247450828552246
0.9315798282623291
1.0184133052825928
1.0431287288665771
0.9970245361328125
0.8819561004638672
0.8730926513671875
0.9230358600616455
0.8572661876678467
0.9535174369812012
1.067723035812378
0.8835985660552979
1.150752067565918
1.1071226596832275
0.9679868221282959
0.933185338973999
0.8512134552001953
1.0092456340789795
1.129251480102539
0.9297807216644287
0.958275318145752
0.9919731616973877
1.0429608821868896
1.0923688411712646
0.9474973678588867
1.0345830917358398
1.0836455821990967
1.1443901062011719
1.084782600402832
0.878563642501831
0.8858301639556885
0.9940311908721924
1.1365735530853271
1.061629056930542
1.1148626804351807
0.8566222190856934
1.057253360748291
0.9734461307525635
0.9297511577606201
1.1054909229278564
0.8617579936981201
1.122917890548706
0.8695683479309082
1.1249175071716309
0.9211704730987549
0.9278192520141602
0.8885207176208496
0.8705532550811768
0.8989083766937256
1.0693986415863037
1.0065643787384033
0.9742259979248047
1.033252239227295
0.8964641094207764
0.9938924312591553
1.1397836208343506
0.8899040222167969
1.125889539718628
1.0401663780212402
0.953881025314331
0.9048430919647217
1.110788106918335
0.9059977531433105
1.0137932300567627
0.9441468715667725
0.9173223972320557
1.0138561725616455
0.856992244720459
1.0498409271240234
0.9646997451782227
0.9686923027038574
1.104846715927124
0.8646397590637207
0.980015754699707
1.05458664894104
1.1118600368499756
1.0625836849212646
1.0503466129302979
0.8682656288146973
0.9618129730224609
0.9963643550872803
1.0770320892333984
0.8949501514434814
0.9281387329101562
1.008711814880371
1.1469268798828125
0.9715917110443115
1.050962209701538
1.0758922100067139
1.087430477142334
0.9786262512207031
1.0361714363098145
1.0916380882263184
1.15452241897583
0.8681848049163818
0.8938636779785156
0.9096684455871582
1.0373568534851074
1.0316262245178223
0.9612817764282227
1.0831496715545654
1.008857011795044
1.0712170600891113
1.0376598834991455
1.0423932075500488
1.1223971843719482
1.0430645942687988
0.8722658157348633
1.0787694454193115
0.9543373584747314
1.1224923133850098
0.8695173263549805
0.9401731491088867
1.1332533359527588
1.1359548568725586
1.1443274021148682
0.930164098739624
0.9899876117706299
0.8563287258148193
1.069993495941162
1.1429944038391113
1.137697458267212
1.0780820846557617
0.9015228748321533
1.0247564315795898
0.8704197406768799
0.9869835376739502
1.0036590099334717
1.0946471691131592
0.9264225959777832
0.9696130752563477
0.8769958019256592
0.8901071548461914
1.0356550216674805
1.07696533203125
0.8816606998443604
0.9532265663146973
1.0608699321746826
1.115849494934082
1.0737974643707275
0.8906869888305664
1.0069169998168945
1.1325209140777588
0.8884100914001465
0.9790618419647217
0.9712374210357666
1.055410385131836
0.8925070762634277
1.0373914241790771
0.8822896480560303
0.99143385887146
1.1199290752410889
0.8879702091217041
0.9728367328643799
0.8606538772583008
0.8578581809997559
0.8950517177581787
0.9678618907928467
0.932319164276123
1.0291862487792969
1.1021091938018799
0.9374079704284668
0.9647135734558105
0.9557008743286133
1.0521373748779297
1.1140544414520264
1.0736594200134277
1.112239122390747
1.070138692855835
0.9273586273193359
1.0615229606628418
1.1226122379302979
0.976402759552002
1.087569236755371
0.8529942035675049
0.9427306652069092
0.9584269523620605
0.9826743602752686
0.8818144798278809
1.0669736862182617
0.9908123016357422
1.0373377799987793
1.0377202033996582
1.122041940689087
1.1153748035430908
1.0197033882141113
1.0730047225952148
0.9525837898254395
0.9394025802612305
1.1347696781158447
1.1136960983276367
1.0122525691986084
1.0409104824066162
0.9669129848480225
1.0303936004638672
0.9090108871459961
0.993811845779419
1.1444027423858643
0.8962070941925049
1.0233590602874756
0.8872323036193848
0.9265167713165283
1.093881607055664
0.8880085945129395
1.0251281261444092
0.9392378330230713
1.1236753463745117
1.0665044784545898
1.0531394481658936
1.1490366458892822
1.0763909816741943
1.0370469093322754
1.089484453201294
0.9592514038085938
0.9424171447753906
1.0690386295318604
1.0800316333770752
1.1135919094085693
0.9166789054870605
1.006291151046753
1.031191110610962
0.9834303855895996
1.0922517776489258
0.9883928298950195
0.8776264190673828
1.0004849433898926
1.0543932914733887
1.0266003608703613
0.9681811332702637
0.8840148448944092
0.9485640525817871
1.0671024322509766
1.1145694255828857
0.9114024639129639
1.1478984355926514
0.8635852336883545
0.9245882034301758
1.0262722969055176
0.9775850772857666
0.9905929565429688
0.9226429462432861
1.0363287925720215
0.9459867477416992
1.0226023197174072
1.0001990795135498
1.0484826564788818
1.009080410003662
0.925976037979126
1.0364603996276855
1.0191988945007324
1.0962107181549072
0.9173409938812256
1.0643601417541504
1.0557894706726074
0.932708740234375
0.9776959419250488
0.9965770244598389
1.0700032711029053
1.0000278949737549
0.8879482746124268
1.1421961784362793
1.1499440670013428
1.133491039276123
1.1233024597167969
1.0960392951965332
0.8763706684112549
0.9709866046905518
0.853095293045044
1.1525638103485107
0.9855520725250244
1.059922695159912
0.8867883682250977
1.143958330154419
0.9221210479736328
1.121260404586792
0.8573493957519531
1.0128519535064697
0.8743243217468262
1.127270221710205
1.06089448928833
1.1201069355010986
0.9387509822845459
0.8853647708892822
0.865788459777832
1.0431125164031982
1.1355526447296143
0.9784541130065918
1.132498025894165
0.892683744430542
0.913165807723999
1.1353750228881836
1.0637469291687012
0.9521868228912354
0.9271936416625977
0.9093263149261475
1.1162292957305908
1.052583932876587
0.9922657012939453
0.9642350673675537
0.8683934211730957
1.1353936195373535
1.1005957126617432
1.1506593227386475
1.1468722820281982
1.1167857646942139
1.1359996795654297
1.0937016010284424
0.9114630222320557
1.1192638874053955
1.1304824352264404
0.9626009464263916
0.8616142272949219
0.9702625274658203
0.9031574726104736
1.0483472347259521
1.1072423458099365
0.9554238319396973
1.071885108947754
1.0220692157745361
1.0863573551177979
1.1352744102478027
0.9029741287231445
1.0225048065185547
1.048675537109375
0.9888594150543213
1.0601913928985596
0.9593844413757324
0.9600999355316162
1.0305097103118896
1.1343543529510498
0.9542057514190674
0.9930806159973145
1.125234603881836
1.040494680404663
0.8678522109985352
1.0967671871185303
0.9360949993133545
1.1194729804992676
0.8922624588012695
1.1361353397369385
1.1427273750305176
0.9552261829376221
1.0957419872283936
0.8734340667724609
1.0030395984649658
1.1339123249053955
0.8894267082214355
1.079887866973877
0.9278593063354492
1.0819830894470215
1.0789620876312256
1.0623292922973633
1.120722770690918
0.968043327331543
1.125523567199707
1.0792343616485596
1.0590064525604248
0.983834981918335
0.9149727821350098
0.9824790954589844
0.861454963684082
0.8868839740753174
1.0315179824829102
1.0676403045654297
0.9018247127532959
0.8543341159820557
0.9673445224761963
1.0927903652191162
1.0549933910369873
1.1150455474853516
1.0454654693603516
1.0629596710205078
1.0409998893737793
1.0390360355377197
1.0465073585510254
1.0015168190002441
1.0446922779083252
1.0067448616027832
1.1338496208190918
0.9211845397949219
1.1038293838500977
1.0861785411834717
0.9421563148498535
1.1505193710327148
0.9441001415252686
1.0035905838012695
1.0407695770263672
0.9591870307922363
1.1465179920196533
0.9609115123748779
0.8702409267425537
0.8561747074127197
1.0967371463775635
1.0350191593170166
0.9590480327606201
1.0284383296966553
0.9096035957336426
0.9401671886444092
1.0770583152770996
0.9827258586883545
1.143819808959961
1.092165470123291
1.0552763938903809
0.9987645149230957
1.1295228004455566
0.9919004440307617
1.0775237083435059
0.9251413345336914
1.0644981861114502
0.9998290538787842
0.9392437934875488
0.8992977142333984
1.1423799991607666
1.145580530166626
0.9713771343231201
0.9009265899658203
0.9949615001678467
0.9543204307556152
0.970513105392456
0.8809130191802979
1.0804786682128906
0.9081470966339111
0.9008798599243164
0.9906888008117676
0.9204790592193604
1.0650482177734375
0.997337818145752
0.9173097610473633
0.9940366744995117
1.0388038158416748
1.0781188011169434
0.913520097732544
1.1127169132232666
1.133643388748169
0.9525594711303711
0.8944337368011475
1.1452813148498535
0.9322671890258789
1.0829241275787354
1.0528790950775146
1.025663137435913
1.0583066940307617
0.8918275833129883
0.89424729347229
0.9566500186920166
1.0761616230010986
1.0946142673492432
0.9158484935760498
1.0240724086761475
1.0342812538146973
0.8992118835449219
1.1076033115386963
0.8982110023498535
1.0648815631866455
0.9705424308776855
0.9695067405700684
1.016486644744873
0.9947259426116943
0.9633636474609375
0.968682050704956
1.069533348083496
1.0258560180664062
0.9320943355560303
0.9591834545135498
0.9255526065826416
1.140803337097168
1.0673167705535889
1.008129596710205
0.8744289875030518
1.069277048110962
0.8922069072723389
1.1460902690887451
1.0184412002563477
0.9838013648986816
0.9927334785461426
1.0406980514526367
0.986497163772583
1.0301847457885742
0.8523776531219482
1.0103201866149902
1.0314593315124512
0.9324154853820801
0.8892097473144531
