0.3774256706237793
0.5521113872528076
0.6207852363586426
0.4889078140258789
0.6307516098022461
0.2947981357574463
0.4737050533294678
0.686608076095581
0.6841471195220947
0.2936375141143799
0.4348301887512207
0.4730062484741211
0.7342696189880371
0.646744966506958
0.5893909931182861
0.34946703910827637
0.4640059471130371
0.5477125644683838
0.4771294593811035
0.48404955863952637
0.3556938171386719
0.4374806880950928
0.6621756553649902
0.3061680793762207
0.48065686225891113
0.5218169689178467
0.3481261730194092
0.25324273109436035
0.5285763740539551
0.5240805149078369
0.595794677734375
0.2772655487060547
0.28288865089416504
0.4900505542755127
0.7291693687438965
0.4990663528442383
0.6326510906219482
0.6649215221405029
0.6058223247528076
0.4096698760986328
0.5145254135131836
0.599937915802002
0.48419761657714844
0.694793701171875
0.6205391883850098
0.6529719829559326
0.30142974853515625
0.6825032234191895
0.5512337684631348
0.501183271408081
0.6269130706787109
0.6771390438079834
0.5291857719421387
0.5605857372283936
0.48944592475891113
0.5151712894439697
0.34061479568481445
0.5879683494567871
0.5043830871582031
0.5120704174041748
0.35370612144470215
0.2535886764526367
0.45777130126953125
0.311521053314209
0.4613471031188965
0.46535611152648926
0.7217340469360352
0.49503254890441895
0.6408553123474121
0.5803844928741455
0.2814059257507324
0.3673689365386963
0.3827400207519531
0.4715571403503418
0.3904120922088623
0.43291807174682617
0.47704219818115234
0.58608078956604
0.49004054069519043
0.397505521774292
0.31443095207214355
0.3790733814239502
0.7012414932250977
0.7395138740539551
0.6087527275085449
0.5832719802856445
0.39301109313964844
0.28124189376831055
0.31986236572265625
0.4247257709503174
0.4502894878387451
0.7022569179534912
0.691533088684082
0.45715761184692383
0.6237196922302246
0.6771955490112305
0.485396146774292
0.6383655071258545
0.3043825626373291
0.46189117431640625
0.6440598964691162
0.3923029899597168
0.5399246215820312
0.289182186126709
0.5707416534423828
0.3744480609893799
0.7068676948547363
0.5914475917816162
0.4294013977050781
0.6873934268951416
0.6468784809112549
0.34189677238464355
0.5037002563476562
0.4791748523712158
0.5928897857666016
0.7195079326629639
0.729578971862793
0.2789883613586426
0.7428731918334961
0.6659619808197021
0.5052716732025146
0.2862091064453125
0.5664112567901611
0.4985847473144531
0.582188606262207
0.5867030620574951
0.28240299224853516
0.6204183101654053
0.28952693939208984
0.3359537124633789
0.2875194549560547
0.49585723876953125
0.6981496810913086
0.45740246772766113
0.4648604393005371
0.36633777618408203
0.6339638233184814
0.49767518043518066
0.3126053810119629
0.44794726371765137
0.34882545471191406
0.7217648029327393
0.3825721740722656
0.3749992847442627
0.7449390888214111
0.7438900470733643
0.3503861427307129
0.6080665588378906
0.6556417942047119
0.3144958019256592
0.5326790809631348
0.7343764305114746
0.3890564441680908
0.35718679428100586
0.33313727378845215
0.43442821502685547
0.5767385959625244
0.476790189743042
0.3978157043457031
0.38466382026672363
0.752530574798584
0.7058582305908203
0.4333839416503906
0.7193341255187988
0.2727782726287842
0.5801637172698975
0.42993688583374023
0.3817732334136963
0.5830202102661133
0.40306758880615234
0.4575989246368408
0.2780461311340332
0.38672947883605957
0.4430513381958008
0.5832200050354004
0.321552038192749
0.2959470748901367
0.3493931293487549
0.6657061576843262
0.7381672859191895
0.3894467353820801
0.7362534999847412
0.3492252826690674
0.6953601837158203
0.6632082462310791
0.44013237953186035
0.5325541496276855
0.29253077507019043
0.2745544910430908
0.3375999927520752
0.30623650550842285
0.7396700382232666
0.4680311679840088
0.7528598308563232
0.6251113414764404
0.5457067489624023
0.635047435760498
0.392270565032959
0.37064647674560547
0.6966919898986816
0.6823422908782959
0.4200730323791504
0.3375556468963623
0.4512789249420166
0.5109624862670898
0.5954289436340332
0.7130334377288818
0.2654244899749756
0.5529210567474365
0.4292480945587158
0.3834681510925293
0.3208003044128418
0.7427973747253418
0.5597312450408936
0.510491132736206
0.43056774139404297
0.6217038631439209
0.5513577461242676
0.6865625381469727
0.37274670600891113
0.323347806930542
0.3107457160949707
0.29251813888549805
0.6916952133178711
0.2932732105255127
0.7065567970275879
0.6927525997161865
0.4700477123260498
0.567145586013794
0.5433118343353271
0.6708853244781494
0.44286417961120605
0.5169634819030762
0.4591672420501709
0.6320598125457764
0.7294876575469971
0.3277008533477783
0.7328650951385498
0.48793768882751465
0.28429150581359863
0.3962216377258301
0.451444149017334
0.6474072933197021
0.6737852096557617
0.5858256816864014
0.6236972808837891
0.5386960506439209
0.5593397617340088
0.3161025047302246
0.6842048168182373
0.32709312438964844
0.6039474010467529
0.2710723876953125
0.6940956115722656
0.7124950885772705
0.5846860408782959
0.25714612007141113
0.6782093048095703
0.5360839366912842
0.7383716106414795
0.3065500259399414
0.7460880279541016
0.6997013092041016
0.2859375476837158
0.28202366828918457
0.7355971336364746
0.605095624923706
0.48420000076293945
0.40264010429382324
0.6737892627716064
0.4208180904388428
0.49605393409729004
0.596372127532959
0.4656364917755127
0.30930399894714355
0.4971811771392822
0.6682167053222656
0.3937995433807373
0.3099193572998047
0.7266123294830322
0.6943376064300537
0.5240740776062012
0.37673449516296387
0.5330812931060791
0.4522268772125244
0.6264550685882568
0.579056978225708
0.3036782741546631
0.3886110782623291
0.2919011116027832
0.41847658157348633
0.41628527641296387
0.48634815216064453
0.6500034332275391
0.3088948726654053
0.350034236907959
0.5283966064453125
0.6936619281768799
0.4878830909729004
0.6587486267089844
0.688072681427002
0.4231393337249756
0.43114566802978516
0.6869795322418213
0.670229434967041
0.6677608489990234
0.6094181537628174
0.559974193572998
0.3998584747314453
0.5519371032714844
0.347088098526001
0.3256998062133789
0.7411403656005859
0.534818172454834
0.5308492183685303
0.6397843360900879
0.29442882537841797
0.32504987716674805
0.5752792358398438
0.4916260242462158
0.28632402420043945
0.41786718368530273
0.5672628879547119
0.3644905090332031
0.5030109882354736
0.39420437812805176
0.3049900531768799
0.25969862937927246
0.2727632522583008
0.41474270820617676
0.589867353439331
0.4521915912628174
0.4390130043029785
0.7485654354095459
0.4349400997161865
0.37468767166137695
0.41953516006469727
0.5977704524993896
0.5279994010925293
0.3769078254699707
0.4208030700683594
0.2798442840576172
0.3944098949432373
0.572519063949585
0.7324025630950928
0.516775369644165
0.3830904960632324
0.25760865211486816
0.4062366485595703
0.7189598083496094
0.3516809940338135
0.5254473686218262
0.7007310390472412
0.3628065586090088
0.5206000804901123
0.6664543151855469
0.32819366455078125
0.25969862937927246
0.5339310169219971
0.634831428527832
0.6436150074005127
0.5131840705871582
0.7281665802001953
0.327197790145874
0.6203341484069824
0.7402069568634033
0.5117897987365723
0.5399596691131592
0.26784539222717285
0.30991554260253906
0.6612522602081299
0.30172061920166016
0.37995052337646484
0.5165634155273438
0.3592381477355957
0.289837121963501
0.48367905616760254
0.39530396461486816
0.6211791038513184
0.6879973411560059
0.636422872543335
0.27219653129577637
0.3751242160797119
0.6511354446411133
0.367199182510376
0.43137192726135254
0.5110719203948975
0.7504558563232422
0.7379865646362305
0.5322275161743164
0.7256457805633545
0.6410632133483887
0.6323559284210205
0.6734716892242432
0.722743034362793
0.5273501873016357
0.4934964179992676
0.4591200351715088
0.6691663265228271
0.6959736347198486
0.2700786590576172
0.4996602535247803
0.25751423835754395
0.30151820182800293
0.5718178749084473
0.5075840950012207
0.25939226150512695
0.32312464714050293
0.6524560451507568
0.5789728164672852
0.556720495223999
0.6986823081970215
0.501795768737793
0.3601799011230469
0.443361759185791
0.3189122676849365
0.5066142082214355
0.42579102516174316
0.69417405128479
0.5363297462463379
0.7122402191162109
0.5020732879638672
0.3289499282836914
0.462388277053833
0.42615509033203125
0.6522643566131592
0.44997072219848633
0.3848280906677246
0.7091319561004639
0.6424553394317627
0.5603468418121338
0.7494156360626221
0.7047238349914551
0.5162448883056641
0.5362627506256104
0.49761033058166504
0.4770064353942871
0.6419577598571777
0.6172399520874023
0.3276216983795166
0.5954790115356445
0.5502140522003174
0.35695719718933105
0.3897130489349365
0.7120060920715332
0.5054404735565186
0.29189324378967285
0.5588514804840088
0.5359854698181152
0.4748208522796631
0.2778189182281494
0.30070996284484863
0.6468546390533447
0.7330625057220459
0.4056386947631836
0.6823604106903076
0.5425026416778564
0.31038761138916016
0.5491108894348145
0.5176243782043457
0.5251047611236572
0.4581615924835205
0.5162632465362549
0.739675760269165
0.6652934551239014
0.6674327850341797
0.3666956424713135
0.3498659133911133
0.71883225440979
0.4994971752166748
0.2531607151031494
0.3688771724700928
0.4430966377258301
0.5644514560699463
0.7449417114257812
0.3335270881652832
0.6504669189453125
0.6302382946014404
0.7115378379821777
0.6919279098510742
0.49543142318725586
0.5612883567810059
0.6817338466644287
0.2522299289703369
0.7065882682800293
0.6732466220855713
0.44856762886047363
0.6095287799835205
0.45275044441223145
0.3596365451812744
0.4065589904785156
0.39215922355651855
0.3162729740142822
0.550269365310669
0.47264957427978516
0.5440213680267334
0.44302988052368164
0.6410081386566162
0.2763810157775879
0.3335835933685303
0.3994450569152832
0.6035923957824707
0.6729402542114258
0.5460693836212158
0.3144493103027344
0.3622264862060547
0.6832044124603271
0.6453249454498291
0.45180201530456543
0.40616679191589355
0.6279771327972412
0.6741681098937988
0.5785605907440186
0.30142760276794434
0.6539721488952637
0.48637962341308594
0.6634948253631592
0.3772623538970947
0.6129543781280518
0.49668240547180176
0.6736729145050049
0.5005593299865723
0.7176401615142822
0.3436596393585205
0.5354888439178467
0.5821030139923096
0.601468563079834
0.6091055870056152
0.5514400005340576
0.5850820541381836
0.6258599758148193
0.5878243446350098
0.6370842456817627
0.2858719825744629
0.6030986309051514
0.743166446685791
0.6884124279022217
0.722705602645874
0.37665581703186035
0.3260533809661865
0.47034287452697754
0.36515307426452637
0.7489235401153564
0.31694507598876953
0.721956729888916
0.594531774520874
0.5493199825286865
0.6169044971466064
0.5926799774169922
0.5598812103271484
0.7197725772857666
0.3242013454437256
0.5863652229309082
0.4060862064361572
0.3130226135253906
0.2782578468322754
0.48404765129089355
0.4916090965270996
0.5174648761749268
0.6807129383087158
0.7339115142822266
0.5151088237762451
0.3672001361846924
0.4711906909942627
0.7380714416503906
0.5841491222381592
0.3183858394622803
0.6421463489532471
0.548377513885498
0.7110676765441895
0.7464559078216553
0.5519366264343262
0.3885467052459717
0.5086877346038818
0.4958655834197998
0.42674779891967773
0.3138594627380371
0.3193936347961426
0.3140528202056885
0.7154603004455566
0.7130458354949951
0.36651062965393066
0.5922136306762695
0.6736505031585693
0.578204870223999
0.672905683517456
0.5741982460021973
0.3970949649810791
0.2781829833984375
0.6438446044921875
0.4657628536224365
0.7210867404937744
0.3693983554840088
0.45722484588623047
0.33637404441833496
0.7422049045562744
0.7358560562133789
0.3266792297363281
0.6102719306945801
0.3641092777252197
0.6170878410339355
0.6877639293670654
0.7434382438659668
0.4627959728240967
0.4187619686126709
0.5345427989959717
0.6082031726837158
0.589606761932373
0.4785771369934082
0.6282196044921875
0.35979628562927246
0.41060805320739746
0.2877364158630371
0.3810610771179199
0.6236405372619629
0.390064001083374
0.29914093017578125
0.4615955352783203
0.36746859550476074
0.4927818775177002
0.4926331043243408
0.39269423484802246
0.37616539001464844
0.331012487411499
0.7006981372833252
0.6105480194091797
0.6705200672149658
0.30134081840515137
0.2811143398284912
0.4209768772125244
0.7494380474090576
0.3093984127044678
0.57224440574646
0.4356510639190674
0.6422481536865234
0.6185314655303955
0.30828356742858887
0.4652528762817383
0.7294003963470459
0.46732163429260254
0.5089061260223389
0.5481324195861816
0.4421989917755127
0.7094128131866455
0.5530343055725098
0.5222201347351074
0.672184944152832
0.3498857021331787
0.3290421962738037
0.44843363761901855
0.5033330917358398
0.4881157875061035
0.6852819919586182
0.5862290859222412
0.5697364807128906
0.747244119644165
0.4378321170806885
0.6278510093688965
0.7297773361206055
0.6469731330871582
0.6229877471923828
0.3549630641937256
0.3020741939544678
0.5157113075256348
0.6209049224853516
0.4258389472961426
0.32303881645202637
0.6244635581970215
0.5790548324584961
0.3129086494445801
0.44030070304870605
0.2902359962463379
0.3646855354309082
0.6767301559448242
0.6611194610595703
0.5968592166900635
0.5440526008605957
0.5131757259368896
0.3889641761779785
0.3156919479370117
0.28496694564819336
0.28821539878845215
0.646216869354248
0.2819395065307617
0.7425928115844727
0.6130948066711426
0.6591947078704834
0.4358072280883789
0.6411373615264893
0.4283430576324463
0.2803809642791748
0.623995304107666
0.3772239685058594
0.6250612735748291
0.33113598823547363
0.2906923294067383
0.27220749855041504
0.5396914482116699
0.3500702381134033
0.5020060539245605
0.6101226806640625
0.4523484706878662
0.2561774253845215
0.6717991828918457
0.726348876953125
0.3733179569244385
0.4201033115386963
0.6905896663665771
0.28409743309020996
0.6441853046417236
0.3683345317840576
0.7081079483032227
0.32323741912841797
0.4497661590576172
0.7237346172332764
0.6085388660430908
0.6844942569732666
0.5926399230957031
0.5487678050994873
0.32520389556884766
0.40108227729797363
0.45841026306152344
0.35150718688964844
0.6167418956756592
0.6889796257019043
0.679497241973877
0.5391809940338135
0.4407212734222412
0.619600772857666
0.31870603561401367
0.5553109645843506
0.269838809967041
0.5682027339935303
0.5660655498504639
0.5772039890289307
0.2737586498260498
0.28544187545776367
0.43460869789123535
0.7196314334869385
0.3178741931915283
0.5286424160003662
0.6118385791778564
0.7122485637664795
0.4802510738372803
0.35501718521118164
0.6896512508392334
0.540353536605835
0.501025915145874
0.5307819843292236
0.5551602840423584
0.5150878429412842
0.4156837463378906
0.5152525901794434
0.43129801750183105
0.5814614295959473
0.45334506034851074
0.2819342613220215
0.3823585510253906
0.545954704284668
0.5011348724365234
0.7390780448913574
0.7067110538482666
0.3394641876220703
0.40686583518981934
0.5587143898010254
0.4666554927825928
0.4554452896118164
0.5399994850158691
0.6453909873962402
0.31051015853881836
0.6001534461975098
0.6094639301300049
0.722212553024292
0.34454822540283203
0.3849809169769287
0.33455538749694824
0.558138370513916
0.3276369571685791
0.5607025623321533
0.7057054042816162
0.25694966316223145
0.33324217796325684
0.5251610279083252
0.4981982707977295
0.6779148578643799
0.2640070915222168
0.4986863136291504
0.4353351593017578
0.5038430690765381
0.6376504898071289
0.39555907249450684
0.5813977718353271
0.3462228775024414
0.37706851959228516
0.6223194599151611
0.49001407623291016
0.4985015392303467
0.6054911613464355
0.27265000343322754
0.637061595916748
0.4312267303466797
0.47546958923339844
0.6815707683563232
0.38388609886169434
0.5471780300140381
0.6620197296142578
0.3117539882659912
0.6646347045898438
0.664830207824707
0.381314754486084
0.48886966705322266
0.7338452339172363
0.2664494514465332
0.6450667381286621
0.7374329566955566
0.30112671852111816
0.3820061683654785
0.5981824398040771
0.25330400466918945
0.6005873680114746
0.46616578102111816
0.742974042892456
0.6603779792785645
0.706958532333374
0.4419212341308594
0.6943798065185547
0.4887735843658447
0.5366551876068115
0.5373234748840332
0.684502124786377
0.5322930812835693
0.37345075607299805
0.5975899696350098
0.43417978286743164
0.6321196556091309
0.6570987701416016
0.2616736888885498
0.5723147392272949
0.40799498558044434
0.47901439666748047
0.618593692779541
0.6518821716308594
0.5353789329528809
0.7040615081787109
0.5613181591033936
0.6698825359344482
0.5366241931915283
0.43332934379577637
0.2602701187133789
0.5421767234802246
0.49938249588012695
0.2901439666748047
0.2700541019439697
0.40652036666870117
0.742140531539917
0.4031026363372803
0.4427328109741211
0.3678407669067383
0.3965139389038086
0.5730533599853516
0.32369208335876465
0.38927412033081055
0.31819701194763184
0.35632944107055664
0.6211693286895752
0.53717041015625
0.288632869720459
0.445812463760376
0.5541012287139893
0.3896903991699219
0.27787113189697266
0.6448442935943604
0.7495262622833252
0.367419958114624
0.4309046268463135
0.40325260162353516
0.7327070236206055
0.31109046936035156
0.3778374195098877
0.562669038772583
0.729034423828125
0.3100712299346924
0.26392555236816406
0.65097975730896
0.3646712303161621
0.4127631187438965
0.3351447582244873
0.5585498809814453
0.4131889343261719
0.7306182384490967
0.7474863529205322
0.4246644973754883
0.274979829788208
0.6259746551513672
0.28760266304016113
0.3718831539154053
0.27976393699645996
0.6460974216461182
0.39172935485839844
0.5743885040283203
0.46271681785583496
0.6846950054168701
0.6012756824493408
0.6874909400939941
0.5258646011352539
0.3821549415588379
0.3044583797454834
0.36542677879333496
0.7261035442352295
0.4180142879486084
0.7465794086456299
0.3154153823852539
0.5676732063293457
0.611793041229248
0.30626773834228516
0.5665223598480225
0.2902069091796875
0.2677009105682373
0.4191758632659912
0.6977810859680176
0.7055890560150146
0.5385310649871826
0.5666449069976807
0.26175689697265625
0.39476490020751953
0.41342759132385254
0.3594627380371094
0.691957950592041
0.5402116775512695
0.436068058013916
0.3994917869567871
0.6493239402770996
0.5489494800567627
0.7035307884216309
0.3635711669921875
0.4617903232574463
0.4243481159210205
0.36933469772338867
0.7108809947967529
0.5902183055877686
0.33408451080322266
0.6648721694946289
0.6004693508148193
0.7115781307220459
0.6884922981262207
0.5464248657226562
0.4598064422607422
0.41135334968566895
0.7491309642791748
0.649982213973999
0.5236458778381348
0.5406699180603027
0.3255436420440674
0.42659997940063477
0.4161958694458008
0.4538710117340088
0.39170050621032715
0.6878454685211182
0.2962148189544678
0.593425989151001
0.7503714561462402
0.3804612159729004
0.7329697608947754
0.3308858871459961
0.6102681159973145
0.3243594169616699
0.3048703670501709
0.6437587738037109
0.7097327709197998
0.4526643753051758
0.6650872230529785
0.3538820743560791
0.32149434089660645
0.5009222030639648
0.5684370994567871
0.3695790767669678
0.2774627208709717
0.3242974281311035
0.61155104637146
0.6983623504638672
0.2566804885864258
0.6979758739471436
0.4090914726257324
0.26581382751464844
0.6961348056793213
0.560206413269043
0.5195415019989014
0.6984918117523193
0.6526086330413818
0.5216870307922363
0.6282846927642822
0.5271661281585693
0.583075761795044
0.6953012943267822
0.6387314796447754
0.6168637275695801
0.620596170425415
0.4748060703277588
0.5102601051330566
0.6676499843597412
0.6626472473144531
0.6598227024078369
0.5108304023742676
0.6706690788269043
0.4589076042175293
0.2678799629211426
0.34137415885925293
0.3283228874206543
0.3193643093109131
0.4746425151824951
0.5261361598968506
0.32841038703918457
0.2842750549316406
