1.655102252960205
1.272139310836792
1.4602272510528564
1.738142967224121
1.7334191799163818
1.3124239444732666
1.5745019912719727
1.443450689315796
1.5447430610656738
1.3081598281860352
1.7174322605133057
1.5238513946533203
1.5079078674316406
1.4121315479278564
1.4405176639556885
1.452989101409912
1.576993465423584
1.6194922924041748
1.5844099521636963
1.5427916049957275
1.4870567321777344
1.3085272312164307
1.506176233291626
1.644451379776001
1.5653727054595947
607.2259526252747
1.63804030418396
1.64967679977417
1.7366023063659668
1.3411707878112793
1.260056972503662
1.7245285511016846
1.3359363079071045
1.706902265548706
1.5269663333892822
1.4970612525939941
1.492311716079712
1.6994709968566895
1.4613215923309326
1.3227853775024414
1.7169508934020996
1.2692501544952393
1.621070146560669
1.2724502086639404
1.6632344722747803
1.4995441436767578
1.4774856567382812
1.340355634689331
1.4316890239715576
1.6484875679016113
1.6596596240997314
1.3007125854492188
1.469383955001831
1.3800792694091797
1.3244473934173584
1.3529675006866455
1.6832597255706787
1.4698405265808105
1.4621100425720215
1.4038949012756348
1.5410265922546387
1.3326101303100586
1.2888917922973633
1.6378278732299805
1.409475564956665
1.3632385730743408
1.5687611103057861
1.6921195983886719
1.348691463470459
1.592932939529419
1.2584564685821533
1.2663660049438477
1.3279917240142822
1.6366147994995117
1.3414061069488525
1.737199306488037
1.5688762664794922
1.5670318603515625
1.4917197227478027
1.5304341316223145
1.5948364734649658
1.5527393817901611
1.4533569812774658
1.6148862838745117
1.5298659801483154
1.4201653003692627
1.273141622543335
1.5240437984466553
1.6832427978515625
1.437025547027588
1.3182291984558105
1.473771572113037
1.2688946723937988
1.589878797531128
1.5408623218536377
1.6730926036834717
1.2675328254699707
1.748769760131836
1.520564079284668
1.47226881980896
1.542825698852539
1.48783278465271
1.3291935920715332
1.5759093761444092
1.4018936157226562
1.6957476139068604
1.4628159999847412
1.5033395290374756
1.5009560585021973
1.420048475265503
1.7219889163970947
1.4864916801452637
1.5423557758331299
1.2802550792694092
1.6785736083984375
1.7485346794128418
1.2916779518127441
1.3687055110931396
1.3434081077575684
1.6265935897827148
1.3014554977416992
1.5392885208129883
1.3367321491241455
1.6873250007629395
1.5574228763580322
1.6061904430389404
1.5592341423034668
1.415940523147583
1.3506605625152588
1.5392675399780273
1.650343418121338
1.3430001735687256
1.5266063213348389
1.5669431686401367
1.5588288307189941
1.264563798904419
1.6824524402618408
1.311816692352295
1.3634932041168213
1.4529714584350586
1.38106369972229
1.2519776821136475
1.312593936920166
1.349832534790039
1.6161162853240967
1.2813622951507568
1.6890265941619873
1.6571824550628662
1.5842576026916504
1.5918257236480713
1.391676425933838
1.7227368354797363
1.3459949493408203
1.6962356567382812
1.3555879592895508
1.5779244899749756
1.3190045356750488
1.5893714427947998
1.6311841011047363
1.7348268032073975
1.5107364654541016
1.3410980701446533
1.3426711559295654
1.5354795455932617
1.618990182876587
1.5337274074554443
1.3896236419677734
1.4460475444793701
1.7082469463348389
1.446685552597046
1.608139991760254
1.4315929412841797
1.531080722808838
1.5213754177093506
1.4672584533691406
1.2741882801055908
1.6396777629852295
1.4463331699371338
1.597149133682251
1.7161822319030762
1.5118544101715088
1.7317924499511719
1.631134271621704
1.5112638473510742
1.3198821544647217
1.4497392177581787
1.3206267356872559
1.5082132816314697
1.5045156478881836
1.5375597476959229
1.5924773216247559
1.4264609813690186
1.5879004001617432
1.4164021015167236
1.6461634635925293
1.4281134605407715
1.5235481262207031
1.4838783740997314
1.5173492431640625
1.3462839126586914
1.4625208377838135
1.6981446743011475
1.3350811004638672
1.4754316806793213
1.5418963432312012
1.7446777820587158
1.2753636837005615
1.3495054244995117
1.3763184547424316
1.3769543170928955
1.3104298114776611
1.5246679782867432
1.2659969329833984
1.4726381301879883
1.7140939235687256
1.5828192234039307
1.4940829277038574
1.629805326461792
1.2944505214691162
1.5701136589050293
1.7092454433441162
1.5241944789886475
1.4874684810638428
1.7017686367034912
1.5222129821777344
1.3480987548828125
1.5114109516143799
1.3188135623931885
1.53515625
1.6198878288269043
1.2713453769683838
1.6876587867736816
1.2681095600128174
1.4249329566955566
1.375901460647583
1.5207099914550781
1.6400108337402344
1.3847413063049316
1.292473554611206
1.4057607650756836
1.3320438861846924
1.3340325355529785
1.3226439952850342
1.2592363357543945
1.3420453071594238
1.339273452758789
1.3796820640563965
1.6257572174072266
1.507753849029541
1.7304494380950928
1.7171111106872559
1.4419853687286377
1.7106006145477295
1.3893563747406006
1.572173833847046
1.4325511455535889
1.5825128555297852
1.7230019569396973
1.4262607097625732
1.7132973670959473
1.3340046405792236
1.3613548278808594
1.3256311416625977
1.6555569171905518
1.3858299255371094
1.308565378189087
1.3812882900238037
1.316283941268921
1.5261588096618652
1.531590461730957
1.663665533065796
1.572286605834961
1.2552893161773682
1.5051474571228027
1.597461462020874
1.4211089611053467
1.4945073127746582
1.4885313510894775
1.6704401969909668
1.587235450744629
1.5601820945739746
1.3260250091552734
1.3686747550964355
1.4785995483398438
1.5891807079315186
1.329892635345459
1.7437808513641357
1.490487813949585
1.5667474269866943
1.721231460571289
1.7542855739593506
1.7433526515960693
1.608191728591919
1.3244233131408691
1.3045990467071533
1.688673734664917
1.3856375217437744
1.5289711952209473
1.3286182880401611
1.6522417068481445
1.4067809581756592
1.5749881267547607
1.544884443283081
1.4456794261932373
1.7533822059631348
1.3226933479309082
1.401318073272705
1.3772938251495361
1.5825393199920654
1.5638012886047363
1.7180049419403076
1.687809944152832
1.3394312858581543
1.579319715499878
1.5633902549743652
1.6865971088409424
1.3046841621398926
1.3987035751342773
1.5006072521209717
1.6864354610443115
1.7313966751098633
1.4020962715148926
1.369107723236084
1.4147663116455078
1.6361064910888672
1.739159345626831
1.5433950424194336
1.5136849880218506
1.692326545715332
1.2938063144683838
1.2902624607086182
1.7077102661132812
1.2992734909057617
1.625474214553833
1.6984224319458008
1.52565336227417
1.4311835765838623
1.3716075420379639
1.4677715301513672
1.4393467903137207
1.656257152557373
1.3007533550262451
1.7241835594177246
1.2903892993927002
1.5246505737304688
1.7455363273620605
1.474430799484253
1.5167934894561768
1.5007288455963135
1.262441635131836
1.4830279350280762
1.6341946125030518
1.4770238399505615
1.3010637760162354
1.2567057609558105
1.709327220916748
1.2909932136535645
1.4931731224060059
1.526632308959961
1.6016581058502197
1.3707411289215088
1.5941059589385986
1.7290458679199219
1.5582289695739746
1.407099962234497
1.4401938915252686
1.2597787380218506
1.4668290615081787
1.7235820293426514
1.3297443389892578
1.3829822540283203
1.512742519378662
1.4597835540771484
1.3216853141784668
1.403949499130249
1.5583138465881348
1.4063694477081299
1.5188047885894775
1.3773751258850098
1.45851469039917
1.7239258289337158
1.3359229564666748
1.6464149951934814
1.5085539817810059
1.302579402923584
1.5340607166290283
1.5194706916809082
1.6364662647247314
1.4546754360198975
1.5107994079589844
1.5814259052276611
1.373534917831421
1.7233288288116455
1.4000723361968994
1.5589232444763184
1.4108545780181885
1.2819082736968994
1.6343951225280762
1.4488990306854248
1.5415468215942383
1.5855181217193604
1.497711420059204
1.6185357570648193
1.4667325019836426
1.3029520511627197
1.6085591316223145
1.6183116436004639
1.6375365257263184
1.4582717418670654
1.7215673923492432
1.6422653198242188
1.3137052059173584
1.488924264907837
1.3077397346496582
1.729109525680542
1.3937954902648926
1.5510599613189697
1.3319318294525146
1.6368041038513184
1.679417610168457
1.4782450199127197
1.7379612922668457
1.3118884563446045
1.6083157062530518
1.464257001876831
1.5307581424713135
1.4205961227416992
1.6625134944915771
1.4071791172027588
1.7530198097229004
1.5942370891571045
1.4455225467681885
1.6488752365112305
1.6870718002319336
1.6682612895965576
1.7455158233642578
1.7369780540466309
1.5515978336334229
1.5443933010101318
1.5517632961273193
1.4356317520141602
1.4987573623657227
1.7336599826812744
1.5031659603118896
1.635249137878418
1.3632762432098389
1.2678987979888916
1.6158204078674316
1.3101186752319336
1.3307042121887207
1.2814304828643799
1.6419312953948975
1.3410065174102783
1.4113891124725342
1.5082590579986572
1.6442875862121582
1.289703607559204
1.5979726314544678
1.6883463859558105
1.6313648223876953
1.5963761806488037
1.6312296390533447
1.2994372844696045
1.704779863357544
1.5458474159240723
1.4969425201416016
1.7161359786987305
1.737093210220337
1.2675669193267822
1.6919312477111816
1.2727177143096924
1.3274991512298584
1.5448827743530273
1.4996874332427979
1.4418489933013916
1.3813056945800781
1.4464597702026367
1.3342170715332031
1.5900816917419434
1.549473524093628
1.508451223373413
1.5256788730621338
1.750006914138794
1.6242015361785889
1.334718942642212
1.6189887523651123
1.318223237991333
1.6490399837493896
1.6278150081634521
1.5311877727508545
1.2606568336486816
1.4390826225280762
1.2917745113372803
1.625138521194458
1.338407039642334
1.4276037216186523
1.291142463684082
1.6761014461517334
1.3711798191070557
1.6717052459716797
1.3479204177856445
1.509873867034912
