0.773951530456543
0.8517780303955078
1.0171689987182617
1.0812993049621582
0.9962136745452881
0.9351599216461182
0.8905360698699951
1.1731235980987549
0.9384505748748779
0.7891509532928467
1.1740994453430176
1.1269686222076416
0.7753381729125977
1.0441160202026367
1.2228055000305176
0.7564153671264648
0.8330919742584229
1.1097350120544434
0.8654358386993408
1.1369187831878662
0.9635348320007324
0.9191172122955322
1.2240335941314697
0.8957822322845459
1.0131003856658936
0.9484331607818604
1.0142502784729004
1.0072298049926758
0.8526031970977783
1.1976120471954346
1.0705387592315674
1.162959098815918
1.0669479370117188
1.0923047065734863
0.9852912425994873
0.9606420993804932
1.229224681854248
1.012787103652954
0.8495304584503174
1.1033985614776611
1.0698316097259521
0.8538780212402344
1.19173264503479
0.7999534606933594
0.9274857044219971
0.8865399360656738
1.2171268463134766
1.2127842903137207
0.7707388401031494
1.1132946014404297
0.8879673480987549
0.9615895748138428
1.221686601638794
0.9547481536865234
1.1170594692230225
1.2453887462615967
1.2138185501098633
1.1650891304016113
0.8617560863494873
1.0363264083862305
1.1909093856811523
1.1177923679351807
0.8588998317718506
0.9955263137817383
1.01106858253479
1.0906884670257568
1.2134826183319092
0.976982593536377
1.209313154220581
0.8414962291717529
1.2383270263671875
1.0821831226348877
0.9469888210296631
0.8998665809631348
1.0278959274291992
0.872992992401123
1.0956661701202393
1.133115291595459
0.8036351203918457
0.8168752193450928
0.8731963634490967
1.1458525657653809
1.0482466220855713
1.2112748622894287
0.9539220333099365
0.9697914123535156
0.8826961517333984
0.8023097515106201
0.8648889064788818
1.1948230266571045
0.8484988212585449
1.2454288005828857
1.1605501174926758
1.1946210861206055
0.8740291595458984
1.243985891342163
1.090017318725586
0.9676680564880371
0.902573823928833
1.104515790939331
1.2161829471588135
0.791851282119751
0.8326430320739746
0.76784348487854
1.1904525756835938
1.202493667602539
0.9104046821594238
1.125990867614746
1.179140329360962
0.9633638858795166
1.2281813621520996
1.1505041122436523
1.2031335830688477
1.2377126216888428
0.7535429000854492
1.1209847927093506
1.0403292179107666
1.0576300621032715
1.1606767177581787
1.1472196578979492
1.1099467277526855
0.9874374866485596
0.9671742916107178
0.9823586940765381
1.221179485321045
0.9794747829437256
1.1140954494476318
1.0248651504516602
0.9873559474945068
1.0638396739959717
0.9280328750610352
1.1551132202148438
1.1555535793304443
1.1345784664154053
0.8185639381408691
1.0295770168304443
0.995269775390625
0.8452074527740479
0.7765464782714844
1.0750842094421387
0.7630720138549805
0.9494678974151611
0.7579739093780518
1.036189079284668
0.9469780921936035
0.7870981693267822
1.0778577327728271
0.9586026668548584
1.0953240394592285
0.894345760345459
1.0606374740600586
1.1796646118164062
0.8763782978057861
1.1960923671722412
0.7546591758728027
0.8822565078735352
0.8574233055114746
1.015923261642456
1.2128477096557617
1.2000713348388672
0.9995524883270264
1.115091323852539
0.8764946460723877
0.8592112064361572
1.0065927505493164
0.9136152267456055
0.9767007827758789
0.951491117477417
1.1070373058319092
1.2299365997314453
1.209099292755127
1.240401029586792
0.9625852108001709
1.2279577255249023
1.187025785446167
0.8173525333404541
0.9715912342071533
1.2370049953460693
1.1908113956451416
1.2112958431243896
1.1742913722991943
1.1764423847198486
1.2275831699371338
1.104332685470581
1.1961500644683838
903.7690870761871
1.0197887420654297
1.0705370903015137
0.8918437957763672
0.7603728771209717
1.1855800151824951
0.8611066341400146
0.9645957946777344
1.2435708045959473
0.756572961807251
1.219205617904663
1.1717438697814941
0.9294524192810059
1.1420691013336182
0.8573992252349854
1.0480461120605469
0.992943525314331
1.2019469738006592
1.1761689186096191
0.8282291889190674
1.1881794929504395
1.2495059967041016
0.7804861068725586
1.1008226871490479
1.1010363101959229
1.0916540622711182
1.148214340209961
0.7511734962463379
1.0370616912841797
0.9055781364440918
0.943246603012085
1.037776231765747
0.9870479106903076
1.1668574810028076
0.9699304103851318
1.170750617980957
1.0362739562988281
0.790104866027832
0.7669355869293213
1.050748586654663
1.180497407913208
1.0042712688446045
0.8838167190551758
1.1951303482055664
0.7720673084259033
1.1976687908172607
1.0258533954620361
0.7691760063171387
1.1811108589172363
1.1948621273040771
1.1487281322479248
0.9205021858215332
1.0598576068878174
1.1083850860595703
0.885256290435791
0.7737905979156494
0.8833138942718506
0.8108816146850586
1.0233092308044434
0.8606076240539551
0.7771120071411133
1.0875556468963623
1.0622317790985107
1.0432956218719482
0.961622953414917
0.8805327415466309
1.0851407051086426
1.0395758152008057
1.0815629959106445
0.8449969291687012
0.9760122299194336
0.9724373817443848
0.9364955425262451
0.8052315711975098
1.0516257286071777
0.9413249492645264
1.1737346649169922
1.0514826774597168
0.9636199474334717
1.2190866470336914
0.9314782619476318
0.9481756687164307
0.980536937713623
0.9224855899810791
1.0349271297454834
0.8664891719818115
0.7731738090515137
1.0495927333831787
1.1062793731689453
0.8746616840362549
0.8607232570648193
0.9611742496490479
0.9237191677093506
0.7788205146789551
1.1002275943756104
0.9606702327728271
0.8270089626312256
1.1680095195770264
0.9352326393127441
1.0379974842071533
1.183711290359497
0.8058586120605469
1.2029001712799072
1.2419230937957764
0.9546706676483154
0.8759634494781494
1.0069782733917236
0.7534530162811279
0.8500819206237793
0.7614901065826416
1.0394835472106934
0.973074197769165
0.7989838123321533
0.904987096786499
0.9229543209075928
0.888392448425293
0.8885514736175537
0.8261408805847168
0.8859047889709473
0.977463960647583
1.2265493869781494
1.1068789958953857
0.8368959426879883
0.8184916973114014
0.8116030693054199
0.8340752124786377
0.8469517230987549
1.07020902633667
0.9355654716491699
0.9008326530456543
0.8169436454772949
1.063004493713379
0.836787223815918
0.847153902053833
1.1232640743255615
1.150115728378296
1.1724629402160645
0.946617841720581
0.9254419803619385
0.8984205722808838
0.952934980392456
0.8247079849243164
1.1981995105743408
0.8719708919525146
0.8341207504272461
1.1631441116333008
1.0697400569915771
0.8619275093078613
0.8410305976867676
0.8146746158599854
1.095308542251587
0.8807697296142578
0.966245174407959
0.8692033290863037
0.7585446834564209
1.212982177734375
0.7875247001647949
0.9352433681488037
1.0408737659454346
1.141526699066162
0.8540904521942139
0.9475343227386475
1.2384955883026123
1.0699374675750732
0.9761857986450195
0.8264288902282715
0.8405840396881104
1.1581387519836426
0.834557056427002
0.7573928833007812
1.1781575679779053
0.9954383373260498
0.8840992450714111
0.9810945987701416
0.9032034873962402
1.0467944145202637
0.8165879249572754
0.94075608253479
1.036226511001587
0.9657421112060547
0.82124924659729
0.8677163124084473
1.0146112442016602
0.7757060527801514
1.2322971820831299
1.0473623275756836
0.9890625476837158
0.8033604621887207
1.1218342781066895
0.8603551387786865
1.1613917350769043
1.2310805320739746
0.9657735824584961
0.7861578464508057
0.7749786376953125
0.8218011856079102
0.9366297721862793
1.1187779903411865
0.8164288997650146
1.12888765335083
1.0584943294525146
0.8340210914611816
1.2166757583618164
1.1286845207214355
0.9934930801391602
0.7889254093170166
1.0149621963500977
0.8632104396820068
1.1089544296264648
0.7899124622344971
1.091505527496338
1.01741361618042
1.1531169414520264
0.9832968711853027
1.24692964553833
1.2161128520965576
0.9994609355926514
1.151275873184204
0.8346397876739502
1.2429871559143066
0.7538392543792725
1.001178503036499
0.9171123504638672
0.9913849830627441
0.9552719593048096
1.143256425857544
0.757218599319458
0.8426480293273926
0.7837009429931641
1.0894885063171387
0.7732410430908203
1.1442034244537354
0.7598588466644287
0.8622820377349854
1.229407787322998
0.9220781326293945
0.9427721500396729
1.1738057136535645
0.9361944198608398
0.9117896556854248
0.8873927593231201
1.0816104412078857
0.9957149028778076
1.1495475769042969
946.8342921733856
0.8591017723083496
0.8451428413391113
0.8935959339141846
1.0151097774505615
1.1409938335418701
1.1360571384429932
1.0487568378448486
0.8460898399353027
0.863304615020752
1.0147883892059326
0.7887840270996094
0.8010375499725342
1.1450011730194092
0.9759125709533691
0.9866206645965576
1.1500093936920166
0.9155364036560059
0.7534818649291992
0.7881324291229248
1.169832468032837
1.020292043685913
0.8652348518371582
0.786452054977417
0.988445520401001
1.0128421783447266
0.7618076801300049
1.130946159362793
0.8296687602996826
1.1582605838775635
0.9800498485565186
1.186173677444458
1.2408170700073242
1.0127058029174805
0.9494655132293701
0.853219747543335
0.7889208793640137
0.7667214870452881
0.8371367454528809
1.1752333641052246
1.0073301792144775
0.9831399917602539
1.007378339767456
0.7826406955718994
1.2244725227355957
1.1665174961090088
1.2273757457733154
0.8512790203094482
0.8391177654266357
0.7727539539337158
1.142275333404541
0.9176549911499023
1.1470935344696045
0.8384678363800049
0.8540465831756592
0.7911784648895264
0.7942986488342285
1.2477271556854248
0.7941205501556396
1.0566866397857666
1.004728078842163
1.0360438823699951
0.8288953304290771
0.9268436431884766
1.0473980903625488
1.0287091732025146
0.8500821590423584
1.0744314193725586
0.9299356937408447
0.8543195724487305
1.1730930805206299
1.0020532608032227
1.1880362033843994
