1.972487211227417
1.897144079208374
1.9323511123657227
2.0329272747039795
1.9942471981048584
2.013803482055664
2.2473695278167725
1.7684352397918701
1.868246078491211
2.182317018508911
1.7890100479125977
1.9037184715270996
2.1442770957946777
2.0849382877349854
1.8328166007995605
1.8963255882263184
2.2526180744171143
2.2324836254119873
1.9601497650146484
2.221569776535034
1.9199798107147217
2.2466506958007812
1.9150662422180176
2.099085807800293
2.0014400482177734
2.1950113773345947
1.8236663341522217
2.0171830654144287
1.9111051559448242
1.8897922039031982
1.9010348320007324
2.2327535152435303
2.0487232208251953
2.20717453956604
2.011430263519287
1.9907996654510498
1.7593042850494385
1.8899626731872559
2.065441370010376
2.22694993019104
2.057725191116333
2.1142706871032715
1.7581546306610107
1.8361332416534424
1.8926217555999756
1.9028568267822266
1.9930899143218994
2.1705644130706787
2.193760871887207
1.8661386966705322
2.251993179321289
2.1369736194610596
2.115194797515869
2.195122003555298
1.8555700778961182
2.0633840560913086
2.086963176727295
1.8067872524261475
1.8075482845306396
2.2523813247680664
2.1776223182678223
1.8487021923065186
2.175096035003662
1.7767159938812256
2.0571930408477783
2.188382625579834
2.0484282970428467
2.242239236831665
1.8012089729309082
1.8805139064788818
1.8282816410064697
2.235985517501831
2.042259454727173
2.132066488265991
1.762678861618042
1.9141030311584473
2.0684008598327637
2.1348228454589844
2.0690762996673584
2.055586099624634
2.1194794178009033
1.8453197479248047
1.7966585159301758
2.15206241607666
2.0904674530029297
1.9923551082611084
1.9624271392822266
1.7885818481445312
2.0785930156707764
1.9876437187194824
2.0408928394317627
2.038034439086914
2.205960273742676
1.914954662322998
1.9365100860595703
1.7822487354278564
1.9345576763153076
1.918592929840088
2.038057327270508
1.8395233154296875
1.926217794418335
2.0263845920562744
2.0391016006469727
2.079197406768799
2.2125442028045654
1.8017687797546387
1.8241372108459473
1.7956223487854004
1.8683090209960938
2.2479419708251953
1.993532657623291
2.1547887325286865
1.8883464336395264
1.856144666671753
2.186530828475952
2.1005001068115234
1.952805995941162
2.21348237991333
1.9811058044433594
2.1429073810577393
2.0078446865081787
1.7799208164215088
2.1403021812438965
1.7664737701416016
1.7813637256622314
1.823162317276001
1.8538987636566162
1.8819537162780762
2.0165538787841797
1.8175275325775146
2.0692920684814453
1.7894198894500732
1.8266394138336182
2.1085336208343506
2.0078532695770264
2.002805471420288
1.9122552871704102
1.852466344833374
2.132763147354126
1.9052424430847168
1.776015281677246
2.0326201915740967
1.8235969543457031
1.836353063583374
1.8769595623016357
2.143589735031128
1.983060598373413
2.195857286453247
2.1366798877716064
2.184910535812378
2.2208266258239746
1.786313772201538
2.1706531047821045
2.053957223892212
1.982055902481079
1.8038132190704346
2.2255780696868896
2.189905881881714
2.0573956966400146
2.068105936050415
2.0782358646392822
2.0995900630950928
2.2231152057647705
2.038646697998047
1.8565714359283447
2.1824069023132324
1.791079044342041
1.9326493740081787
1.7626075744628906
2.229017496109009
2.2503044605255127
2.026493549346924
1.9162037372589111
2.0132832527160645
2.024289608001709
2.071103811264038
2.189528226852417
2.0618269443511963
2.2128560543060303
2.146928310394287
1.9305412769317627
2.1461775302886963
2.2178826332092285
2.2257180213928223
1.894507884979248
1.8373725414276123
1.8636376857757568
2.1506223678588867
2.2489302158355713
2.1959609985351562
2.129164695739746
1.9888503551483154
2.0982959270477295
2.0967137813568115
1.9026658535003662
2.0533387660980225
2.194974422454834
2.046204090118408
1.8796062469482422
2.0646278858184814
1.8429968357086182
2.2387287616729736
2.224917411804199
2.1584789752960205
2.0166523456573486
1.949568271636963
1.850865364074707
1.9376347064971924
2.219102144241333
2.2107551097869873
1.8346552848815918
1.7989683151245117
1.948185682296753
2.125831365585327
2.10732102394104
2.125654458999634
2.1091980934143066
1.88606595993042
2.2056729793548584
1.8531734943389893
2.176724672317505
2.002176523208618
1.867319107055664
1.9031038284301758
1.9298670291900635
1.8620550632476807
2.0526328086853027
2.0543711185455322
2.0516114234924316
2.1978180408477783
1.8468315601348877
1.8483309745788574
2.067873477935791
2.127739667892456
1.8143110275268555
2.0925514698028564
1.971543788909912
1.965435266494751
2.1438684463500977
2.227747678756714
2.091853618621826
1.9702863693237305
2.0458669662475586
2.075815439224243
1.990602970123291
1.9524993896484375
2.1038706302642822
2.2253661155700684
1.8486533164978027
1.802675485610962
2.01598858833313
2.1953649520874023
1.9619927406311035
2.2482566833496094
1.9584050178527832
1.9818379878997803
2.073901891708374
2.0070478916168213
1.8834362030029297
2.2231009006500244
1.953608751296997
2.068030595779419
2.1407623291015625
2.179068088531494
1.8903467655181885
2.1086771488189697
1.853445291519165
2.139036178588867
2.1680288314819336
2.0039875507354736
1.9620106220245361
2.2340476512908936
1.8873875141143799
1.902137279510498
2.2293035984039307
1.9307880401611328
2.1934444904327393
1.985762119293213
2.2295851707458496
1.920253038406372
1.830263376235962
1.9660205841064453
1.8591413497924805
1.9353771209716797
2.018314838409424
2.072417974472046
2.2400224208831787
1.8316645622253418
1.8574626445770264
2.00817608833313
1.9098238945007324
2.1771912574768066
1.914135217666626
2.118995428085327
2.196871757507324
1.8703110218048096
1.806258201599121
1.90386962890625
1.991999864578247
1.884896993637085
2.2374398708343506
2.091468095779419
1.7841413021087646
1.9467201232910156
1.9388883113861084
1.7824068069458008
2.135664224624634
1.9438061714172363
1.759871006011963
2.214480400085449
1.997645616531372
2.1953256130218506
1.7654564380645752
1.7551798820495605
1.7704427242279053
2.2306644916534424
2.1486728191375732
1.9316179752349854
1.9134175777435303
2.2526488304138184
2.2401297092437744
1.8631312847137451
2.062796115875244
2.0707321166992188
2.043891429901123
2.0735464096069336
1.9425947666168213
1.8306660652160645
1.878389596939087
1.8055481910705566
2.185014247894287
1.9090077877044678
2.0457956790924072
2.163015842437744
1.799480676651001
2.143101215362549
2.071673631668091
1.9834396839141846
2.0499954223632812
1.9015161991119385
1.9231452941894531
1.8419721126556396
2.210219383239746
1.8263587951660156
1.8817214965820312
2.0689191818237305
2.0069351196289062
2.0286827087402344
2.0960006713867188
2.006563425064087
2.080430507659912
1.9565045833587646
2.0198380947113037
2.0981831550598145
2.0583655834198
2.049727201461792
2.2554075717926025
2.2286088466644287
2.1580474376678467
2.192379951477051
2.123281240463257
1.9781036376953125
1.8596727848052979
2.1839544773101807
2.0059430599212646
2.1609115600585938
2.2153093814849854
2.054527997970581
2.021728515625
1.7952001094818115
1.9829790592193604
2.036501884460449
2.156005382537842
2.1325435638427734
1.9404950141906738
1.897442102432251
2.193455934524536
1.9179072380065918
2.19966197013855
1.9716567993164062
2.0667624473571777
1.7718734741210938
1.8605027198791504
1.7624211311340332
2.1332056522369385
1.8938043117523193
2.0259292125701904
2.1996846199035645
1.870908260345459
2.0298304557800293
1.8172807693481445
1.9701225757598877
1.8779573440551758
2.1576504707336426
1.9762768745422363
2.175581693649292
1.8672065734863281
1.8411436080932617
1.9171676635742188
1.9192967414855957
2.0532562732696533
2.1164255142211914
2.1261789798736572
1.7530574798583984
2.0438897609710693
1.8313617706298828
2.1683995723724365
1.9590644836425781
2.1798300743103027
2.0712032318115234
1.8815174102783203
2.2406792640686035
2.1298329830169678
2.183018445968628
1.9354052543640137
1.841036081314087
2.2502942085266113
1.795095443725586
1.9861211776733398
2.1638848781585693
1.9441313743591309
2.2353596687316895
2.116875410079956
2.062035083770752
1.9665403366088867
2.025848388671875
2.15083646774292
2.2372918128967285
1.8314471244812012
1.7588396072387695
2.0256781578063965
1.9207565784454346
1.908452033996582
1.8425185680389404
2.065964460372925
2.1237409114837646
2.1125409603118896
2.15081787109375
2.0168910026550293
2.1485671997070312
1.780684232711792
1.8304855823516846
1.9003887176513672
2.013247013092041
1.855405330657959
1.8321092128753662
2.0380730628967285
2.141475200653076
2.1323349475860596
2.200639486312866
1.9401443004608154
2.2439234256744385
1.8774735927581787
2.0523455142974854
1.7920200824737549
2.13496732711792
1.9452486038208008
1.9989044666290283
2.2212746143341064
1.7690494060516357
2.04551100730896
1.9387474060058594
2.0120363235473633
2.1251823902130127
2.0042731761932373
2.095656394958496
2.086127758026123
1.8352947235107422
2.089909553527832
2.192986488342285
1.8183846473693848
2.059443950653076
1.9616117477416992
2.1836719512939453
2.0835814476013184
2.185323715209961
2.2405214309692383
1.9570069313049316
2.192415237426758
2.0302200317382812
2.2269134521484375
1.9696600437164307
2.2074339389801025
2.22507905960083
2.0293803215026855
2.1479103565216064
1.8037824630737305
2.134324550628662
1.9120442867279053
1.7754998207092285
2.054379463195801
1.976430892944336
1.8052270412445068
2.036691188812256
2.128624200820923
1.9000320434570312
1.8734169006347656
1.9751677513122559
1.8131258487701416
1.9654765129089355
2.12851619720459
2.095733642578125
2.2522945404052734
1.8720495700836182
1.803938865661621
1.9712293148040771
1.9298899173736572
1.76338791847229
2.1605615615844727
2.0813515186309814
2.129732847213745
1.9222819805145264
2.181164264678955
2.0275824069976807
2.208709955215454
2.058824300765991
2.056563377380371
1.8494315147399902
1.967188835144043
1.814516305923462
2.151968002319336
1.873426914215088
2.0437581539154053
1.9987175464630127
2.006847858428955
1.8745388984680176
1.7996394634246826
1.8515686988830566
1.9262447357177734
1.9106297492980957
1.816319465637207
1.9357929229736328
1.9693219661712646
2.24548602104187
2.0539846420288086
2.254758358001709
1.9702489376068115
2.138786554336548
2.136622428894043
2.2325618267059326
2.2151472568511963
2.140991687774658
2.048617362976074
2.0165255069732666
2.016589641571045
2.015594005584717
1.9214682579040527
2.2479567527770996
1.9737203121185303
1.8430571556091309
2.124267339706421
1.7951788902282715
2.226130723953247
1.8792626857757568
1.9710502624511719
2.0606682300567627
1.8076648712158203
1.952057123184204
2.0583982467651367
1.7753326892852783
1.7676069736480713
2.028571844100952
2.1078994274139404
2.013002872467041
1.7592756748199463
2.0575835704803467
1.9467926025390625
2.199288845062256
2.246159553527832
2.096212148666382
2.1881303787231445
2.2531838417053223
1.8817005157470703
2.1666977405548096
2.1009860038757324
2.2316839694976807
1.7827112674713135
1.8597383499145508
1.9272916316986084
2.057537794113159
2.075313091278076
1.8766670227050781
2.1913535594940186
1.8996009826660156
2.2244038581848145
1.95770263671875
2.2252182960510254
1.8960845470428467
2.243650197982788
1.8705565929412842
2.1293904781341553
1.960892915725708
2.2681033611297607
1.7951138019561768
1.9642853736877441
1.9429347515106201
2.0766823291778564
1.9130947589874268
1.8964126110076904
2.1315345764160156
1.8907341957092285
2.0199313163757324
2.1935014724731445
1.8934540748596191
1.9670462608337402
1.7599883079528809
2.250748872756958
1.787916660308838
2.031121015548706
2.020259141921997
2.213477849960327
1.784470796585083
2.218242883682251
2.219194173812866
2.1138851642608643
2.1025354862213135
2.2192108631134033
1.895397663116455
2.1580662727355957
2.1393468379974365
2.0816807746887207
2.149961471557617
1.9083914756774902
1.9659852981567383
2.063832998275757
2.2073569297790527
2.230595350265503
1.9882473945617676
1.9089882373809814
1.8871304988861084
2.0445375442504883
1.8618316650390625
1.8603334426879883
1.9062161445617676
2.1332406997680664
2.2281606197357178
2.1787970066070557
1.9535248279571533
2.1423614025115967
1.8188302516937256
2.0062270164489746
2.1456730365753174
2.131679058074951
2.2051334381103516
2.1496927738189697
1.8751404285430908
2.1692705154418945
2.211378812789917
1.8172647953033447
2.176204204559326
2.2058348655700684
2.0625109672546387
2.166545867919922
2.209873676300049
2.234931230545044
2.004567861557007
1.8501272201538086
1.8811304569244385
1.8384416103363037
1.8021585941314697
1.9717299938201904
2.1519827842712402
1.8379852771759033
2.1313180923461914
1.8575942516326904
2.237079620361328
1.997166395187378
2.1916730403900146
1.9490888118743896
2.1891894340515137
2.094226121902466
1.7907981872558594
2.0297744274139404
2.1141910552978516
2.079268455505371
1.7821629047393799
2.1308326721191406
2.2469875812530518
2.009847402572632
1.9469821453094482
2.2490060329437256
2.13956880569458
2.0215578079223633
2.0176308155059814
2.0352087020874023
2.1299703121185303
1.940793514251709
2.2125589847564697
2.0097310543060303
2.0133392810821533
2.2172420024871826
2.188464403152466
2.000068187713623
1.9650917053222656
2.175006866455078
1.8856816291809082
1.787041187286377
2.2205986976623535
1.944871187210083
1.8185217380523682
2.1894166469573975
2.2487096786499023
1.9687762260437012
1.7894437313079834
1.9723718166351318
2.0981874465942383
2.0834178924560547
1.809797763824463
1.9281775951385498
1.9479026794433594
1.8590493202209473
1.9833717346191406
2.000523328781128
2.167759895324707
2.2230446338653564
1.968782663345337
2.206536054611206
1.8774805068969727
1.9561238288879395
2.132080554962158
1.7668218612670898
2.0519065856933594
2.1495795249938965
2.0512800216674805
2.0464961528778076
2.129394292831421
2.0084304809570312
1.9828343391418457
1.9606554508209229
2.2107205390930176
1.9942591190338135
1.981935739517212
2.214169979095459
2.2214784622192383
2.0532467365264893
2.0301918983459473
2.038684606552124
2.1913115978240967
2.146980047225952
1.9184093475341797
1.875535249710083
2.2072458267211914
1.8729486465454102
1.9043877124786377
2.1650445461273193
1.94633150100708
2.0493111610412598
1.9412808418273926
2.1460683345794678
2.0543665885925293
1.8117010593414307
2.1030454635620117
2.1211981773376465
2.130220890045166
2.1425631046295166
2.083292007446289
2.060471773147583
2.1936237812042236
1.9405853748321533
1.9775011539459229
2.06030011177063
2.1744773387908936
2.116056203842163
1.894465446472168
2.1240406036376953
2.0146586894989014
2.051243305206299
2.0507781505584717
1.9421980381011963
2.08866810798645
1.9887104034423828
2.2051942348480225
1.870595932006836
1.8095688819885254
2.025495767593384
2.246936321258545
1.7610821723937988
2.119734525680542
1.8397154808044434
2.0470428466796875
1.8585889339447021
2.0337674617767334
2.0530920028686523
2.2117676734924316
1.784043788909912
2.144960641860962
2.2511003017425537
1.7906060218811035
1.9592621326446533
2.0647926330566406
2.0314228534698486
1.7647850513458252
2.2440989017486572
2.184521198272705
1.7713630199432373
2.2485194206237793
2.2018942832946777
1.7735869884490967
2.039766311645508
1.859760046005249
1.8984227180480957
2.183759927749634
2.0594658851623535
1.8255183696746826
1.985720157623291
2.232311964035034
1.9583537578582764
2.162325859069824
1.9376180171966553
2.2155814170837402
2.1176295280456543
1.936136245727539
2.1535022258758545
1.823399305343628
1.7611887454986572
2.047088146209717
1.8746082782745361
1.9712600708007812
2.2353436946868896
1.784376621246338
2.0386016368865967
1.8007047176361084
2.0924582481384277
1.9747226238250732
2.0019607543945312
1.9206910133361816
1.9486315250396729
1.7865417003631592
2.0463805198669434
2.2462854385375977
1.834963321685791
2.0760293006896973
1.8544836044311523
2.091416120529175
1.8990402221679688
2.1508572101593018
1.9568300247192383
2.0025737285614014
2.0343129634857178
1.9196531772613525
1.8419270515441895
2.209373712539673
1.7937521934509277
1.8322999477386475
2.051851511001587
1.9449551105499268
1.871751070022583
2.01346755027771
2.071633815765381
2.0565998554229736
2.0639123916625977
1.926835298538208
1.8942806720733643
2.132598638534546
2.1439900398254395
1.9111080169677734
1.8091933727264404
2.1604747772216797
1.7678008079528809
1.9205000400543213
2.204519271850586
2.0911996364593506
2.238931179046631
2.1724867820739746
2.1312808990478516
1.9056298732757568
1.7995553016662598
2.204859495162964
2.1244149208068848
1.9462194442749023
2.0241799354553223
2.2035858631134033
2.036339282989502
2.159696102142334
1.9834113121032715
2.152984380722046
1.8404581546783447
1.8429362773895264
2.1344170570373535
2.261916399002075
2.2001185417175293
2.0945935249328613
2.112915277481079
1.9521958827972412
1.8070895671844482
1.9420692920684814
1.8897745609283447
1.7713916301727295
2.0499184131622314
2.0487563610076904
2.114318609237671
1.7885162830352783
2.1137773990631104
2.2356350421905518
2.0093154907226562
1.8066294193267822
2.203765630722046
1.8821499347686768
2.134028434753418
2.0941150188446045
2.064523935317993
2.165034532546997
1.755317211151123
1.8215672969818115
2.184980630874634
2.084679365158081
1.7667593955993652
2.0489165782928467
2.2163398265838623
1.8089044094085693
2.2121527194976807
1.7770812511444092
2.258486032485962
2.231259346008301
1.8451111316680908
2.011216878890991
1.9609169960021973
1.9526565074920654
1.96230149269104
2.2284743785858154
2.1961894035339355
1.7891910076141357
1.8721399307250977
1.7982940673828125
2.1273956298828125
2.0699028968811035
2.1095259189605713
2.110562324523926
2.218229055404663
1.9068899154663086
1.8000786304473877
1.8599114418029785
2.0325918197631836
1.9821758270263672
1.9706575870513916
1.973071575164795
2.011125087738037
1.8318157196044922
1.9765989780426025
2.0900325775146484
1.7920641899108887
1.9009127616882324
2.1105594635009766
2.0518434047698975
1.755650281906128
2.130603313446045
1.7828359603881836
1.8243741989135742
1.791078805923462
2.0442240238189697
1.7805461883544922
2.0378031730651855
1.8370060920715332
2.1896684169769287
1.8571348190307617
2.0638415813446045
1.8922173976898193
1.8882441520690918
1.9292664527893066
1.8093390464782715
1.9043421745300293
2.2482705116271973
1.8382720947265625
2.0999011993408203
2.023902416229248
2.2241296768188477
1.7637200355529785
1.8575448989868164
2.191530227661133
2.093991756439209
1.8994028568267822
2.206413507461548
2.1728930473327637
1.9745690822601318
1.7614538669586182
1.79256272315979
1.818437099456787
1.8421428203582764
2.0505239963531494
1.8101861476898193
2.1828994750976562
1.800912857055664
2.0631072521209717
1.7622897624969482
2.223517656326294
1.8014755249023438
2.1155316829681396
2.124415159225464
2.1993181705474854
1.7677600383758545
2.2060022354125977
1.809117078781128
2.1611032485961914
1.991286039352417
2.0827865600585938
2.222627639770508
2.065519094467163
1.9937267303466797
1.7680490016937256
1.7769687175750732
1.974006175994873
2.232591390609741
1.9909682273864746
1.7764604091644287
1.9552369117736816
1.972628116607666
1.916835069656372
2.187546491622925
1.8006150722503662
2.1889138221740723
2.0842514038085938
2.2132668495178223
1.8168368339538574
1.8007795810699463
