4.08108595744574,1280.0,0.958431272755842,1.0,4.640420543981659
9.918014634807646,3840.0,0.0,0.0,26.844404768793076
3.0253621917488434,1280.0,0.8841796638708423,1.0,3.863398288116959
7.058129863701037,3840.0,0.24828264655029358,1.0,21.110675307823048
10.278375912163478,3840.0,3.3516522693897524,2.0,30.509836069363278
8.590797531938149,3840.0,0.8920153361867882,1.0,24.87787825772562
8.58046841581579,3840.0,1.2938954468101054,1.0,25.890040302710013
7.500036028274916,3840.0,0.8843225221126461,1.0,23.18062452609158
10.366277613018296,3840.0,3.144482672029567,2.0,29.812379479455448
8.985098596662235,3840.0,0.874882249646723,1.0,26.79338219008436
6.074249061612381,3840.0,0.7478548702977071,1.0,17.160913266182597
10.384766506587358,3840.0,1.4113248269543448,1.0,28.654533604711197
6.839860960065058,3840.0,0.7331423126861514,1.0,18.237226242247864
7.618773356677129,3840.0,0.0,0.0,21.186275022797098
6.498429453448725,1280.0,2.7274718138677647,2.0,6.833134779306334
8.41439013560835,3840.0,0.0,0.0,23.186523082459317
8.758529537941094,3840.0,1.8267863438670724,1.0,24.620201095078418
8.62140660550241,3840.0,1.1533299256043241,1.0,25.07140751086422
8.607388692036551,3840.0,0.89050309761929,1.0,24.377293272886515
9.073532857532575,3840.0,0.7350606271356699,1.0,25.185640636539077
7.851192208809151,3840.0,0.465122715686895,1.0,21.71189026167547
2.481801981704659,1280.0,1.2116908729880849,1.0,2.93879212968545
10.129873305585779,3840.0,0.3863905673899293,1.0,25.77047252587171
9.714189242164952,3840.0,0.3760798262205412,1.0,28.765493093765215
9.819705435685329,3840.0,1.4837872583538985,1.0,29.95893444338498
11.310398717606708,3840.0,0.27064265110632413,1.0,30.131494180350586
7.1564849893679305,3840.0,0.9084087733783859,1.0,19.484607100633774
8.299645041193834,3840.0,0.0,0.0,20.866210062421764
7.7126585855112495,3840.0,0.9030646038194636,1.0,21.555100137586606
8.333636974430156,3840.0,0.7969773134473876,1.0,24.25047211924437
7.595676968388851,3840.0,0.7084643777037867,1.0,22.14669023234788
6.277633507212475,3840.0,0.399362899419402,1.0,16.847175737470927
9.517830856792433,3840.0,0.7500756478559815,1.0,24.93566693323029
7.555742557450936,3840.0,0.3395439288388119,1.0,22.641223721652462
8.530462633716756,3840.0,3.46157492574321,2.0,25.74279128344815
6.292421507163621,3840.0,0.0,0.0,17.899061779398846
9.653812557715728,3840.0,1.0989814033055456,1.0,29.070056023697585
9.866794095202913,3840.0,0.0,0.0,26.058992741241262
9.115412710469887,3840.0,1.573356529117041,1.0,24.496010260074645
8.590121465754684,3840.0,1.104458660905413,1.0,26.324354181642768
10.431162590522696,3840.0,0.6596087257275001,1.0,29.6194425053037
9.448669300454718,3840.0,1.6166443866876286,2.0,25.22435914589951
9.657633736003714,3840.0,0.9598030867314282,1.0,26.939629228029336
9.301129324325723,3840.0,1.3230336845380968,1.0,27.93958968566554
7.923663937397652,3840.0,0.3095700358919763,1.0,20.699006567804062
12.244400474175986,3840.0,2.4872741011401804,2.0,34.774644351676066
10.515024466827471,3840.0,1.0635163421187834,1.0,31.251722708162795
9.141682303322781,3840.0,0.24485642382828315,1.0,25.692134106251718
9.58023133257295,3840.0,0.48517234211249605,1.0,26.09132175541235
8.053602296680154,3840.0,0.38365948131678934,1.0,22.768182204752136
7.096778077951754,3840.0,0.4676975543208486,1.0,19.87012842640489
8.266261481132585,3840.0,0.2784036988383163,1.0,23.851574516477722
8.928727798333579,3840.0,0.24015007392621174,1.0,24.22180884544449
7.966836045613478,3840.0,0.536702453358345,1.0,24.136080509036073
6.812852588012018,3840.0,1.0970032036715796,1.0,18.84310058610403
8.92238316154199,3840.0,0.627565224485677,1.0,24.56643252697894
4.991911271204109,1280.0,2.2540090805142983,2.0,5.319789702659207
11.637521402896908,3840.0,4.108828182106073,2.0,36.77310791139402
9.281329462874147,3840.0,0.0,0.0,25.80516756072369
10.504707963309011,3840.0,1.0062200852256928,1.0,27.524809428769167
8.380018722389993,3840.0,0.6973975820774215,1.0,23.521198629240143
5.904855817337673,1280.0,2.7091345584241724,2.0,6.264024430832426
12.684328933922346,3840.0,2.1647060289751665,1.0,37.76995761666636
7.700181218619431,3840.0,1.5192231733624724,1.0,21.082423553127406
6.809573200798394,3840.0,0.2530197694988327,1.0,19.90309661995115
6.6659983042267354,3840.0,0.0,0.0,18.203418888409697
10.309157104665205,3840.0,0.2566539962991209,1.0,29.789741124137734
9.161362721806283,3840.0,0.22193308113061594,1.0,25.498591909460146
10.836163670754816,3840.0,0.5517233270282819,1.0,29.680530209828007
5.671216846443326,1280.0,3.4247785230580963,2.0,6.458990889020207
8.866577554284472,3840.0,0.8543509728911354,1.0,26.451915861260606
9.920958361036314,3840.0,0.595289286049141,1.0,27.52765222325032
9.602905213530272,3840.0,0.0,0.0,25.92579998907368
9.278475961391216,3840.0,1.4306163905337423,1.0,26.66411580720687
5.93532274307097,3840.0,1.12351273699654,1.0,18.456359203695587
8.362157843905209,3840.0,0.0,0.0,21.80265854559618
9.027703023213183,3840.0,0.6710334505712287,1.0,24.898449933570614
6.510620588349516,3840.0,0.8504019845838602,1.0,19.81742851038144
5.243295831220924,1280.0,0.7267491956272609,1.0,5.932026729018049
8.775496190293852,3840.0,0.7286234345810085,1.0,25.82098032874997
9.679113499883172,3840.0,0.7472242423516696,1.0,27.196390657591955
9.176844904096173,3840.0,0.4069671743287937,1.0,25.989604896478316
7.646525460676392,3840.0,0.0,0.0,18.69026117714221
8.98460402282733,3840.0,1.144631258483261,1.0,24.900485256665185
3.8680213087692223,1280.0,0.9427314840035907,1.0,3.8327987956483307
12.005629138495408,3840.0,3.0816585853415956,2.0,35.55253076622177
9.442005111462485,3840.0,1.2490757538187327,1.0,26.271294277229746
6.058539237632459,3840.0,1.1108761018125404,1.0,18.841002033687836
12.76263227685269,3840.0,3.5344485140596107,2.0,38.98459817895174
8.514131442412156,3840.0,0.3877970241511499,1.0,24.886962136085046
9.422266445476891,3840.0,1.3102969345913573,1.0,26.392298669088472
7.478787351836006,3840.0,0.0,0.0,20.57377986789153
6.516606247699874,3840.0,1.1800349467774827,1.0,20.0055893293291
10.86009598259538,3840.0,2.8610153333740893,2.0,31.62308486927875
8.177191882480786,3840.0,1.8672470041116136,2.0,24.237858166870677
11.326300470422867,3840.0,3.308396294991468,2.0,35.38780577948921
8.616739261459829,3840.0,0.970997086193244,1.0,24.492187233616363
8.10916147543497,3840.0,0.0,0.0,23.285969590576357
8.804332469115018,3840.0,0.8818909478162819,1.0,25.426841514141223
8.074129836313887,3840.0,0.5639876165404025,1.0,21.215272859121605
10.315417849085273,3840.0,1.2979753693487184,1.0,31.421333214763372
8.37244830330834,3840.0,0.09803189827376751,1.0,21.23937920630204
9.236686211019407,3840.0,0.49673553286453714,1.0,26.11697672346933
11.825968831343463,3840.0,1.056793769891938,1.0,34.694236623167136
10.836036469143277,3840.0,2.1816530176828204,2.0,29.852819188898575
9.450571645325557,3840.0,0.8342941479740197,1.0,28.027648446653554
9.73514144120429,3840.0,2.62923382788241,2.0,29.467081764493603
9.678635510471185,3840.0,0.2780776430147589,1.0,26.383708346118443
6.418546237275173,3840.0,0.0,0.0,18.565862572039414
11.48688945161184,3840.0,0.7327662656224272,1.0,32.83345547977617
9.868448367229588,3840.0,0.44946521198530587,1.0,25.185057385412446
8.367151008325934,3840.0,2.744995377967822,1.0,19.072109763565862
6.690141413362711,3840.0,0.9928594660284016,1.0,19.65443245256273
8.958132815894782,3840.0,0.19739905160176097,1.0,24.300242569832868
10.115323171101299,3840.0,1.7338307232313563,2.0,29.821026291098075
9.691529326524012,3840.0,0.5246582907041498,1.0,26.098347874872506
9.880434278104211,3840.0,0.0,0.0,26.253196856227813
8.27360162415411,3840.0,1.2880824503094757,1.0,23.384205295942916
7.048781859857996,3840.0,0.0,0.0,20.57376602739999
6.914039755230656,3840.0,0.7379351220377426,1.0,21.1957377317116
9.79533792098407,3840.0,1.0833292521224493,1.0,28.0453077775345
9.233732286772488,3840.0,0.4737643765085558,1.0,27.661553716170527
6.978172741770369,3840.0,0.26200629983889456,1.0,20.66559007150047
10.02731549091952,3840.0,0.6769695156003941,1.0,26.488760513184722
7.453089591113908,3840.0,0.935748644112346,1.0,19.36111525530785
4.114771334686197,1280.0,2.083436106177741,2.0,4.703535255535284
9.63273687149563,3840.0,3.0077954773155904,2.0,31.342513166492182
9.163827635713531,3840.0,0.774711957449653,1.0,26.596490979861766
10.220958409093857,3840.0,1.107103875923988,1.0,27.565011466105393
13.951823596108413,3840.0,3.8121491823966993,2.0,40.71500698300239
4.666716260074635,1280.0,1.5563763077701114,1.0,5.016403896549958
8.288170567307024,3840.0,0.14869577223429786,1.0,22.1650020799348
8.335083336952977,3840.0,0.0,0.0,24.500388945386653
7.324569596887327,3840.0,0.4681674191820134,1.0,19.19435476505884
8.110353364979531,3840.0,0.30292798508489766,1.0,24.064980124674353
7.389946282699046,3840.0,0.03680093408820806,1.0,21.05839001492738
11.332069261387417,3840.0,1.8970644472174572,1.0,32.37167848984194
8.218518877014887,3840.0,1.0176018772866984,1.0,22.944784513235746
7.027575376769361,3840.0,0.632714225203036,1.0,21.69053890385984
5.838916943960262,3840.0,0.5681037744469359,1.0,19.34154706588118
9.028769992605556,3840.0,1.4933274807352621,1.0,24.838933549716597
9.619333639715327,3840.0,2.09224873053074,2.0,29.261778589221418
8.614944460954309,3840.0,0.5347586239818137,1.0,25.203652297613367
7.465266553922998,3840.0,0.0535542848812805,1.0,21.218376180049564
9.097638470545752,3840.0,0.5919894819670408,1.0,27.455931148216063
9.05863786082597,3840.0,0.7020182344351291,1.0,23.873731986245883
8.945538847473662,3840.0,1.017879736715744,1.0,26.402645606397193
8.384437052998404,3840.0,0.7199757007873069,1.0,24.3352764089736
11.094616042676144,3840.0,2.965818092467131,2.0,33.723342261701546
9.920420923968958,3840.0,0.1492586716042174,1.0,26.23741604140099
11.300984750080577,3840.0,0.1546579045335829,1.0,31.788927096196247
7.369337915908157,3840.0,0.2855103068092914,1.0,19.97935704848485
3.5664438976616704,1280.0,0.7299018639550727,1.0,4.399393201991686
10.535095225175061,3840.0,1.8387313686949973,2.0,30.488987539454804
8.999649248418931,3840.0,0.2513408628933659,1.0,25.325215725213532
5.48638622609108,1280.0,2.6534860668194966,2.0,6.104648335659472
9.12211932800756,3840.0,0.35899798338059064,1.0,23.288745189357186
6.986866339182333,3840.0,0.07204849007918779,1.0,17.628791969226985
7.673801885885874,3840.0,0.24678813639899633,1.0,21.193819559621385
8.005441102183944,3840.0,0.6616164167750263,1.0,23.512695191427795
7.261142092551223,3840.0,0.0,0.0,19.371311432734164
5.7887857077756735,3840.0,0.0,0.0,17.336810361145037
5.316494022099842,1280.0,1.1238929063729624,1.0,6.032179562607044
10.691581064810453,3840.0,3.079683791836959,2.0,31.455531941420663
11.31817638682087,3840.0,1.2744519283454931,1.0,32.63170182416345
10.654046875170541,3840.0,2.645076024498216,2.0,30.33058765866048
10.752858164824007,3840.0,2.057955414629341,1.0,32.20171656856523
6.17775872822846,1280.0,3.708260926512365,2.0,6.393662740988459
8.070793600149392,3840.0,2.473415894282735,2.0,25.165333121859483
9.903966150283972,3840.0,0.9320422102122252,1.0,29.527524988006384
8.12473815584914,3840.0,1.0766230696242558,1.0,23.064433514898923
11.663227574873908,3840.0,0.5677627211202901,1.0,32.59692749560478
7.855225035283279,3840.0,0.15268043001687376,1.0,20.281837436876845
9.265650110381994,3840.0,1.2909866494508395,1.0,24.2843609757996
12.08088371292237,3840.0,2.707804561093542,2.0,35.250635727278706
9.783556955155722,3840.0,3.3982610228483985,2.0,31.822188089118995
5.576768793467061,1280.0,1.621657174856159,1.0,6.4964192044381734
7.657009936832196,3840.0,0.9333715363646063,1.0,20.417935363802062
6.493667639672967,3840.0,0.18961517192769617,1.0,21.00626205229455
7.25424897842015,3840.0,0.85395872818816,1.0,20.022171445809914
7.915453221575639,3840.0,1.1978775349158084,1.0,26.188460113171903
11.1280663415789,3840.0,1.2705171237848045,1.0,32.4743167912221
8.615082933743674,3840.0,0.264202151035894,1.0,24.41525672982097
7.855319649062774,3840.0,0.6473136177773928,1.0,22.417515432237412
8.370701098434703,3840.0,1.184874299774112,1.0,24.62010177192655
7.612974163876023,3840.0,0.3007212983645792,1.0,21.311093315998455
11.019200616744318,3840.0,2.793678240948031,2.0,31.70938445596459
8.33576510044294,3840.0,0.9679483905941398,1.0,23.966057567839652
11.580671386846792,3840.0,3.468023246316372,2.0,34.12937539484768
7.299165525922774,3840.0,0.416664518066595,1.0,21.78627684929609
4.093235407961416,1280.0,1.2489604327484178,1.0,4.21751004241285
6.38697913543689,3840.0,0.0,0.0,17.81500503914887
7.399352151100313,3840.0,0.5701498037812677,1.0,18.979384959667637
8.658791636147331,3840.0,0.5517857173387164,1.0,23.57677989243943
9.371915262035257,3840.0,1.0108432883317136,1.0,26.40358228611878
9.261493638871888,3840.0,1.3055794646790242,1.0,23.931939018212972
10.105976480876318,3840.0,1.4984975355117254,1.0,28.34267680583727
7.775290374575231,3840.0,0.0,0.0,20.449938126137667
11.046227218364105,3840.0,2.2370494787320014,1.0,33.21132856152305
7.987955394843349,1280.0,3.706615422597348,2.0,8.563589846842833
8.672138925941686,3840.0,0.29113547810066065,1.0,23.73762820372068
8.175622470723706,3840.0,0.5520217995068291,1.0,23.55420125864473
9.17287619520506,3840.0,1.4143575741917136,1.0,26.077845987566903
6.838473167561483,3840.0,0.10043375034105811,1.0,20.7511166281246
9.1961393100635,3840.0,1.032246713441205,1.0,28.17768323891882
8.184380590001798,3840.0,0.0,0.0,21.86449120155765
7.578550702066543,3840.0,0.4582136779973911,1.0,24.181229437739336
7.876726789985072,3840.0,0.6199568944488263,1.0,24.411577385088712
12.882222952932946,3840.0,2.495116662373179,2.0,39.10223525612282
9.865935582996297,3840.0,0.671500094269326,1.0,26.433369828198423
9.394834767408408,3840.0,0.8856746668083122,1.0,25.006274508442026
7.528831289082678,3840.0,1.6218015468561222,1.0,23.16207665430794
9.837497145111815,3840.0,1.0506675257588038,1.0,28.688928267720367
10.577125712843348,3840.0,0.764174264246038,1.0,28.698640109639733
4.494455471028761,1280.0,0.9511159221503189,1.0,4.198861127224301
12.768419053902713,3840.0,2.815729071348652,2.0,37.10817906641996
9.939919700890691,3840.0,0.607239356006614,1.0,26.648605286931563
5.777016947613656,1280.0,2.8364339452008687,2.0,6.2924880249533555
7.740037405182395,3840.0,0.28781544809063386,1.0,23.657291577372284
8.388211280121483,3840.0,0.46530658079513487,1.0,23.13936595453534
9.28791922117179,3840.0,0.0,0.0,24.149787703632263
5.482814405899483,3840.0,1.0264682247393935,1.0,17.820328075477168
6.838199715806031,3840.0,0.0,0.0,19.166033458275933
10.033992340128219,3840.0,1.6897197072000723,2.0,27.417527586403654
9.719620352917982,3840.0,1.933390432709802,2.0,26.534567627784128
7.796792067217809,3840.0,0.9850497442761941,1.0,23.816790007941268
9.795929245984153,3840.0,2.4710643635077414,2.0,27.687158783574
5.074583163254999,1280.0,1.1106193378955092,1.0,5.763155605222841
13.312536274555375,3840.0,1.4181157689691,1.0,38.59137428651896
10.698886603186232,3840.0,0.37061184971665706,1.0,30.133213695504104
10.552265373695121,3840.0,2.298403972434307,2.0,30.66691645791517
12.844737155029772,3840.0,2.0148919099219937,2.0,36.762758021802355
3.6705617932513017,1280.0,0.7061612891505151,1.0,4.477140145071329
8.417756868263394,3840.0,1.1052352561805712,2.0,22.356145430358005
5.617094628242297,1280.0,2.8244579662349034,2.0,5.94858485864787
10.714257609870263,3840.0,2.4531787317254685,2.0,31.493880301138276
7.542308326566265,3840.0,1.1552058606698616,1.0,22.386069057935266
10.988699044697052,3840.0,4.006552584379369,2.0,34.727417877435194
6.821914661355243,3840.0,0.4722895869059757,1.0,19.733840924507668
8.11953863288294,3840.0,0.18516249837861193,1.0,24.607990516528012
8.129334770154202,3840.0,0.1810565963184414,1.0,23.697192399675007
5.214119568394789,3840.0,0.0,0.0,16.26286372195285
9.901752569798672,3840.0,3.1976150959508303,2.0,30.621896487004463
11.495049542885443,3840.0,2.9982776543595855,2.0,32.94332665200514
10.211883661808292,3840.0,0.882576294395751,1.0,29.758104011198558
11.408529080659193,3840.0,3.449009583319066,2.0,34.4458229493554
10.012457041117287,3840.0,1.2201363846352624,1.0,29.608536797697507
13.20661117301509,3840.0,3.7337828507173207,2.0,39.75520663352483
4.474506656941154,1280.0,2.6510510661936175,2.0,5.186619129793439
7.43292266730708,3840.0,0.5642807879950399,1.0,20.726685897548887
5.834518393574829,1280.0,1.2403357066416851,1.0,6.469063621752329
8.905245068771745,3840.0,0.8355304054840978,1.0,25.475502562570043
10.69500131137811,3840.0,2.298230160884037,2.0,29.76430654243272
10.097230386256989,3840.0,1.0639634636049387,1.0,28.243434190836815
4.57122364063895,1280.0,2.634704473970396,2.0,5.14797002598063
7.105316674454467,3840.0,0.11753695822237964,1.0,19.65881026601365
9.270372171998153,3840.0,0.6570568171749278,1.0,25.222906151794803
3.9707241475834496,1280.0,1.0296301645327923,1.0,4.077071509035935
7.423542878428963,3840.0,0.8230554654790501,1.0,21.083750072921017
8.080597408007007,3840.0,0.5793100388292153,1.0,22.70286770387542
9.859838048408317,3840.0,1.4185093275718221,1.0,27.84410470911747
12.091356261589398,3840.0,2.932307164088898,2.0,35.33528441637844
9.50212524281143,3840.0,0.6757952452731558,1.0,24.0935291017524
5.902862784479731,3840.0,0.05846392010681084,1.0,15.164860674454193
7.915048219113734,3840.0,0.0,0.0,21.43988741163152
11.01440664240773,3840.0,0.979322575278502,1.0,29.976200369084395
4.589783104428703,1280.0,2.008686954619763,2.0,4.799966007079816
8.123797547928028,3840.0,2.151853250241007,2.0,23.318569492339677
8.183528508746953,3840.0,0.5258781634718506,1.0,23.445500068155045
3.115687429858659,1280.0,0.606802458046041,1.0,3.7424868208894897
9.313095833113046,3840.0,0.7578189794592247,1.0,26.159263663689973
7.235150711297761,3840.0,0.12469929510009187,1.0,18.383958320606922
8.839291404599283,3840.0,1.1984504932049433,1.0,24.696073392154442
8.654479219180848,3840.0,0.7704401073746563,1.0,23.533289462806355
10.841894031715563,3840.0,1.814589839828236,1.0,31.85019289445391
8.93617418554615,3840.0,1.9772835642037312,2.0,27.089545236670535
10.683145063172939,3840.0,1.3585197862631866,1.0,31.047503426477842
8.843256081669434,3840.0,2.2656715412091697,2.0,24.650622756784706
9.836687994009797,3840.0,1.1954266110604472,1.0,28.262382491739185
7.8973260495439845,3840.0,0.8490131328182824,1.0,22.816216916210216
8.738383041542104,3840.0,3.1003552790622,2.0,26.57714206377911
8.914246784077195,3840.0,3.8177656374239266,2.0,21.566356619964928
9.333811229415574,3840.0,0.0,0.0,26.59470332888538
8.487735499775038,3840.0,0.04827845752462523,1.0,21.9334387423564
9.917785309703048,3840.0,1.190841382425142,1.0,29.024106992810957
13.0347659341714,3840.0,1.1306807618073396,1.0,38.143971392803365
8.044469922616846,3840.0,1.2571176188953976,1.0,22.95311987574695
6.884837809995014,3840.0,0.6270726235202858,1.0,19.773255907263135
10.322670498241504,3840.0,0.6810953860364554,1.0,30.455926003557057
9.285317792185447,3840.0,1.4080296728990822,1.0,26.236800487777373
7.3119279766738785,3840.0,0.5463925211599996,1.0,18.392430157537845
10.20669115054315,3840.0,1.4766910250147443,1.0,29.90823720840031
8.241304605682576,3840.0,1.6524641025200428,2.0,24.0389100470711
8.231810220505693,3840.0,0.6690060167676064,1.0,22.917412968259182
4.169375599924063,1280.0,0.9976488964904806,1.0,5.091194459023841
6.971257693274492,3840.0,1.2774295220043443,1.0,19.7678739805996
5.245091468802388,1280.0,1.5337853580532574,1.0,6.129359908137199
9.582542934834805,3840.0,0.3882698547376249,1.0,25.460840676269203
7.193925642584613,3840.0,0.10486685488899855,1.0,19.537403506045525
8.240926786393622,3840.0,0.4173227487516362,1.0,22.68508893420938
11.35336518354945,3840.0,3.5373771793093183,2.0,34.513089910935506
8.112065631279965,3840.0,0.5249715384413739,1.0,21.473686814204715
9.63068586024845,3840.0,1.091294686486102,1.0,28.196474633754303
5.779601614950794,1280.0,2.402102021354394,2.0,5.856871106297882
2.4322127881632865,1280.0,1.7435914465676805,2.0,3.165263071603986
6.356806903611465,3840.0,0.4751061213658184,1.0,16.565830476630058
9.808640782290675,3840.0,2.795580226242711,2.0,28.292583586381756
8.276203964613341,3840.0,0.5447456592728288,1.0,24.23680597880707
9.576546405538112,3840.0,0.7294746013952406,1.0,28.216107036998924
9.039983700130144,3840.0,2.171885987434125,2.0,25.68022032162429
9.445180946655633,3840.0,0.5257449086949726,1.0,25.20984255276764
13.490378087288605,3840.0,1.535662376556024,1.0,37.64638457307707
10.478411435853069,3840.0,0.06478831108069977,1.0,27.059913236573
5.856417760577035,3840.0,0.0,0.0,16.869451293987915
8.945789140370609,3840.0,1.0798548891681976,1.0,26.514196001747575
8.732605451177099,3840.0,2.065136335418392,2.0,24.933141461662835
6.463962393329103,3840.0,1.0113862121311874,1.0,19.24025895605729
3.1065054323857426,1280.0,1.121725124370742,2.0,3.3903780904062164
8.448117186811993,3840.0,0.8697795975587237,1.0,26.367320141934723
11.658697368271397,3840.0,1.977474282044556,1.0,33.03478392898049
9.072674261294532,3840.0,0.0,0.0,23.97635319410666
7.407858363111467,3840.0,0.48744002823710963,1.0,20.35504602104255
8.954563082414046,3840.0,0.22284366204927064,1.0,24.82290877860575
11.54605806532945,3840.0,2.554706894698475,2.0,35.30543349870831
8.448517650660131,3840.0,1.1613761587909726,1.0,25.550622250071633
6.937683511915412,3840.0,0.4297521844978962,1.0,18.210706736843317
8.035385334360164,3840.0,0.7119320782515208,1.0,23.09925303065917
8.78425168280511,3840.0,2.4228524627360954,2.0,26.80301160586283
9.394272701350467,3840.0,0.9942359426863724,1.0,28.582544198961692
6.567886509215568,3840.0,0.004867433782971664,1.0,18.789444005241144
7.74155256031953,3840.0,0.07040351581884452,1.0,21.308564589866965
9.625726620038547,3840.0,0.8146682192643022,1.0,27.28626197389264
9.332382706571902,3840.0,1.9910905077602024,2.0,28.23468483374998
4.091121174642444,1280.0,0.764571102154752,1.0,4.429943557636444
5.973454439026909,3840.0,1.00871490705722,1.0,16.214560703915243
7.619559643134338,3840.0,1.2214949818759562,2.0,22.19770256042431
9.343765831851169,3840.0,0.7720617753663221,1.0,26.491988203160332
10.215005035407653,3840.0,0.96692019205503,1.0,29.068053245755646
7.0927988206577695,3840.0,0.0,0.0,19.25384445443306
9.850586391072362,3840.0,1.0113380849328766,1.0,28.188006984794555
9.380431717086575,3840.0,1.6193697943722343,1.0,27.444645348821357
8.258192451511004,3840.0,0.0,0.0,22.747579634432327
7.016687002992791,3840.0,1.944886435331594,2.0,20.94027267647097
9.616901092868158,3840.0,1.6167953930689887,2.0,25.678284510000026
8.054222865599662,3840.0,1.2975169179278558,1.0,22.651078505327067
10.758354188006855,3840.0,0.6431568381520125,1.0,30.82577714516886
9.660515023871557,3840.0,0.40342759027496555,1.0,25.12198024039641
4.074807578288488,1280.0,0.46369082244984217,1.0,4.5831652600887605
8.354057788101874,3840.0,1.7271158228154648,1.0,24.009064960225746
7.260026200315218,3840.0,0.5524614884301382,1.0,21.182611211173125
10.044302803262353,3840.0,3.27603507059221,2.0,31.11864379584657
11.660581234144908,3840.0,2.4475416568598742,2.0,32.585776468883374
7.873168394806015,3840.0,0.11591638069089472,1.0,23.417138794247656
8.759764294564324,3840.0,0.4039782079987566,1.0,23.81434827713658
7.691055879134735,3840.0,0.6847677482122573,1.0,20.400680012345337
10.135034987394477,3840.0,0.7497608061652205,1.0,26.666337491850065
8.623362090086365,3840.0,1.412647810484461,1.0,23.74423466268694
7.051599249464615,3840.0,1.7586445035162015,2.0,18.577044940097238
7.632221226981146,3840.0,0.3467341773801311,1.0,21.067807406571042
7.611679336382402,3840.0,0.8851977741693834,1.0,23.193534581684062
8.093799186372522,3840.0,3.416092242079476,2.0,19.014880502025182
5.336169682662556,3840.0,1.0181000988942261,1.0,16.031134219274158
7.728719534369784,1280.0,3.2051252586898866,2.0,8.400948389733697
8.870676832754159,3840.0,1.6659542703916659,1.0,27.32439338511179
8.690888620170329,3840.0,0.5032117130044541,1.0,22.41436323301301
8.71599362667997,3840.0,0.9162552513071556,1.0,24.49402964889059
9.054595465939915,3840.0,1.4057913427061275,1.0,24.698839617303094
9.971911334787807,3840.0,2.2537195472218428,2.0,29.482153161308226
8.934346949682084,3840.0,0.1462722711704335,1.0,25.365495916468493
8.866921702433574,3840.0,0.14500699126668448,1.0,24.10611503785921
7.95874617189136,3840.0,0.07975436495136012,1.0,21.54389808472672
7.94698770229774,3840.0,1.1771854701674371,1.0,23.83520671090546
7.835326648744388,3840.0,0.3822760939981155,1.0,20.825425975214337
8.959867241591073,3840.0,0.0,0.0,23.474180717501483
9.076737591622479,3840.0,0.0897987849852811,1.0,25.285180251051603
9.337152245245564,3840.0,0.24122767953455987,1.0,26.874445481680116
10.039228079316691,3840.0,2.232154881963975,2.0,29.76545199199743
10.392205411769027,3840.0,1.8789679144243454,2.0,31.46760713217786
9.815911939101653,3840.0,0.6740826281805998,1.0,25.921040265214497
12.557031780744587,3840.0,0.2169897813507496,1.0,35.020124221138055
2.293324702596131,1280.0,0.6028317317709734,1.0,2.3835012730315674
9.74483585690604,3840.0,1.1070427055382799,1.0,27.47232359222074
6.6246785173021125,3840.0,1.3050230941380934,1.0,20.70453095400374
9.095946905086183,3840.0,0.7612568623258743,1.0,25.152638026870687
12.149787622679744,3840.0,2.8586535005306466,2.0,35.13249170031923
9.941940428840981,3840.0,4.397875735899155,2.0,23.094145270522347
10.357539700315574,3840.0,1.6004686746358723,2.0,29.754224486213957
7.982378735319999,3840.0,0.8332264225860507,1.0,22.383008408662764
10.871987923126689,3840.0,2.2473896548877224,2.0,29.95853362250375
9.59979250793063,3840.0,0.7785500166951334,1.0,29.043240511273982
6.297760477212707,3840.0,0.0,0.0,18.23278289870596
9.018976428106336,3840.0,0.7170902107914802,1.0,25.379639156221945
8.488669236349937,3840.0,0.3290221756907913,1.0,23.665139316976408
11.618644579563831,3840.0,2.8362648919202753,2.0,35.708804798491165
8.527748810104963,3840.0,0.4846887826966546,1.0,24.465344787000006
8.088717222104362,3840.0,0.24150039768362952,1.0,21.7132032542784
8.62214131308149,3840.0,0.7776940405290709,1.0,25.378265432467522
11.576004040428543,3840.0,1.0175061595913981,1.0,32.442221238549486
4.280321367095635,1280.0,1.8359456986129348,2.0,4.809240642031377
11.079334488816441,3840.0,3.711138410901256,2.0,32.6715862220604
10.601219153039214,3840.0,0.46708301615664705,1.0,29.61502726460464
4.010788190119991,1280.0,0.40050824661002543,1.0,4.743121329520623
9.442936680043136,3840.0,0.7788620284189371,1.0,23.581736164373975
9.202010250769877,3840.0,0.1267344032831758,1.0,24.50006357950526
8.418896934996452,3840.0,0.7678406750269379,1.0,24.047728901013297
9.782074055632645,3840.0,0.10425631136212998,1.0,24.14240203725603
7.953050511310383,3840.0,0.003462538682104943,1.0,22.03790471923776
5.620833260532418,3840.0,0.4095543093154427,1.0,15.494536111318427
8.669032803639904,3840.0,0.09737338497389492,1.0,23.942072482001798
8.258216681069058,3840.0,0.8029805160181982,1.0,25.731193390172578
11.252877360835788,3840.0,2.3878216788813003,2.0,32.64634167491508
10.870399950170306,3840.0,0.734018112022949,1.0,27.966409563523214
6.370704745105872,3840.0,0.0,0.0,14.89097263926304
6.376400534329099,3840.0,0.4074136168388646,1.0,20.224187996444087
11.062211066023766,3840.0,1.3138496430116402,1.0,31.473353940716954
6.961984941805097,3840.0,0.2539900791342131,1.0,19.569578408364226
5.741194003360509,1280.0,2.3930407147210717,2.0,5.93313672400777
7.154823915796588,3840.0,0.17007346811436164,1.0,20.692714818245335
11.099263073823412,3840.0,2.5465016892569743,2.0,31.958035438344435
9.276900710423455,3840.0,0.4849274985576594,1.0,23.757621162054626
8.35490790469062,3840.0,0.4434017461450682,1.0,26.036058351754363
9.353386654694145,3840.0,1.0980742968671695,1.0,28.344514500903173
7.351484215239634,3840.0,0.39230387511601506,1.0,19.70291159517372
10.083118656574953,3840.0,0.8860187609102008,1.0,27.325754839397536
8.404574745065204,3840.0,0.15150330394456363,1.0,24.171607629388827
10.542688030544701,3840.0,0.8932119677531699,1.0,30.72933950323622
10.239268760174136,3840.0,2.839411783260446,2.0,30.77183577697538
7.43658035044657,3840.0,0.9617787596868999,1.0,23.06196117919508
8.783912988946614,3840.0,1.5002972727729538,1.0,25.38354947979761
8.519625684591288,3840.0,1.0111496093037688,1.0,25.31030038465126
9.11738648575947,3840.0,1.0687525983115527,1.0,25.093918575903707
10.244632081563545,3840.0,2.8947635395807514,2.0,31.95577766417062
6.602686879335062,3840.0,0.0,0.0,19.256726544885968
8.58410804904905,3840.0,0.7456807957692758,1.0,24.983015492183565
8.137634475413886,3840.0,0.31943094454431664,1.0,21.923942448440364
8.075744946506344,3840.0,1.462279084590536,1.0,26.90386623643285
4.718919573628885,1280.0,1.3508232310996546,1.0,5.29986463159881
8.677753251293698,3840.0,0.6748779467619721,1.0,25.483109443792344
9.294480255998565,3840.0,0.3587982764787212,1.0,25.31781081290101
4.278257083113232,1280.0,1.1639755910977216,1.0,5.004310162933354
9.814151991684685,3840.0,3.224754403701866,2.0,30.319635880202103
9.516282097818365,3840.0,1.2619746964634508,1.0,26.781869154755505
12.961975531698048,3840.0,2.898228031593439,2.0,38.32171694444341
9.915780308154629,3840.0,0.0,0.0,26.014969914562986
7.728627477725653,3840.0,0.8710548249373166,1.0,21.452764757547822
3.8526216568462486,1280.0,0.3168928432585625,1.0,4.254492399121009
8.456193693095361,3840.0,0.6212577349799135,1.0,22.066635613306918
12.218268572335415,3840.0,0.9796234089609667,1.0,35.92044572818271
4.664550536279455,1280.0,2.738096350771495,2.0,5.259500613674157
10.160895308719704,3840.0,0.43611237761430655,1.0,26.983703389112684
10.964048468894813,3840.0,0.0,0.0,27.49274792993626
8.453389147498715,1280.0,3.4698182282240877,2.0,8.649781846312912
10.506007939896914,3840.0,0.8284735294948536,1.0,31.100553422517386
8.559677503815468,1280.0,3.625210860800589,2.0,8.42124164955194
11.565597240848714,3840.0,0.7421892773774309,1.0,32.15666157494403
9.912950941104018,3840.0,2.6757294710016897,2.0,30.36759211146047
4.172991964392368,1280.0,2.1663613829060777,2.0,4.475533096259783
8.09524847559277,3840.0,0.27525650066286445,1.0,22.74369470227599
9.279637440901807,3840.0,0.0,0.0,24.827725725161624
11.733977758304416,3840.0,3.0816776871255067,2.0,34.35756660754469
6.447684761666963,3840.0,0.6591819930756442,1.0,18.81085195470174
10.108069003278253,3840.0,1.5015196394492183,1.0,29.88880577157597
8.232060676105249,3840.0,0.46382776490216704,1.0,23.791519169637958
8.585392348385671,3840.0,0.30786008943325843,1.0,25.198476127982765
7.444178388772942,3840.0,0.4015082962195436,1.0,20.617676876880658
10.359601164197116,3840.0,1.3993425707726264,1.0,30.137208741831394
8.918853204586032,3840.0,0.32414849370382004,1.0,24.656088672979806
2.7851980668942193,1280.0,1.102600930713808,2.0,2.8408463397911268
9.201123782585327,3840.0,0.6254993838757874,1.0,24.751637334488606
7.139904213667007,3840.0,0.4278957742334299,1.0,21.35546624876957
6.010106082677793,3840.0,0.641936882209589,1.0,18.88603664147232
7.43375681734342,3840.0,0.324736061819037,1.0,19.307725505401002
6.235400763799753,3840.0,0.0,0.0,15.613374547302739
11.078361694652802,3840.0,1.733857200767052,1.0,31.805888642901415
9.173773812577084,3840.0,3.1603610698699223,2.0,27.694636679658835
7.990420016753913,3840.0,0.725150454003821,1.0,23.96286713971301
9.653785387143278,3840.0,0.654474935358164,1.0,27.54567759138174
7.710373196606907,3840.0,0.30495009534149553,1.0,20.869331109242047
6.964900736823227,3840.0,0.0,0.0,19.584699429576023
8.237614245023948,3840.0,1.5128230690251558,1.0,23.367555397159727
9.26188036084693,3840.0,1.8521288050070335,2.0,27.547843026184243
7.912589789813032,3840.0,0.0748750037297759,1.0,21.747878637333656
9.649200759884891,3840.0,0.8743847586213902,1.0,28.560258016536864
8.226779301466918,3840.0,0.2542271817473602,1.0,23.726110244192107
8.333543033825933,3840.0,0.7310607980374582,1.0,21.069358168894038
8.97763429755711,3840.0,0.2996487039641612,1.0,23.415530024227166
6.691677149292538,3840.0,0.4894878298025536,1.0,20.002375514722004
7.543875961956331,3840.0,3.342776567255336,2.0,23.885977009181634
8.373635231072422,3840.0,0.0,0.0,22.842864041763846
11.378808275994734,3840.0,3.3126746567762,2.0,34.526516882537784
9.254779217254562,3840.0,0.0,0.0,23.92814590278132
9.343923727877884,3840.0,0.7117094646655805,1.0,26.024818101592484
10.276942360544224,3840.0,0.7933521804035677,1.0,28.494690729346054
9.54086199869173,3840.0,0.7443667014524136,1.0,27.62772920267752
4.188940427028823,1280.0,1.0931191340362927,1.0,4.414385910287613
4.5012120536415345,1280.0,2.3665866050484405,2.0,5.27286426794935
9.24424530297291,3840.0,1.124486660342416,1.0,25.997087163690654
9.827289577337671,3840.0,0.7203798336915638,1.0,26.792159193354436
9.229702634693218,3840.0,0.26510429694842225,1.0,26.499988230941707
10.705780248362846,3840.0,2.697011708446566,2.0,34.02996797762803
