2.1431286334991455
2.154536724090576
2.0095608234405518
2.0652079582214355
1.9257049560546875
2.0297322273254395
2.0335638523101807
2.069204092025757
1.9276409149169922
2.021169424057007
1.8609471321105957
1.931960105895996
2.062676191329956
1.8570239543914795
1.9660277366638184
1.965146541595459
1.9472181797027588
2.060962200164795
2.1479551792144775
1.9144458770751953
2.0314266681671143
1.94199800491333
2.0748512744903564
2.0107839107513428
2.052502393722534
2.016883134841919
1.921816110610962
2.1044299602508545
2.121856212615967
2.1106176376342773
2.0413074493408203
2.0875401496887207
1.8897404670715332
1.9200248718261719
2.0304269790649414
2.078949451446533
1.8548946380615234
2.1212661266326904
2.1396267414093018
2.1283743381500244
1.8765010833740234
1.9775645732879639
2.1275506019592285
2.025434970855713
2.1202011108398438
2.089761734008789
2.0575649738311768
2.126981735229492
1.8837549686431885
2.1042122840881348
1.916184902191162
1.9647331237792969
2.0179152488708496
2.0300791263580322
2.0803353786468506
2.041996955871582
2.084855794906616
1.8626997470855713
2.149949550628662
2.11450457572937
2.036282777786255
2.0154950618743896
1.9452636241912842
1.9736499786376953
2.081578016281128
1.8607103824615479
1.962477445602417
2.0800180435180664
1.9509031772613525
2.1397860050201416
1.9569175243377686
1.8985462188720703
2.1067569255828857
1.9988367557525635
1.8974571228027344
1.9660024642944336
2.0849006175994873
2.082106113433838
1.9946684837341309
1.9016022682189941
2.12835431098938
1.9804949760437012
1.9966881275177002
1.9230561256408691
2.066110849380493
2.0476431846618652
1.9433152675628662
1.9926838874816895
1.8504152297973633
1.9224755764007568
2.0743494033813477
2.114335298538208
1.8605976104736328
2.0363612174987793
2.028440237045288
1.9168791770935059
2.084451675415039
2.119452714920044
2.1355464458465576
2.033048152923584
1.870863914489746
2.0797512531280518
1.9769346714019775
1.876335620880127
1.8581371307373047
2.0858042240142822
1.9110538959503174
1.902594804763794
1.977724552154541
1.9032247066497803
2.024623394012451
1.9670867919921875
1.9364051818847656
1.9353058338165283
1.996253490447998
2.1468231678009033
2.1148996353149414
2.1201884746551514
1.8880791664123535
2.1482436656951904
1.9478588104248047
2.139510154724121
2.0315048694610596
2.033074378967285
1.8978097438812256
1.9905929565429688
2.116020441055298
1.8854680061340332
2.084561824798584
1.972083568572998
2.0087344646453857
2.146059274673462
2.0164926052093506
1.993431568145752
1.9953699111938477
2.134296417236328
2.013622522354126
1.919536828994751
2.001498222351074
1.9675569534301758
2.0015697479248047
1.942617416381836
2.060877799987793
1.8985116481781006
2.0968542098999023
2.0955960750579834
1.9937536716461182
1.9263153076171875
2.0592477321624756
1.8998723030090332
1.8633167743682861
1.9090354442596436
2.0473968982696533
1.9360694885253906
2.034374952316284
1.966538667678833
1.9763526916503906
1.852884292602539
1.9136278629302979
2.121807098388672
1.9553706645965576
1.9678986072540283
1.8793048858642578
2.0764904022216797
2.066577196121216
2.0871753692626953
1.937180995941162
1.9980502128601074
1.9017133712768555
2.005448579788208
2.0323808193206787
1.8641841411590576
2.1107993125915527
1.8785557746887207
2.1528053283691406
1.9228973388671875
2.1414709091186523
1.8748297691345215
2.132354736328125
1.9282433986663818
2.0041325092315674
1.941662073135376
2.0290966033935547
2.114170789718628
2.1079795360565186
2.072174072265625
1.8960819244384766
1.945948600769043
2.0802645683288574
1.9538393020629883
1.9110431671142578
1.9217369556427002
1.9641857147216797
2.032426595687866
1.9809176921844482
1.9999589920043945
2.0558066368103027
1.9838228225708008
2.1268200874328613
2.0935096740722656
2.117795705795288
1.9515464305877686
2.148918390274048
2.021745443344116
2.0525565147399902
1.963935136795044
1.9759635925292969
2.109754800796509
1.9418025016784668
2.0490243434906006
2.0949671268463135
2.0033702850341797
2.148719310760498
2.0296897888183594
2.1151835918426514
1.9199190139770508
2.1202051639556885
1.8583276271820068
1.9739289283752441
1.973818063735962
1.9340531826019287
1.9919607639312744
2.005105495452881
1.9673187732696533
2.0378220081329346
1.9963688850402832
1.9068994522094727
2.1414642333984375
1.934795618057251
1.920820951461792
1.9039373397827148
1.942387342453003
1.902362585067749
1.9302539825439453
1.8652138710021973
1.9653189182281494
1.8897831439971924
1.99998140335083
2.0652971267700195
1.9975833892822266
2.0554492473602295
2.019198417663574
2.0490763187408447
1.9657056331634521
1.8668148517608643
2.028778076171875
1.977487564086914
2.041423797607422
1.997119665145874
2.0441274642944336
2.04683780670166
2.0371105670928955
2.0335967540740967
1.9926860332489014
1.9857227802276611
2.0037996768951416
1.9297001361846924
2.0987746715545654
2.130720615386963
2.112184762954712
2.070924997329712
1.954782247543335
1.9674293994903564
1.9160830974578857
2.1006901264190674
1.8899211883544922
1.8940491676330566
1.949059247970581
2.115711212158203
2.0885772705078125
2.1124863624572754
2.1163363456726074
2.107511520385742
1.8985154628753662
2.138223886489868
1.8770527839660645
2.051152229309082
1.9853613376617432
2.035546064376831
1.98811936378479
2.134732723236084
1.9650516510009766
1.9020311832427979
2.1073098182678223
2.103595018386841
2.0751919746398926
2.147313356399536
1.874340534210205
2.150930166244507
2.1520304679870605
2.006350517272949
1.9230198860168457
2.0055105686187744
1.9730422496795654
1.9725944995880127
1.9426140785217285
2.0142579078674316
2.140674114227295
2.086825370788574
1.8957297801971436
1.8937644958496094
2.0173697471618652
2.137747287750244
1.8934838771820068
2.122845411300659
1.9875311851501465
2.1329662799835205
1.8988656997680664
2.0821382999420166
1.9931483268737793
2.0415093898773193
2.1217987537384033
1.998701572418213
1.9214930534362793
2.098437547683716
1.8813703060150146
2.0139219760894775
2.0927717685699463
2.083085536956787
2.069336175918579
1.9086833000183105
1.9790143966674805
1.8970861434936523
2.068650960922241
1.8897035121917725
2.1518468856811523
1.895871877670288
2.076800584793091
2.124006509780884
1.91815185546875
2.156343936920166
2.135077953338623
1.9712450504302979
1.876204490661621
2.1157145500183105
1.8557848930358887
1.9636948108673096
2.0045688152313232
1.8549456596374512
1.9135022163391113
1.9430735111236572
1.9735965728759766
2.068986177444458
1.9942989349365234
2.0898141860961914
1.9847562313079834
1.8782670497894287
1.8947465419769287
1.9569056034088135
1.9354376792907715
2.0905613899230957
1.9620168209075928
1.9457979202270508
2.1486992835998535
1.9154846668243408
1.9410243034362793
1.8659367561340332
2.072005033493042
1.9257466793060303
1.984168529510498
2.0791566371917725
2.1013686656951904
2.0921711921691895
2.080209255218506
2.00931715965271
1.8670129776000977
2.113054037094116
2.133516788482666
1.9962852001190186
2.0203707218170166
2.0493602752685547
2.0022037029266357
1.9391536712646484
2.013570785522461
2.1472957134246826
1.893402338027954
2.0952460765838623
1.9358057975769043
1.8706514835357666
2.0428826808929443
2.0484395027160645
2.094986915588379
1.9299519062042236
2.084076404571533
1.9607057571411133
2.111471652984619
1.8878700733184814
2.1463613510131836
2.1188242435455322
1.9404079914093018
2.0277390480041504
2.080720901489258
2.010744333267212
1.9286174774169922
2.1121420860290527
2.033809185028076
1.9157233238220215
2.080991744995117
2.125046730041504
2.0842506885528564
1.9272675514221191
2.0070602893829346
2.0503487586975098
1.9433104991912842
2.1345503330230713
2.0244028568267822
2.00039005279541
1.9809637069702148
1.8556137084960938
1.928708553314209
2.0396242141723633
1.9544527530670166
2.0682082176208496
1.9326417446136475
2.0674586296081543
1.9817149639129639
2.0510313510894775
2.119443893432617
1.8830726146697998
1.9656202793121338
2.030585765838623
2.0834734439849854
2.086794376373291
2.0109500885009766
2.0982654094696045
2.0199761390686035
1.877194881439209
2.1037986278533936
1.9267094135284424
2.068042516708374
1.8610901832580566
2.054992198944092
2.1316123008728027
2.0750479698181152
2.13423228263855
2.0146536827087402
2.077465534210205
1.9472522735595703
1.9537346363067627
2.0543911457061768
2.0049729347229004
2.060248851776123
2.064530372619629
1.998389482498169
1.9918391704559326
2.082735776901245
1.9437541961669922
2.101036787033081
1.8612306118011475
2.1483747959136963
1.9912199974060059
2.136711597442627
2.021982192993164
2.1197667121887207
1.998894453048706
1.8892254829406738
2.027390718460083
2.0318048000335693
1.8651165962219238
2.041426420211792
2.023793935775757
1.9051213264465332
1.920743703842163
2.108666181564331
2.106515645980835
1.9613895416259766
2.055461883544922
1.9553639888763428
1.9023582935333252
2.017808675765991
2.0780131816864014
1.8738267421722412
2.074960947036743
1.9491429328918457
2.087127685546875
2.0789871215820312
2.0718586444854736
1.9762859344482422
2.101928234100342
1.985543966293335
1.8840000629425049
2.151787519454956
2.074413537979126
2.137044668197632
2.0068507194519043
1.9489164352416992
1.9961178302764893
2.0438220500946045
1.9941856861114502
1.9469242095947266
2.0852253437042236
1.9774143695831299
2.000000238418579
1.8560938835144043
1.8513245582580566
2.0057783126831055
2.0465173721313477
1.8797802925109863
2.0982272624969482
2.0490286350250244
1.9041273593902588
