1.5091586112976074
1.5583443641662598
1.4233098030090332
1.716322422027588
1.4218828678131104
1.5618987083435059
1.419008493423462
1.3306529521942139
1.6673107147216797
1.2721364498138428
1.7044119834899902
1.6067874431610107
1.6918509006500244
1.4431140422821045
1.5066196918487549
1.5513789653778076
1.7049775123596191
1.6588475704193115
1.4774510860443115
1.6502766609191895
1.354686975479126
1.6958973407745361
1.6424446105957031
1.5077896118164062
1.5759334564208984
1.7017757892608643
1.6356003284454346
1.3161683082580566
1.472701072692871
1.6744585037231445
1.3617603778839111
1.3843073844909668
1.3346738815307617
1.4135136604309082
1.3992769718170166
1.5659282207489014
1.2857882976531982
1.4605586528778076
1.381591558456421
1.7252750396728516
1.6139285564422607
1.5534617900848389
1.4998621940612793
1.3163642883300781
1.5941572189331055
1.5733065605163574
1.7020759582519531
1.4480035305023193
1.358893632888794
1.4233193397521973
1.30731201171875
1.5619194507598877
1.3917210102081299
1.3522915840148926
1.4301257133483887
1.435758352279663
1.41953444480896
1.6576817035675049
1.6691553592681885
1.714052677154541
1.4377689361572266
1.5604002475738525
1.462209939956665
1.5890517234802246
1.4142708778381348
1.467308521270752
1.676161289215088
1.7218456268310547
1.2769818305969238
1.522479772567749
1.5066266059875488
1.4022865295410156
1.2760908603668213
1.4604058265686035
1.3771395683288574
1.4102988243103027
1.6095972061157227
1.7191762924194336
1.3394765853881836
1.4495916366577148
1.4829919338226318
1.4976449012756348
1.326355218887329
1.4747486114501953
1.6067249774932861
1.3471076488494873
1.4603607654571533
1.3281745910644531
1.432863712310791
1.5170490741729736
1.7056007385253906
1.372197151184082
1.5250129699707031
1.5243151187896729
1.6754567623138428
1.426501989364624
1.5594847202301025
1.3298144340515137
1.5932693481445312
1.5890913009643555
1.3752875328063965
1.5793483257293701
1.4762110710144043
1.5694758892059326
1.2667417526245117
1.4570722579956055
1.3341517448425293
1.6249184608459473
1.697314977645874
1.505556583404541
1.5870404243469238
1.5879685878753662
1.5644612312316895
1.2813208103179932
1.5447814464569092
1.3719301223754883
1.2849364280700684
1.4914379119873047
1.495457410812378
1.3415532112121582
1.5637931823730469
1.6269593238830566
1.5863265991210938
1.6047396659851074
1.7458233833312988
1.4146373271942139
1.6208877563476562
1.5953130722045898
1.3770980834960938
1.4141905307769775
1.4350464344024658
1.3595459461212158
1.3138906955718994
1.5404846668243408
1.2744653224945068
1.7141761779785156
1.344587802886963
1.7252583503723145
1.3856663703918457
1.3083384037017822
1.6420390605926514
1.6350200176239014
1.3160712718963623
1.5777955055236816
1.5112245082855225
1.4657456874847412
1.6116952896118164
1.3341171741485596
1.576934576034546
1.5446767807006836
1.293027639389038
1.4077832698822021
1.367344856262207
1.413914442062378
1.4248981475830078
1.2833476066589355
1.4283742904663086
1.5314843654632568
1.5460169315338135
1.5354654788970947
1.3298826217651367
1.4319307804107666
1.3925235271453857
1.6369426250457764
1.376661777496338
1.2900819778442383
1.6014680862426758
1.5951142311096191
1.4443309307098389
1.7054481506347656
1.7156953811645508
1.4840662479400635
1.5764586925506592
1.435286521911621
1.5102207660675049
1.5044503211975098
1.4317612648010254
1.3155837059020996
1.6657142639160156
1.5267658233642578
1.3204824924468994
1.5306603908538818
1.4743857383728027
1.6691722869873047
1.7140469551086426
1.405423879623413
1.317042589187622
1.4988696575164795
1.4237942695617676
1.574488878250122
1.7192332744598389
1.652184009552002
1.4936566352844238
1.4776334762573242
1.3430373668670654
1.430492639541626
1.3081517219543457
1.6495728492736816
1.6169683933258057
1.3043935298919678
1.6882195472717285
1.704345941543579
1.65395188331604
1.458787441253662
1.690680980682373
1.2532000541687012
1.5814878940582275
1.4239327907562256
1.6719732284545898
1.313871145248413
1.3592381477355957
1.420459508895874
1.5023436546325684
1.5273771286010742
1.4663619995117188
1.3782267570495605
1.2645339965820312
1.401625394821167
1.7055859565734863
1.4896464347839355
1.4592602252960205
1.378796100616455
1.522984504699707
1.671935796737671
1.3495674133300781
1.4165959358215332
1.6725969314575195
1.679013729095459
1.2881221771240234
1.6879093647003174
1.697509527206421
1.693990707397461
1.3378257751464844
1.6307737827301025
1.3917946815490723
1.728935956954956
1.4828438758850098
1.4668302536010742
1.4846124649047852
1.5239088535308838
1.6991193294525146
1.4327154159545898
1.3481063842773438
1.716759204864502
1.4730534553527832
1.401071548461914
1.6023313999176025
1.4637446403503418
1.4781768321990967
1.3561491966247559
1.7425501346588135
1.5867483615875244
1.6586494445800781
1.5830159187316895
1.62109375
1.5264668464660645
1.644289493560791
1.4155356884002686
1.3150763511657715
1.3137774467468262
1.7336654663085938
1.664670705795288
1.2722594738006592
1.5344698429107666
1.2541029453277588
1.5368835926055908
1.2890160083770752
1.4191193580627441
1.3936502933502197
1.4447176456451416
1.349750280380249
1.6348204612731934
1.2799453735351562
1.507416009902954
1.4328174591064453
1.4187166690826416
1.302259922027588
1.5095937252044678
1.4582717418670654
1.4254837036132812
1.6918995380401611
1.7446517944335938
1.2984304428100586
1.2540876865386963
1.4133875370025635
1.5258326530456543
1.6653707027435303
1.5480165481567383
1.6175792217254639
1.2975518703460693
1.2657556533813477
1.4518978595733643
1.7496373653411865
1.3993940353393555
1.4119398593902588
1.2983365058898926
1.335787057876587
1.4650020599365234
1.3360753059387207
1.6101112365722656
1.2683799266815186
1.6889429092407227
1.3855376243591309
1.6917684078216553
1.5569276809692383
1.694286584854126
1.2754440307617188
1.5323729515075684
1.2657089233398438
1.305368185043335
1.6647043228149414
1.4846630096435547
1.6183865070343018
1.387502908706665
1.4919161796569824
1.4652388095855713
1.6589469909667969
1.691960334777832
1.3574094772338867
1.3827760219573975
1.6269478797912598
1.3956701755523682
1.72776460647583
1.3284296989440918
1.6724553108215332
1.5943868160247803
1.4595272541046143
1.6140146255493164
1.374619483947754
1.4924225807189941
1.390629529953003
1.580676794052124
1.3371500968933105
1.6665887832641602
1.7101366519927979
1.5880377292633057
1.5062577724456787
1.3719685077667236
1.34151291847229
1.2630066871643066
1.3429484367370605
1.363072156906128
1.6367220878601074
1.651296854019165
1.3759105205535889
1.7410426139831543
1.3535363674163818
1.3691432476043701
1.4602248668670654
1.679863691329956
1.6820788383483887
1.57694673538208
1.4264566898345947
1.3826427459716797
1.4184730052947998
1.7506003379821777
1.6318950653076172
1.3568222522735596
1.6880204677581787
1.7098169326782227
1.271406650543213
1.6597566604614258
1.4389293193817139
1.6333694458007812
1.6280019283294678
1.429858922958374
1.6243388652801514
1.2809886932373047
1.3225634098052979
1.3448727130889893
1.3785977363586426
1.6446428298950195
1.4872655868530273
1.5164930820465088
1.6485388278961182
1.3293888568878174
1.643603801727295
1.3986194133758545
1.651641607284546
1.6748886108398438
1.5726237297058105
1.5451974868774414
1.5035521984100342
1.3868117332458496
1.5663795471191406
1.389385461807251
1.3271045684814453
1.355224370956421
1.6640801429748535
1.3267645835876465
1.713989019393921
1.7060198783874512
1.4923162460327148
1.3226637840270996
1.6036686897277832
1.4123001098632812
1.5186889171600342
1.3882489204406738
1.4864697456359863
1.350790023803711
1.2964107990264893
1.3244431018829346
1.4312233924865723
1.3407857418060303
1.702610969543457
1.528942346572876
1.3089334964752197
1.3898332118988037
1.2704417705535889
1.402310848236084
1.6625704765319824
1.4366860389709473
1.399217128753662
1.634385108947754
1.4431984424591064
1.425654411315918
1.6279542446136475
1.4657657146453857
1.7011492252349854
1.451937198638916
1.7205498218536377
1.4231011867523193
1.5644338130950928
1.302060842514038
1.6359679698944092
1.5514757633209229
1.451756238937378
1.5482699871063232
1.7305011749267578
1.2724692821502686
1.5600848197937012
1.2537589073181152
1.432269811630249
1.479292392730713
1.369208574295044
1.6369102001190186
1.2935352325439453
1.5882153511047363
1.729712724685669
1.2912728786468506
1.282884120941162
1.6019256114959717
1.664024829864502
1.2983734607696533
1.5992414951324463
1.6362063884735107
1.6244115829467773
1.5608110427856445
1.4137954711914062
1.3076374530792236
1.2773730754852295
1.2790493965148926
1.7404470443725586
1.2564878463745117
1.7500090599060059
1.6598925590515137
1.3235979080200195
1.3836138248443604
1.4719407558441162
1.453922986984253
1.629420280456543
1.4626588821411133
1.4541032314300537
1.5083868503570557
1.3938212394714355
1.3108632564544678
1.4068353176116943
1.658783197402954
1.7209091186523438
1.4913206100463867
1.2940285205841064
1.2611310482025146
1.5559847354888916
1.5405242443084717
1.3401551246643066
1.483170986175537
1.3579761981964111
1.471165418624878
1.5645496845245361
1.4439561367034912
1.7029504776000977
1.6607985496520996
1.3007216453552246
1.670868158340454
1.3752448558807373
1.3822085857391357
1.741415023803711
1.2911417484283447
1.7173683643341064
1.4196951389312744
1.5669541358947754
1.293062448501587
1.5183391571044922
1.6100773811340332
1.4106855392456055
1.5412068367004395
1.2811064720153809
1.3854351043701172
1.3287277221679688
1.5137708187103271
1.3844387531280518
1.596226692199707
1.5603349208831787
1.5018701553344727
1.404289722442627
1.5123767852783203
1.3632566928863525
1.2948780059814453
1.7349445819854736
1.6798956394195557
1.4558484554290771
1.3646018505096436
1.432828664779663
1.4151866436004639
1.6859853267669678
1.4346222877502441
1.6535377502441406
1.3101561069488525
1.6468231678009033
1.7420833110809326
1.265308141708374
1.5684318542480469
1.435300588607788
1.5930285453796387
1.544023036956787
1.6740484237670898
1.2596855163574219
1.3727271556854248
1.6236369609832764
1.4565398693084717
1.4884421825408936
1.5981760025024414
1.4285056591033936
1.7077832221984863
1.438828468322754
1.3661315441131592
1.3769524097442627
1.7153675556182861
1.7384488582611084
1.6666285991668701
1.4863405227661133
1.7131068706512451
1.6661810874938965
1.6405296325683594
1.5107686519622803
1.3457884788513184
1.7301578521728516
1.7264416217803955
1.455815076828003
1.4579129219055176
1.2902946472167969
1.5676991939544678
1.3460195064544678
1.4022765159606934
1.5990004539489746
1.4832355976104736
1.496467113494873
1.4894907474517822
1.5532495975494385
1.6854572296142578
1.610851526260376
1.3816797733306885
1.5638647079467773
1.4528248310089111
1.4456963539123535
1.3113059997558594
1.5220952033996582
1.7109973430633545
1.365067720413208
1.455094814300537
1.3363866806030273
1.691169023513794
1.3426933288574219
1.3982508182525635
1.6082384586334229
1.3014411926269531
1.669543981552124
1.4278748035430908
1.7369704246520996
1.3624567985534668
1.524787425994873
1.620650053024292
1.620833396911621
1.4341473579406738
1.6358678340911865
1.328362226486206
1.2906527519226074
1.6779072284698486
1.2513744831085205
1.3075895309448242
1.7399370670318604
1.390486240386963
1.570106029510498
1.5484910011291504
1.5547518730163574
1.2676434516906738
1.4184317588806152
1.3814384937286377
1.48323655128479
1.4982938766479492
1.3580548763275146
1.3722140789031982
1.2877511978149414
1.5891785621643066
1.566178798675537
1.4688093662261963
1.3910322189331055
1.5286924839019775
1.259530782699585
1.4549825191497803
1.2976737022399902
1.4257481098175049
1.6002583503723145
1.2894272804260254
1.5736219882965088
1.6754164695739746
1.6196491718292236
1.731959581375122
1.7430238723754883
1.64894700050354
1.335824728012085
1.3562226295471191
1.4290757179260254
1.696580410003662
1.2712888717651367
1.7327282428741455
1.724900484085083
1.4761614799499512
1.3330583572387695
1.6419126987457275
1.6726293563842773
1.5214622020721436
1.2946105003356934
1.6859066486358643
1.4681684970855713
1.4030845165252686
1.6229562759399414
1.4792735576629639
1.4810640811920166
1.6235568523406982
1.432281494140625
1.704235315322876
1.620577096939087
1.4769458770751953
1.3918180465698242
1.7314245700836182
1.46966552734375
1.7448713779449463
1.3667898178100586
1.6411397457122803
1.7130095958709717
1.3732759952545166
1.6107451915740967
1.2805860042572021
1.2967290878295898
1.7293453216552734
1.5249221324920654
1.460319995880127
1.6667237281799316
1.3945672512054443
1.7466485500335693
1.6399805545806885
1.6507508754730225
1.2652831077575684
1.5000760555267334
1.334923267364502
1.6204917430877686
1.5366902351379395
1.654933214187622
1.6061174869537354
1.4384000301361084
1.3338818550109863
1.4858660697937012
1.3430252075195312
1.4420356750488281
1.6052603721618652
1.2529895305633545
1.6864635944366455
1.3318581581115723
1.7027108669281006
1.5451061725616455
1.4153871536254883
1.4050137996673584
1.2534174919128418
1.5215668678283691
1.5951991081237793
1.6058294773101807
1.397709846496582
1.5068347454071045
1.5380866527557373
1.3211281299591064
1.633758783340454
1.3291082382202148
1.5737557411193848
1.4749913215637207
1.2830891609191895
1.664844036102295
1.3659000396728516
1.6272528171539307
1.7354371547698975
1.7283728122711182
1.3730249404907227
1.4439773559570312
1.7194666862487793
1.3310320377349854
1.669574499130249
1.647282361984253
1.4928383827209473
1.3073201179504395
1.4486572742462158
1.5861423015594482
1.467848777770996
1.5011975765228271
1.7382993698120117
1.6777279376983643
1.595017910003662
1.688918113708496
1.4679315090179443
1.66416335105896
1.6201019287109375
1.3396754264831543
1.6337573528289795
1.463573932647705
1.4094460010528564
1.697031021118164
1.3433845043182373
1.3392527103424072
1.7399568557739258
1.6687190532684326
1.4544036388397217
1.5740103721618652
1.2680058479309082
1.4884953498840332
1.4027671813964844
1.5919084548950195
1.3277883529663086
1.5596182346343994
1.4823391437530518
1.5165796279907227
1.4483590126037598
1.6201632022857666
1.3815197944641113
1.2711586952209473
1.284583568572998
1.6780941486358643
1.4827494621276855
1.3432464599609375
1.5845210552215576
1.584646224975586
1.6161160469055176
1.579272747039795
1.4291117191314697
1.4525394439697266
1.3871266841888428
1.6488564014434814
1.571803331375122
1.5378985404968262
1.384838342666626
1.716637134552002
1.5563538074493408
1.3955297470092773
1.4894170761108398
1.4140629768371582
1.280379056930542
1.6497159004211426
1.740365743637085
1.7346343994140625
1.3928499221801758
1.368469476699829
1.7275564670562744
1.4402670860290527
1.6764957904815674
1.6504907608032227
1.4221115112304688
1.6639511585235596
1.684295892715454
1.6270432472229004
1.5294244289398193
1.5388314723968506
1.5091958045959473
1.4174628257751465
1.694939136505127
1.6411402225494385
1.2606663703918457
1.5107486248016357
1.514094591140747
1.4848945140838623
1.3357491493225098
1.6139349937438965
1.4745633602142334
1.669825792312622
1.4526667594909668
1.6117279529571533
1.749065637588501
1.4229214191436768
1.358443260192871
1.391829252243042
1.6320345401763916
1.4284381866455078
1.2771174907684326
1.457066535949707
1.2612783908843994
1.3070333003997803
1.2811410427093506
1.6264560222625732
1.6895551681518555
1.495697259902954
1.3687353134155273
1.5620050430297852
1.2920596599578857
1.4650990962982178
1.655956506729126
1.3277297019958496
1.5367302894592285
1.3642799854278564
1.3067429065704346
1.2743535041809082
1.6621687412261963
1.5027594566345215
1.3588957786560059
1.4531965255737305
1.5664012432098389
1.2563323974609375
1.520533561706543
1.6764006614685059
1.6200966835021973
1.4852607250213623
1.3460638523101807
1.3921635150909424
1.5871169567108154
1.5825457572937012
1.7162747383117676
1.4058282375335693
1.2938008308410645
1.4396300315856934
1.6923093795776367
1.7392902374267578
1.3955273628234863
1.3159427642822266
1.6315982341766357
1.4129786491394043
1.6831409931182861
1.275193691253662
1.2803478240966797
1.3885226249694824
1.4014389514923096
1.2878193855285645
1.286217451095581
1.3440146446228027
1.3027417659759521
1.5770859718322754
1.307997465133667
1.667571783065796
1.3229398727416992
1.5096089839935303
1.45121431350708
1.6282844543457031
1.5048887729644775
1.528421401977539
1.261678695678711
1.6746783256530762
1.3449361324310303
1.2986812591552734
1.3448452949523926
1.7013754844665527
1.2924647331237793
1.5252811908721924
1.4065043926239014
1.4020261764526367
1.739262580871582
1.4175832271575928
1.291255235671997
1.3441333770751953
1.6291136741638184
1.4556035995483398
1.6035282611846924
1.559931755065918
1.5322139263153076
1.2710444927215576
1.7132792472839355
1.338541030883789
1.5138216018676758
1.5503573417663574
1.4317445755004883
1.659485101699829
1.5808963775634766
1.2888484001159668
1.542858362197876
1.7464306354522705
1.628305435180664
1.5192365646362305
1.2733666896820068
1.290440320968628
1.4202656745910645
1.4078888893127441
1.678783655166626
1.2839126586914062
1.6850464344024658
1.382370948791504
1.712357997894287
1.5392465591430664
1.502044439315796
1.5522782802581787
1.341994285583496
1.6490304470062256
1.4704234600067139
1.6778287887573242
1.559622049331665
1.633251428604126
1.2918126583099365
1.5395286083221436
1.3960542678833008
1.6206080913543701
1.280564785003662
1.2714252471923828
1.5172905921936035
1.7315311431884766
1.6784522533416748
1.4372055530548096
1.493161916732788
1.4465391635894775
1.6094563007354736
1.5092494487762451
1.3690142631530762
1.657623529434204
1.3879473209381104
1.6743149757385254
1.327824354171753
1.5986487865447998
1.727621078491211
1.3983988761901855
1.50323486328125
1.4738800525665283
1.434770107269287
1.4671733379364014
1.2950770854949951
1.5874707698822021
1.5272183418273926
1.3354151248931885
1.590407133102417
1.5403845310211182
1.5855023860931396
1.3414011001586914
1.5209667682647705
1.256723403930664
1.7412588596343994
1.2649002075195312
1.49222993850708
1.358602523803711
1.6687321662902832
1.6115691661834717
1.7000279426574707
1.5820086002349854
1.3861405849456787
1.70973801612854
1.6578729152679443
1.6964058876037598
1.4848518371582031
1.4494078159332275
1.5982871055603027
1.3956928253173828
1.6019885540008545
1.5428626537322998
1.5026593208312988
1.41806960105896
1.5734386444091797
1.5765650272369385
1.6492788791656494
1.3682003021240234
1.5775024890899658
1.5209050178527832
1.3262903690338135
1.3082101345062256
1.3876032829284668
1.6468803882598877
1.7332539558410645
1.2738127708435059
1.4655449390411377
1.3435781002044678
1.2569942474365234
1.5856051445007324
1.3705024719238281
1.7040526866912842
1.5046873092651367
1.3928020000457764
1.367048978805542
1.6545732021331787
1.2886302471160889
1.533693790435791
1.4486143589019775
1.4831297397613525
1.4760823249816895
1.714423656463623
1.4978384971618652
1.7187273502349854
1.429121971130371
1.3505020141601562
1.3599493503570557
1.4211530685424805
1.7026782035827637
1.6568398475646973
1.70393705368042
1.5563883781433105
1.2758173942565918
1.6837437152862549
1.70534348487854
1.3249406814575195
1.4168782234191895
1.6960031986236572
1.64799165725708
1.5609755516052246
1.273247241973877
1.3895213603973389
