2.0099852085113525
1.9929091930389404
2.13374662399292
1.8757662773132324
1.881983757019043
2.229940414428711
1.802178144454956
2.2320196628570557
2.043488025665283
1.9718372821807861
2.239879608154297
1.9596788883209229
1.764979362487793
1.7841691970825195
1.9087097644805908
1.907245397567749
2.081932544708252
1.886044979095459
2.026353359222412
2.228869676589966
2.118492603302002
2.2224929332733154
479.9970052242279
2.226454019546509
2.2381350994110107
2.130058526992798
1.9142529964447021
2.226456880569458
2.085691452026367
2.238286018371582
2.23625111579895
1.9793064594268799
2.102788209915161
1.8116464614868164
2.0826542377471924
1.96201491355896
1.939148187637329
1.8708889484405518
2.1867363452911377
2.231745481491089
1.9059102535247803
1.9342625141143799
1.7647809982299805
1.8590540885925293
2.0485408306121826
2.1059372425079346
2.0257701873779297
2.141256332397461
1.8475799560546875
1.9536750316619873
1.755796194076538
2.0436291694641113
1.8626022338867188
2.0602571964263916
2.1362287998199463
1.87386155128479
1.77901291847229
1.973250389099121
2.064286947250366
1.9162607192993164
1.937178611755371
2.0269546508789062
2.1633713245391846
1.8482849597930908
1.844491720199585
1.8811111450195312
2.076889991760254
2.211953639984131
2.0697059631347656
2.0528628826141357
2.0048816204071045
1.8711624145507812
1.902848243713379
1.8718464374542236
2.2383532524108887
2.2112948894500732
1.8398680686950684
1.9825468063354492
2.2116847038269043
1.8007423877716064
2.1707797050476074
2.0749247074127197
2.1663219928741455
2.2181930541992188
1.8820364475250244
2.0301706790924072
2.1934776306152344
2.14608097076416
2.0228683948516846
1.9518425464630127
1.872814416885376
1.8653054237365723
2.2153868675231934
2.035794973373413
1.9285857677459717
1.9881584644317627
1.9974758625030518
2.0065338611602783
1.9216835498809814
2.058671712875366
2.068147897720337
2.0570952892303467
1.8861653804779053
2.0525317192077637
2.1752750873565674
1.977736234664917
1.8971023559570312
2.0960490703582764
2.1479909420013428
1.8418738842010498
1.931485891342163
1.7654855251312256
2.1584980487823486
2.1092963218688965
1.8489594459533691
1.8270869255065918
2.008877992630005
1.8584885597229004
1.8494911193847656
2.1702113151550293
2.025477647781372
1.8662903308868408
2.240304470062256
1.927471399307251
1.7989387512207031
2.2349889278411865
2.2059011459350586
1.9859275817871094
1.7700073719024658
2.064507007598877
1.9120333194732666
1.9693748950958252
2.2001378536224365
2.0674192905426025
1.9992384910583496
1.7910993099212646
1.8552212715148926
1.921952724456787
1.9906206130981445
2.240736961364746
2.216580390930176
2.029522180557251
2.0675222873687744
1.964282751083374
1.7800521850585938
1.8241591453552246
1.9078369140625
2.150043487548828
1.83347487449646
1.7850444316864014
1.8905165195465088
1.8054444789886475
2.073748826980591
2.148616313934326
1.9253976345062256
2.0050973892211914
2.2344236373901367
2.2436416149139404
1.9445433616638184
1.7545080184936523
1.885681390762329
1.8924837112426758
2.02629017829895
1.7984843254089355
1.8991918563842773
1.9683680534362793
1.9896502494812012
2.2121410369873047
2.0398781299591064
2.188783645629883
1.9995932579040527
2.047940492630005
2.2283072471618652
1.7559926509857178
2.003389835357666
1.8689630031585693
2.225896120071411
2.2252981662750244
1.965256929397583
1.9717695713043213
2.1530609130859375
2.087782382965088
1.9986443519592285
2.171800374984741
1.8775367736816406
1.9727787971496582
1.9041342735290527
1.8322279453277588
2.0861167907714844
2.1038331985473633
1.88736891746521
2.130333185195923
2.225048780441284
1.957024097442627
2.1395320892333984
2.1529126167297363
1.8815579414367676
2.086266040802002
2.0745201110839844
1.9692344665527344
2.1956069469451904
1.8806471824645996
1.8223206996917725
2.1682357788085938
2.1298887729644775
2.185885190963745
1.7897155284881592
2.146190643310547
2.1623313426971436
1.771440029144287
1.8399076461791992
2.1557672023773193
1.7638697624206543
1.9970884323120117
2.145441770553589
1.8711965084075928
2.0938868522644043
1.8085803985595703
1.9166417121887207
2.2443764209747314
2.235384702682495
1.9215631484985352
1.914942979812622
1.9338488578796387
1.934652328491211
2.1425352096557617
1.8854024410247803
2.2201600074768066
2.0184333324432373
2.0090136528015137
1.7557001113891602
2.2336585521698
1.933718204498291
1.8580100536346436
2.0092153549194336
1.8218321800231934
2.225569486618042
2.2231554985046387
2.0181467533111572
2.0075016021728516
1.8587920665740967
1.7949771881103516
1.9648175239562988
1.8393988609313965
1.8111991882324219
1.894040584564209
2.1197946071624756
1.994764804840088
1.8372771739959717
2.1742491722106934
1.9720473289489746
1.931670904159546
2.208519697189331
2.113443374633789
2.100472927093506
1.9886610507965088
2.1161491870880127
2.0201027393341064
1.873915672302246
1.7965667247772217
1.9429328441619873
1.9312996864318848
2.246195077896118
2.1782872676849365
2.0335235595703125
2.01649808883667
2.019116163253784
2.1190707683563232
2.1798617839813232
1.9378719329833984
2.0696182250976562
2.050518274307251
1.969156265258789
2.032416343688965
1.7797107696533203
1.8217170238494873
2.158583641052246
2.0891385078430176
1.8083219528198242
2.004152774810791
2.104552745819092
1.92564058303833
1.824338436126709
2.190554618835449
1.9143791198730469
1.8218984603881836
1.7677690982818604
1.837341547012329
1.8228697776794434
2.0496301651000977
1.919957160949707
1.893561840057373
2.1975574493408203
2.168408155441284
2.221315383911133
1.8624293804168701
2.1767444610595703
1.9903850555419922
2.193974256515503
1.9545516967773438
1.9963624477386475
1.9869756698608398
2.1235384941101074
1.7853143215179443
1.786379098892212
2.045213460922241
1.8867874145507812
1.9694468975067139
2.0228025913238525
2.109705924987793
1.8725709915161133
1.8202311992645264
2.0668704509735107
2.1704249382019043
1.9131662845611572
2.1050937175750732
2.2349586486816406
2.0202548503875732
1.9210550785064697
1.985729455947876
2.0962114334106445
1.9209568500518799
2.1608362197875977
2.0474860668182373
2.2470571994781494
2.139897584915161
2.178077459335327
2.1692721843719482
2.1945292949676514
2.216444492340088
2.0299456119537354
2.2382733821868896
1.9154117107391357
1.9260573387145996
1.8943376541137695
1.9831390380859375
2.004483461380005
2.2174463272094727
1.8331549167633057
1.870103359222412
1.8426814079284668
2.215402841567993
2.2508363723754883
1.9335334300994873
2.199638843536377
2.246366500854492
2.2139008045196533
1.7817635536193848
2.1687469482421875
1.9068970680236816
2.1065101623535156
2.1155874729156494
1.835974931716919
1.7937524318695068
2.0071861743927
1.9501426219940186
2.015397071838379
1.8334887027740479
1.9138250350952148
2.2234530448913574
1.8961400985717773
2.1960935592651367
1.8434498310089111
2.2008862495422363
2.1416494846343994
2.07425856590271
1.7684946060180664
1.9220333099365234
2.108366012573242
1.944441795349121
2.1638412475585938
2.04473876953125
2.0780603885650635
2.162558078765869
1.90621018409729
1.9562664031982422
1.7580223083496094
2.043332576751709
1.9396300315856934
2.2099053859710693
2.2448816299438477
1.9016759395599365
1.7868895530700684
2.015305757522583
1.8287022113800049
2.148827314376831
2.211477041244507
2.100762367248535
2.175800085067749
1.989924669265747
2.22065806388855
1.9138622283935547
1.9797165393829346
2.1265854835510254
1.8250415325164795
2.2512333393096924
2.135723829269409
2.170283317565918
2.247171401977539
2.0207157135009766
2.0731749534606934
1.833097219467163
2.1705358028411865
2.163095235824585
1.779130458831787
1.7733819484710693
2.1425657272338867
2.072220802307129
2.0984079837799072
2.0829379558563232
1.8447964191436768
1.7826550006866455
2.090318441390991
1.8241357803344727
2.2099153995513916
2.049861431121826
2.222454071044922
1.9384493827819824
2.199760913848877
1.9913620948791504
2.24772047996521
2.0749711990356445
2.101773738861084
1.9384524822235107
1.8471238613128662
1.9646201133728027
2.1284759044647217
1.9339640140533447
2.0847208499908447
1.8658623695373535
1.9421279430389404
2.04744029045105
2.0412497520446777
2.078477144241333
1.8741357326507568
2.020416021347046
1.9056921005249023
1.988645076751709
2.243691921234131
1.839625597000122
2.1572625637054443
2.211348056793213
2.1592869758605957
1.928394079208374
2.128969669342041
1.8839139938354492
1.7803518772125244
1.948169469833374
2.039579153060913
2.136908531188965
1.9309885501861572
2.0438990592956543
2.044586658477783
1.9867057800292969
2.0197458267211914
2.0799355506896973
2.049013614654541
1.7679760456085205
2.0542690753936768
1.8977818489074707
1.812746286392212
1.8801662921905518
1.9835896492004395
2.132772922515869
2.249797821044922
1.9810199737548828
1.8371331691741943
2.01090669631958
2.1983752250671387
1.8798606395721436
1.8300020694732666
1.8607501983642578
2.1141979694366455
2.0994179248809814
1.906747817993164
1.8527107238769531
2.155107259750366
2.0264391899108887
2.2035374641418457
1.78981351852417
1.8434398174285889
1.7918212413787842
1.916757583618164
1.9508905410766602
1.8253166675567627
1.9157147407531738
1.9945614337921143
1.9459314346313477
1.9258711338043213
1.9439971446990967
1.771277904510498
1.9641368389129639
2.070098876953125
1.9931252002716064
2.123823642730713
2.1883370876312256
1.9811561107635498
1.9662418365478516
1.7616283893585205
1.8069140911102295
1.86409330368042
1.972487211227417
