1.4884216785430908
1.5364172458648682
1.5552260875701904
1.3830044269561768
1.3713271617889404
1.433203935623169
1.6134600639343262
1.4244153499603271
1.4907703399658203
1.6031086444854736
1.513974666595459
1.4305264949798584
1.63618803024292
1.5823793411254883
1.3925974369049072
1.395195484161377
1.6159114837646484
1.5946898460388184
1.351346731185913
1.4651615619659424
1.4733209609985352
1.4852263927459717
1.5714781284332275
1.5927469730377197
1.3955304622650146
1.4068448543548584
1.4101290702819824
1.5796561241149902
1.555567979812622
1.6097383499145508
1.4041221141815186
1.5996465682983398
1.4800207614898682
1.4697353839874268
1.6185002326965332
1.386613368988037
1.41996169090271
1.6407792568206787
1.3689274787902832
1.5967509746551514
1.4749834537506104
1.5549206733703613
1.3825783729553223
1.578404426574707
1.482217788696289
1.530792474746704
1.452723741531372
1.4896361827850342
1.4171361923217773
1.5929512977600098
1.5588970184326172
1.4982144832611084
1.4286022186279297
1.465625286102295
1.381758689880371
1.4966294765472412
1.607353687286377
1.4160606861114502
1.368046760559082
1.5970120429992676
1.461719036102295
1.3878757953643799
1.6105546951293945
1.4193089008331299
1.6503028869628906
1.4085533618927002
1.4577689170837402
1.3627798557281494
1.633065938949585
1.6347734928131104
1.5324068069458008
1.4797947406768799
1.3825223445892334
1.3690590858459473
1.5535228252410889
1.379350185394287
1.6090211868286133
1.5951893329620361
1.516005516052246
1.4884161949157715
1.5979499816894531
1.4115605354309082
1.6239683628082275
1.6312158107757568
1.4031057357788086
1.411750078201294
1.4966132640838623
1.5138154029846191
1.545938491821289
1.4449632167816162
1.3952841758728027
1.5249297618865967
1.3903441429138184
1.408139944076538
1.498497486114502
1.480182409286499
1.4671432971954346
1.535656213760376
1.5198705196380615
1.6093528270721436
1.3723530769348145
1.5687756538391113
1.5693717002868652
1.435743808746338
1.6275317668914795
1.5511524677276611
1.3552303314208984
1.6169507503509521
1.409698247909546
1.4658114910125732
1.4160809516906738
1.5385258197784424
1.608731746673584
1.5268969535827637
1.6365549564361572
1.6093053817749023
1.5534725189208984
1.616790771484375
1.5904152393341064
1.6179425716400146
1.497532844543457
1.5621471405029297
1.39805006980896
1.4117615222930908
1.6386737823486328
1.5286905765533447
1.5414485931396484
1.3839070796966553
1.5527379512786865
1.5122277736663818
1.5806403160095215
1.5022857189178467
1.4205379486083984
1.6276683807373047
1.5082216262817383
1.5434887409210205
1.60011887550354
1.4663934707641602
1.3517484664916992
1.38812255859375
1.622208833694458
1.4766321182250977
1.5318162441253662
1.4927477836608887
1.5152831077575684
1.488525390625
1.5485172271728516
1.364603042602539
1.5705056190490723
1.572901964187622
1.4344937801361084
1.5919384956359863
1.4081764221191406
1.498680591583252
1.617988109588623
1.5266633033752441
1.5075366497039795
1.5105457305908203
1.445976734161377
1.3638286590576172
1.514758586883545
1.515028476715088
1.4790959358215332
1.4719288349151611
1.5452051162719727
1.6539855003356934
1.5374784469604492
1.4482872486114502
1.490502119064331
1.5162632465362549
1.5630466938018799
1.5287127494812012
1.635066032409668
1.5434441566467285
1.4588568210601807
1.3575677871704102
1.443051815032959
1.6237602233886719
1.6080348491668701
1.390995979309082
1.6000735759735107
1.5966594219207764
1.4678680896759033
1.4116497039794922
1.5173194408416748
1.3915276527404785
1.4271025657653809
1.407928705215454
1.4760375022888184
1.5099010467529297
1.6372056007385254
1.4475204944610596
1.3587188720703125
1.3840305805206299
1.437943935394287
1.4356448650360107
1.5174546241760254
1.429588794708252
1.6456599235534668
1.5623595714569092
1.605201244354248
1.5836899280548096
1.5859124660491943
1.5377225875854492
1.5537128448486328
1.6432631015777588
1.4796302318572998
1.3738315105438232
1.481903314590454
1.4603958129882812
1.6208391189575195
1.418980360031128
1.646324634552002
1.500387191772461
1.4968748092651367
1.603572130203247
1.4343578815460205
1.532914638519287
1.4654219150543213
1.3563380241394043
1.5989389419555664
1.4951746463775635
1.3844444751739502
1.4166221618652344
1.532806396484375
1.6362175941467285
1.3606178760528564
1.519589900970459
1.4920356273651123
1.4310505390167236
1.3668193817138672
1.6010143756866455
1.451256513595581
1.5578575134277344
1.5497486591339111
1.455115795135498
1.4526569843292236
1.4191465377807617
1.6263675689697266
1.4650688171386719
1.543774127960205
1.507714033126831
1.3971192836761475
1.4514975547790527
1.5197741985321045
1.6060752868652344
1.5195937156677246
1.3975772857666016
1.4681806564331055
1.4133074283599854
1.6120011806488037
1.4905297756195068
1.3982889652252197
1.4349720478057861
1.3922340869903564
1.5057296752929688
1.3769466876983643
1.4806864261627197
1.5916798114776611
1.6154165267944336
1.6096112728118896
1.5581169128417969
1.4009051322937012
1.4742474555969238
1.6367230415344238
1.4234564304351807
1.380580186843872
1.537883996963501
1.5118553638458252
1.4690897464752197
1.6091055870056152
1.5430331230163574
1.5178477764129639
1.529130458831787
1.6519889831542969
1.4339630603790283
1.4942419528961182
1.467989206314087
1.4441802501678467
1.3556749820709229
1.5686964988708496
1.5878424644470215
1.492781400680542
1.4468955993652344
1.408071517944336
1.3882508277893066
1.5199100971221924
1.3858585357666016
1.4878456592559814
1.4766945838928223
1.3874599933624268
1.5612585544586182
1.5056986808776855
1.3627047538757324
1.3582899570465088
1.5983250141143799
1.4286425113677979
1.380479335784912
1.4878416061401367
1.4741079807281494
1.5045430660247803
1.3717780113220215
1.4472589492797852
1.4341914653778076
1.379167079925537
1.4672915935516357
1.3726763725280762
1.39931321144104
1.5783588886260986
1.6200804710388184
1.3983845710754395
1.3726277351379395
1.357501745223999
1.517472743988037
1.373495101928711
1.5290939807891846
1.5827202796936035
1.3681797981262207
1.3787341117858887
1.6614000797271729
1.5074589252471924
1.5757231712341309
1.5930826663970947
1.5441899299621582
1.355928897857666
1.3678722381591797
1.6175165176391602
1.4931674003601074
1.5728988647460938
1.387507438659668
1.5047721862792969
1.3661978244781494
1.546544075012207
1.5542385578155518
1.5295557975769043
1.6261024475097656
1.4973876476287842
1.3876674175262451
1.449455738067627
1.4374706745147705
1.5273172855377197
1.434788465499878
1.5793988704681396
1.4822804927825928
1.4970698356628418
1.416780948638916
1.586549997329712
1.6307923793792725
1.5167357921600342
1.4331872463226318
1.4135863780975342
1.5088670253753662
1.6000738143920898
1.4620609283447266
1.5107402801513672
1.5069327354431152
1.6496315002441406
1.3887455463409424
1.618161916732788
1.4800422191619873
1.5264837741851807
1.5076236724853516
1.5690619945526123
1.6349313259124756
1.4600543975830078
1.6344356536865234
1.4034740924835205
1.6471476554870605
1.4165537357330322
1.5718872547149658
1.487938404083252
1.4282429218292236
1.6370151042938232
1.3964641094207764
1.531327486038208
1.6461703777313232
1.6407432556152344
1.4484355449676514
1.5228393077850342
1.6248598098754883
1.5851330757141113
1.3723762035369873
1.619873285293579
1.553480625152588
1.5288417339324951
1.36946439743042
1.3591790199279785
1.5062642097473145
1.5090959072113037
1.601980209350586
1.360191822052002
1.4925920963287354
1.572441816329956
1.5668303966522217
1.4999363422393799
1.4699971675872803
1.3761706352233887
1.5697548389434814
1.4482922554016113
1.4719808101654053
1.6170539855957031
1.645613193511963
1.5018236637115479
1.6314311027526855
1.6203505992889404
1.5268223285675049
1.4786725044250488
1.407165765762329
1.6342573165893555
1.639108419418335
1.5671281814575195
1.5019071102142334
1.4120755195617676
1.4820442199707031
1.4372546672821045
1.3616788387298584
1.3650832176208496
1.5096802711486816
1.5234410762786865
1.357863426208496
1.5915961265563965
1.41082763671875
1.5976769924163818
1.3563380241394043
1.36954927444458
1.394313097000122
1.5677781105041504
1.5922763347625732
1.610489845275879
1.5967085361480713
1.363982915878296
1.5513617992401123
1.4452707767486572
1.3997302055358887
1.4255409240722656
1.4673681259155273
1.3730382919311523
1.6098480224609375
1.3679041862487793
1.471581220626831
1.6300218105316162
1.492978811264038
1.3731868267059326
1.5926036834716797
1.5056724548339844
1.6287951469421387
1.5070514678955078
1.4726178646087646
1.520493745803833
1.4356043338775635
1.4504671096801758
1.627751111984253
1.569481372833252
1.616070032119751
1.5862600803375244
1.6289141178131104
1.549487590789795
1.5574474334716797
1.5510072708129883
1.4608540534973145
1.5341815948486328
1.4207656383514404
1.4375982284545898
1.6205432415008545
1.6551036834716797
1.5114123821258545
1.5506668090820312
1.4885494709014893
1.5469093322753906
1.6384532451629639
1.445289134979248
1.6248061656951904
1.4039840698242188
1.404728651046753
1.5801610946655273
1.4001553058624268
1.554488182067871
1.5025689601898193
1.3585078716278076
1.6286814212799072
1.571380376815796
1.5932984352111816
1.6408710479736328
1.55928373336792
1.3924765586853027
1.4874756336212158
1.5132360458374023
1.5899152755737305
1.3845725059509277
1.5713069438934326
1.434058666229248
1.5026843547821045
1.4185466766357422
1.549259901046753
1.4230175018310547
1.4488270282745361
1.5427398681640625
1.5829789638519287
1.4312074184417725
1.638991117477417
1.3918941020965576
