0.912006139755249
1.1889183521270752
1.1219775676727295
0.8776261806488037
0.8351099491119385
1.1823351383209229
0.9532020092010498
1.09352707862854
1.1179325580596924
0.923898458480835
0.7838928699493408
0.7562055587768555
0.9985685348510742
1.2149934768676758
0.894291877746582
1.1255931854248047
1.1192312240600586
1.0330634117126465
0.9568023681640625
0.9754443168640137
0.758833646774292
0.8625767230987549
1.1829283237457275
0.7935428619384766
1.2234268188476562
1.0379867553710938
1.2286367416381836
0.8087892532348633
1.14859938621521
1.1797690391540527
0.807316780090332
1.0993568897247314
1.110032558441162
0.9680886268615723
0.8305387496948242
0.8777375221252441
0.8692193031311035
1.0870556831359863
0.8104004859924316
0.9525477886199951
1.0882503986358643
0.8490393161773682
0.9117639064788818
0.8149545192718506
0.8018591403961182
0.8678185939788818
1.0251641273498535
0.8656229972839355
0.8367469310760498
0.8100426197052002
1.2108898162841797
0.795729398727417
1.0954725742340088
0.9128718376159668
0.9119420051574707
1.1197681427001953
1.0355658531188965
0.9642226696014404
0.8219091892242432
1.0599360466003418
1.0987842082977295
1.0157861709594727
0.909430980682373
0.9328632354736328
0.8409092426300049
1.217031478881836
1.120267391204834
1.2315151691436768
1.0308332443237305
0.8823797702789307
0.9351274967193604
1.1988284587860107
0.9404149055480957
0.9676413536071777
0.9928948879241943
0.8532726764678955
0.966545581817627
1.1661286354064941
1.049966812133789
1.0139849185943604
0.9241929054260254
0.904869794845581
1.0320258140563965
1.1612610816955566
0.9697632789611816
1.1772737503051758
1.0628352165222168
0.7529175281524658
0.975898265838623
0.8950097560882568
1.2388319969177246
0.7724227905273438
0.9182708263397217
0.8732643127441406
0.9508388042449951
1.1184003353118896
1.014854907989502
1.1143653392791748
1.138033151626587
0.8664083480834961
1.066650152206421
0.9630715847015381
0.9269094467163086
1.2098464965820312
1.1270861625671387
0.7718346118927002
1.1112596988677979
1.0627670288085938
0.9471323490142822
0.9199995994567871
1.06292724609375
0.8834936618804932
0.959721565246582
1.2253239154815674
0.8120019435882568
1.033168077468872
1.0851097106933594
0.8462655544281006
0.8331401348114014
1.0864872932434082
0.783689022064209
1.1197245121002197
1.037839412689209
1.0095250606536865
0.776221752166748
0.9908814430236816
1.0317285060882568
1.045637845993042
1.1028237342834473
0.9768950939178467
1.1113390922546387
0.9572443962097168
1.0404906272888184
1.059063196182251
1.065047025680542
1.1051795482635498
0.9560754299163818
0.8822932243347168
1.1591508388519287
0.9347026348114014
0.8449335098266602
1.0872271060943604
1.167102336883545
1.0392837524414062
0.8817751407623291
0.9211866855621338
0.8768703937530518
0.8489260673522949
0.8280315399169922
0.8936872482299805
1.0001370906829834
0.9732801914215088
0.8535077571868896
0.8510820865631104
0.7803761959075928
1.0872275829315186
0.7709708213806152
1.2307181358337402
1.1289820671081543
0.8312816619873047
0.862114667892456
0.9423599243164062
1.2495768070220947
0.9238083362579346
1.2057528495788574
0.9465465545654297
1.1894140243530273
0.9611880779266357
1.1561386585235596
1.0234036445617676
0.8267309665679932
0.7874801158905029
0.9396913051605225
0.8435099124908447
1.2069084644317627
1.0788524150848389
0.8682312965393066
1.0385315418243408
0.8236660957336426
1.1026368141174316
0.9491071701049805
1.1104192733764648
0.9119622707366943
1.1036419868469238
1.0718700885772705
0.9019632339477539
0.988844633102417
1.0001983642578125
1.0857739448547363
0.7578346729278564
0.8704555034637451
0.8927934169769287
1.1941282749176025
0.8364200592041016
1.1372036933898926
1.142385482788086
1.0924580097198486
1.1691815853118896
1.1442787647247314
1.2067441940307617
0.9621310234069824
0.9848289489746094
1.1125590801239014
1.172692060470581
1.1838600635528564
0.9770603179931641
1.1213204860687256
0.9429585933685303
0.7692451477050781
1.0726432800292969
0.9246721267700195
0.8788866996765137
0.7659916877746582
1.1794929504394531
1.0537049770355225
1.0000030994415283
1.0350372791290283
1.0816068649291992
0.9973223209381104
1.1591005325317383
1.1828341484069824
0.8352408409118652
1.03281569480896
0.9941718578338623
1.0818901062011719
1.094618797302246
1.12247633934021
0.8338782787322998
1.1958577632904053
1.2501754760742188
0.9062309265136719
1.1639888286590576
0.7667949199676514
0.8979418277740479
0.8186914920806885
1.0205183029174805
0.9497110843658447
1.1238124370574951
1.141237497329712
0.7960309982299805
1.0835092067718506
0.7867839336395264
1.0104777812957764
1.1340014934539795
0.9001266956329346
0.7694649696350098
1.2448325157165527
1.2146964073181152
1.229191780090332
0.7951126098632812
1.1798303127288818
0.8413865566253662
1.0043678283691406
1.2360892295837402
1.2404990196228027
1.0829253196716309
0.8669946193695068
0.9018561840057373
0.8431479930877686
0.9064962863922119
1.0920863151550293
0.8437743186950684
0.7736115455627441
1.1447663307189941
0.907299280166626
1.1826691627502441
0.783440113067627
1.211134910583496
0.9887475967407227
1.187748908996582
0.7757089138031006
1.2112855911254883
1.2097172737121582
1.187948226928711
0.7990543842315674
1.1572034358978271
0.9117093086242676
0.8086137771606445
1.037353277206421
0.8202636241912842
0.9049561023712158
1.1444406509399414
1.0886931419372559
0.9591391086578369
0.952967643737793
1.227081298828125
1.2402105331420898
0.9546468257904053
1.0363197326660156
0.899806022644043
1.0067830085754395
0.842198371887207
1.2460103034973145
1.1534690856933594
0.9391398429870605
1.1442959308624268
0.8351914882659912
1.1777033805847168
0.9083011150360107
0.8667469024658203
0.8828673362731934
1.0310146808624268
0.826108455657959
1.168924331665039
0.8909499645233154
1.2495276927947998
1.000180959701538
1.183424711227417
0.919442892074585
0.8677423000335693
0.9778256416320801
1.192063570022583
0.9593029022216797
1.014735221862793
1.1786634922027588
1.2471160888671875
1.07271409034729
0.8632380962371826
1.0532569885253906
1.1514005661010742
0.87380051612854
0.9513986110687256
1.1386332511901855
0.9611561298370361
1.1157076358795166
0.935206413269043
1.2091705799102783
0.9905025959014893
0.7624566555023193
0.8772037029266357
1.1529991626739502
0.956498384475708
1.0950167179107666
1.1400010585784912
0.9929876327514648
0.8113448619842529
0.757441520690918
1.0163166522979736
1.157195806503296
0.8639757633209229
0.8054938316345215
0.7616531848907471
0.8895468711853027
1.0586047172546387
1.0183982849121094
0.8314111232757568
0.9354293346405029
1.0950748920440674
1.2172975540161133
1.2217028141021729
1.0960793495178223
1.1486947536468506
1.139875888824463
0.9369983673095703
1.029449224472046
1.04837965965271
1.106961965560913
1.118940830230713
1.2082765102386475
1.0546600818634033
0.8538477420806885
0.9268145561218262
1.1568000316619873
1.2286245822906494
0.8021852970123291
1.1131658554077148
1.0103530883789062
0.9214880466461182
0.8432769775390625
1.0882408618927002
1.060605525970459
1.0015709400177002
0.8717827796936035
1.1277916431427002
1.0590002536773682
1.2024199962615967
0.9547762870788574
1.2455284595489502
1.1242108345031738
0.9967789649963379
0.7598826885223389
1.1682415008544922
0.9315905570983887
0.9424991607666016
0.8294694423675537
0.7984187602996826
1.1507587432861328
0.7583272457122803
1.0016956329345703
1.2437732219696045
0.9662690162658691
0.9771592617034912
1.1197068691253662
0.8183348178863525
0.8423895835876465
1.078404426574707
0.995297908782959
0.9431893825531006
0.8915035724639893
0.9655606746673584
1.10494065284729
0.9316308498382568
0.8677468299865723
1.2513105869293213
1.0226705074310303
0.8024799823760986
1.2399451732635498
0.9198324680328369
1.002845287322998
0.8934650421142578
1.0953559875488281
0.9221742153167725
1.002852201461792
0.99538254737854
0.9257845878601074
0.8015050888061523
1.0104689598083496
1.000614881515503
1.197998285293579
1.191437005996704
1.1561760902404785
0.7880563735961914
1.1637799739837646
0.8878059387207031
0.7730607986450195
1.2013771533966064
0.9666271209716797
0.9922780990600586
0.7990777492523193
0.9780411720275879
0.9140024185180664
0.863347053527832
1.146798849105835
1.17889404296875
1.1218810081481934
1.156034231185913
1.0436511039733887
0.7542293071746826
1.2160630226135254
1.2322919368743896
0.7746822834014893
0.8800747394561768
0.9215881824493408
0.7583842277526855
0.8831963539123535
1.096339225769043
0.8630549907684326
0.7798776626586914
1.0062510967254639
1.2372920513153076
1.0200505256652832
0.7981204986572266
0.7904222011566162
1.020137071609497
0.7872517108917236
1.207458734512329
1.064978837966919
1.1142089366912842
1.0305168628692627
0.8228065967559814
1.2122037410736084
1.1735939979553223
1.0605013370513916
1.1814048290252686
0.9685728549957275
0.8261764049530029
1.1288530826568604
0.9804437160491943
1.1925501823425293
1.0887978076934814
0.8614826202392578
0.9515645503997803
0.9293980598449707
0.9240670204162598
1.2275454998016357
0.8416764736175537
1.1364145278930664
0.8859071731567383
1.2020163536071777
0.9842960834503174
1.1034884452819824
0.9659671783447266
0.9067444801330566
0.8801600933074951
0.8834269046783447
1.1815462112426758
0.9054679870605469
1.1602811813354492
0.8007850646972656
0.7573862075805664
1.1030960083007812
0.9757595062255859
0.8186731338500977
1.0027673244476318
0.9700112342834473
1.0710992813110352
0.8756763935089111
0.8272542953491211
0.8218297958374023
0.9094722270965576
1.170703649520874
0.9311106204986572
0.8354306221008301
1.1828277111053467
1.1363074779510498
0.8086390495300293
0.9292099475860596
1.109825849533081
1.2023677825927734
0.8761963844299316
1.188225507736206
1.1874380111694336
0.9176867008209229
1.20225191116333
0.9315707683563232
1.2341899871826172
0.9667391777038574
0.9197337627410889
0.9745841026306152
0.7980148792266846
0.8233072757720947
1.0130665302276611
1.1057207584381104
0.9184210300445557
1.2360591888427734
1.0081021785736084
0.8444504737854004
0.8409287929534912
0.9957292079925537
1.1090853214263916
0.8203339576721191
1.127223014831543
0.7528438568115234
1.1491367816925049
1.0381159782409668
1.1194853782653809
1.171849250793457
1.2123689651489258
1.0956642627716064
1.1484894752502441
1.0619175434112549
1.1307077407836914
0.7887051105499268
1.0566563606262207
0.848818302154541
0.9108242988586426
0.9307448863983154
1.223327398300171
1.2422916889190674
0.7888433933258057
1.169551134109497
1.1740069389343262
0.9173910617828369
1.1419661045074463
1.1961700916290283
0.8213436603546143
1.2092008590698242
0.8072705268859863
1.2102184295654297
0.8852770328521729
1.052764654159546
0.84092116355896
0.7902498245239258
0.8248567581176758
1.2443814277648926
1.1041946411132812
0.7795803546905518
1.0450589656829834
1.2503025531768799
0.903907060623169
1.0263187885284424
1.1310062408447266
0.7748508453369141
1.1545524597167969
1.1360783576965332
1.0637321472167969
0.8859639167785645
1.0382931232452393
0.9120151996612549
0.776118278503418
0.8006186485290527
0.8632392883300781
1.0858139991760254
0.9366366863250732
0.8559343814849854
1.0646460056304932
0.8927335739135742
1.0990238189697266
1.1930396556854248
1.0323536396026611
0.9645259380340576
0.9065437316894531
0.903184175491333
0.7721014022827148
0.9243028163909912
1.0148186683654785
1.1463623046875
0.9787642955780029
1.2338557243347168
0.9338421821594238
0.9557456970214844
1.1307456493377686
0.8695614337921143
1.042715311050415
1.1937108039855957
0.8010478019714355
1.0341713428497314
0.7888522148132324
0.8485448360443115
1.1419503688812256
1.0370001792907715
0.9200043678283691
1.1606788635253906
0.8829081058502197
0.9780223369598389
0.9671061038970947
0.9424641132354736
0.8989784717559814
0.8034980297088623
0.764702320098877
0.8280291557312012
1.0257108211517334
0.8995077610015869
1.216637372970581
0.8909745216369629
1.1476242542266846
0.8704326152801514
0.8825619220733643
0.9626760482788086
0.8278725147247314
0.9306671619415283
0.9137241840362549
1.102886438369751
0.8709385395050049
0.7910020351409912
1.1980946063995361
1.1084065437316895
0.9075503349304199
1.1197233200073242
1.1410696506500244
0.923999547958374
1.1794140338897705
0.7869420051574707
1.032987117767334
0.7706558704376221
1.1385087966918945
0.8288383483886719
0.7828807830810547
1.0023550987243652
1.0318164825439453
0.9866561889648438
1.0628526210784912
0.9345543384552002
1.0293936729431152
0.8491559028625488
1.0214967727661133
0.9309370517730713
0.8430237770080566
1.1045241355895996
0.9206817150115967
1.1544339656829834
0.9627077579498291
1.1056785583496094
1.2455520629882812
1.1836907863616943
1.2199530601501465
1.2380402088165283
0.8577959537506104
0.9143486022949219
1.0851964950561523
0.9152028560638428
0.8790760040283203
1.0329854488372803
0.8848006725311279
1.243622064590454
1.0848453044891357
1.0707306861877441
0.93328857421875
0.9473412036895752
1.0045733451843262
1.2149624824523926
0.7653627395629883
0.9349658489227295
1.1403379440307617
1.0542056560516357
1.0512616634368896
0.94331955909729
1.1354925632476807
0.7538328170776367
1.1156761646270752
1.080932855606079
1.220196008682251
1.0633525848388672
1.1340203285217285
0.9001133441925049
1.1449029445648193
1.0743000507354736
1.0340261459350586
0.7833974361419678
0.9170174598693848
1.1428370475769043
1.1869874000549316
1.1354365348815918
0.8356845378875732
0.8240385055541992
1.2241554260253906
1.0546119213104248
0.8007376194000244
0.8502776622772217
1.1489791870117188
1.1260614395141602
0.7728731632232666
1.0095105171203613
0.9726698398590088
1.0910773277282715
1.0642437934875488
0.9827218055725098
1.181929349899292
1.0247812271118164
0.9788858890533447
0.8841795921325684
1.2508888244628906
0.9233298301696777
0.9623112678527832
1.128948450088501
0.7746260166168213
1.1672649383544922
1.1288175582885742
0.9958145618438721
1.009021520614624
1.1929841041564941
1.1811738014221191
1.0458359718322754
1.2095398902893066
0.8294346332550049
1.0370819568634033
1.041686773300171
0.7792685031890869
1.1845002174377441
1.077730655670166
1.226874589920044
1.0233066082000732
0.9216437339782715
0.7724223136901855
1.097435712814331
0.863060712814331
0.9057607650756836
1.1013612747192383
1.1496987342834473
1.0738000869750977
1.1078004837036133
0.7785210609436035
1.0537030696868896
0.8557772636413574
1.133540153503418
1.2131001949310303
1.1932964324951172
1.0895588397979736
1.1180064678192139
1.172499179840088
0.8572204113006592
0.9705085754394531
1.2162292003631592
1.1030631065368652
0.8589034080505371
0.776674747467041
0.9267559051513672
0.9078316688537598
1.1190319061279297
1.212538719177246
0.7988145351409912
0.8617379665374756
1.2143197059631348
0.8113973140716553
0.9029088020324707
1.0687179565429688
0.7842264175415039
1.005230188369751
1.1318092346191406
1.1684813499450684
0.8615741729736328
0.8496108055114746
1.032703161239624
0.8885042667388916
0.9808516502380371
1.0142712593078613
0.8032169342041016
0.8276717662811279
1.1748881340026855
1.2312281131744385
1.0893573760986328
0.9909265041351318
1.1762723922729492
1.0242981910705566
0.8465466499328613
1.1374666690826416
1.116610050201416
0.8324606418609619
1.1722004413604736
0.9491786956787109
1.2511241436004639
1.2020294666290283
1.0801866054534912
1.003819465637207
0.9761013984680176
0.7860772609710693
1.1665127277374268
0.8687400817871094
1.1659677028656006
0.8428950309753418
0.8771624565124512
0.9939665794372559
1.2466719150543213
0.9431238174438477
0.9600262641906738
0.9993467330932617
0.8118007183074951
0.8860344886779785
0.9065053462982178
1.054318904876709
0.8094067573547363
0.8248045444488525
0.8728859424591064
1.2049744129180908
0.8968770503997803
0.8532276153564453
0.8317620754241943
0.7908797264099121
1.0277187824249268
0.923985481262207
0.9440670013427734
0.919079065322876
0.7853434085845947
0.9371027946472168
0.896085262298584
0.8354575634002686
0.9206485748291016
1.130617380142212
1.2152037620544434
0.7844734191894531
0.8790855407714844
0.806020975112915
0.8624212741851807
0.9406070709228516
1.1380298137664795
0.7507164478302002
1.220107078552246
0.993009090423584
1.239335060119629
1.098179578781128
0.7546625137329102
0.8513972759246826
1.1723871231079102
0.9532151222229004
1.2395374774932861
0.8858027458190918
1.0353543758392334
0.8723573684692383
0.9715359210968018
0.8059484958648682
0.8088150024414062
0.8860597610473633
1.1594882011413574
1.1087679862976074
0.9453535079956055
1.0450060367584229
1.0233497619628906
1.1936094760894775
0.8447744846343994
1.2118844985961914
1.1872384548187256
0.992206335067749
0.9660592079162598
0.7808446884155273
1.1874973773956299
0.8024158477783203
1.2286570072174072
1.2425153255462646
1.0029115676879883
0.7698030471801758
0.9791786670684814
0.7629499435424805
1.188004493713379
1.2438735961914062
0.9483358860015869
1.2521040439605713
1.247415542602539
1.107534646987915
0.8394668102264404
1.0850064754486084
1.1331596374511719
0.8888587951660156
1.0324935913085938
0.8914210796356201
0.9580361843109131
1.1597638130187988
0.9147651195526123
1.0867490768432617
1.047240972518921
0.7715272903442383
1.2437028884887695
0.8697805404663086
1.199310064315796
0.9230022430419922
1.2439501285552979
0.8992204666137695
1.1195049285888672
0.817209005355835
1.0968830585479736
1.0563406944274902
1.1161248683929443
0.9033875465393066
0.7840991020202637
1.2172324657440186
1.1890523433685303
1.03584885597229
1.1627721786499023
0.8608837127685547
0.9874217510223389
1.0940349102020264
1.0870792865753174
0.9848983287811279
0.830878734588623
0.937798261642456
0.944594144821167
0.9162042140960693
0.7695505619049072
1.030669927597046
0.9593057632446289
0.6978964805603027
1.215639591217041
0.7531626224517822
0.808814287185669
1.0306668281555176
0.9866547584533691
0.7737565040588379
0.8678185939788818
1.0127875804901123
1.130946159362793
0.7894289493560791
1.1741228103637695
0.9387466907501221
1.1440117359161377
0.8153665065765381
1.0800518989562988
1.035015344619751
0.8068122863769531
1.0487661361694336
1.0680770874023438
1.1325781345367432
0.7958564758300781
0.8126053810119629
1.0061264038085938
0.8421046733856201
0.8196640014648438
0.8651173114776611
1.1635980606079102
1.023404836654663
1.1907432079315186
1.0354902744293213
1.1497201919555664
1.1298370361328125
1.0730206966400146
1.0880320072174072
1.0406980514526367
1.0370440483093262
1.0310001373291016
0.9774379730224609
0.9033901691436768
1.2466211318969727
0.9363934993743896
1.2261743545532227
1.1100304126739502
1.1044366359710693
1.1484472751617432
0.9015944004058838
0.9963314533233643
0.9378459453582764
0.9813747406005859
1.1664535999298096
0.8951802253723145
0.8288311958312988
1.043982744216919
1.2412071228027344
1.1266608238220215
0.9853978157043457
1.2407054901123047
0.9986748695373535
1.0998015403747559
0.7697482109069824
1.2255358695983887
0.8298449516296387
1.112727403640747
1.1593084335327148
0.9193990230560303
1.118669033050537
1.0925219058990479
1.2062385082244873
1.0850276947021484
0.8594896793365479
1.2332470417022705
0.7764115333557129
1.1096186637878418
0.9089856147766113
1.1218454837799072
1.2209179401397705
0.9489750862121582
0.9682235717773438
1.046522855758667
0.7563462257385254
1.2363779544830322
1.239055871963501
0.8472614288330078
