0.552009105682373
0.47861194610595703
0.6299705505371094
0.5788185596466064
0.5983259677886963
0.5776572227478027
0.4208803176879883
0.5246119499206543
0.5040700435638428
0.38199758529663086
0.5772638320922852
0.5908393859863281
0.6466405391693115
0.4561882019042969
0.48824501037597656
0.43209290504455566
0.46033167839050293
0.5998072624206543
0.5615935325622559
0.5206141471862793
0.4959754943847656
0.6174886226654053
0.3942074775695801
0.35726046562194824
0.6300921440124512
0.5890192985534668
0.5386829376220703
0.5715711116790771
0.6218225955963135
0.3593106269836426
0.5326731204986572
0.5835292339324951
0.48656535148620605
0.4001185894012451
0.45693373680114746
0.44274163246154785
0.6075267791748047
0.6337053775787354
0.5802884101867676
0.47809457778930664
0.5534453392028809
0.5836641788482666
0.37299180030822754
0.4603157043457031
0.3589785099029541
0.5171716213226318
0.6141555309295654
0.393993616104126
0.5002090930938721
0.5138602256774902
0.4145493507385254
0.368241548538208
0.438154935836792
0.548126220703125
0.4083249568939209
0.42038702964782715
0.5563344955444336
0.47512245178222656
0.4347226619720459
0.5352425575256348
0.4293527603149414
0.4037289619445801
0.6076502799987793
0.5741965770721436
0.41472578048706055
0.6399664878845215
0.3970766067504883
0.4400465488433838
0.5692782402038574
0.48064756393432617
0.5403470993041992
0.4741687774658203
0.5447475910186768
0.5450382232666016
0.6037895679473877
0.49523377418518066
0.39533495903015137
0.5462958812713623
0.5535235404968262
0.3796834945678711
0.43787312507629395
0.4212963581085205
0.3764774799346924
0.44651103019714355
0.6333985328674316
0.604144811630249
0.4932444095611572
0.41236209869384766
0.37497806549072266
0.5578727722167969
0.4923241138458252
0.6174907684326172
0.4641697406768799
-0.6258282661437988
0.5902414321899414
0.4121577739715576
0.6484763622283936
0.634807825088501
0.5273551940917969
0.5149824619293213
0.46657824516296387
0.3824610710144043
0.4091930389404297
0.5648834705352783
0.6143176555633545
0.6137621402740479
0.6302320957183838
0.5553348064422607
0.5865094661712646
0.40291619300842285
0.5713043212890625
0.37596940994262695
0.5946342945098877
0.39300537109375
0.4107511043548584
0.5116076469421387
0.5129761695861816
0.647291898727417
0.5671110153198242
0.6011309623718262
0.45485615730285645
0.4661128520965576
0.6430134773254395
0.5431704521179199
0.38103199005126953
0.37874746322631836
0.4105863571166992
0.4034247398376465
0.5360283851623535
0.5405962467193604
0.5442266464233398
0.4987494945526123
0.6134464740753174
0.42702341079711914
0.497816801071167
0.3960096836090088
0.4898993968963623
0.5279839038848877
0.4797630310058594
0.5969128608703613
0.46610522270202637
0.524263858795166
0.40964460372924805
0.6437296867370605
0.5834183692932129
0.3609752655029297
0.3610842227935791
0.6269173622131348
0.4168975353240967
0.5366313457489014
0.5475449562072754
0.5550816059112549
0.5864028930664062
0.4256768226623535
0.4227874279022217
0.5829553604125977
0.6219954490661621
0.3649406433105469
0.5217852592468262
0.6438920497894287
0.3828098773956299
0.488292932510376
0.3665463924407959
0.5289959907531738
0.47016406059265137
0.4568362236022949
0.42400050163269043
0.44531869888305664
0.4736604690551758
0.5936276912689209
0.5055360794067383
0.5022718906402588
0.3861556053161621
0.6262810230255127
0.5391104221343994
0.6050798892974854
0.6057760715484619
0.4481363296508789
0.4197404384613037
0.6118981838226318
0.6474721431732178
0.5936360359191895
0.44748353958129883
0.5135259628295898
0.3929266929626465
0.5882306098937988
0.580322265625
0.6363680362701416
0.5882854461669922
0.3695650100708008
0.5626897811889648
0.5129461288452148
0.5435926914215088
0.6271681785583496
0.3822784423828125
0.6136350631713867
0.45903515815734863
0.6020119190216064
0.49419069290161133
0.5454018115997314
0.6459343433380127
0.6231448650360107
0.5600614547729492
0.5404431819915771
0.5986073017120361
0.4930722713470459
0.5961306095123291
0.6409380435943604
0.4015350341796875
0.3950040340423584
0.4789910316467285
0.6481361389160156
0.38782262802124023
0.47699832916259766
0.5837163925170898
0.6490585803985596
0.5907893180847168
0.5939302444458008
0.37883687019348145
0.535452127456665
0.5048787593841553
0.5266323089599609
0.633641242980957
0.4992814064025879
0.5000815391540527
0.6529748439788818
0.4171121120452881
0.571697473526001
0.6184031963348389
0.5060157775878906
0.5429894924163818
0.6173727512359619
0.5019657611846924
0.389803409576416
0.40248894691467285
0.5656929016113281
0.5300259590148926
0.4440910816192627
0.3709700107574463
0.42261695861816406
0.5338079929351807
0.5482454299926758
0.5711569786071777
0.36876344680786133
0.4371979236602783
0.41167664527893066
0.38019633293151855
0.510026216506958
0.6368446350097656
0.4596083164215088
0.5654819011688232
0.4087345600128174
0.6455326080322266
0.3845090866088867
0.42183423042297363
0.36667919158935547
0.356630802154541
0.6216309070587158
0.53326416015625
0.5727853775024414
0.5963103771209717
0.5718796253204346
0.6275417804718018
0.4623222351074219
0.5080230236053467
0.6171214580535889
0.6231458187103271
0.6330113410949707
0.436204195022583
0.41573381423950195
0.5280971527099609
0.39442896842956543
0.478271484375
0.5044019222259521
0.4198744297027588
0.4517557621002197
0.4414823055267334
0.5153977870941162
0.6347112655639648
0.5551598072052002
0.5133991241455078
0.5072977542877197
0.6109375953674316
0.3610568046569824
0.5609943866729736
0.442258358001709
0.5858516693115234
0.4876115322113037
0.5168845653533936
0.3909151554107666
0.3550252914428711
0.38375091552734375
0.5720531940460205
0.6287531852722168
0.43523406982421875
0.6499853134155273
0.5871210098266602
0.6509392261505127
0.37644433975219727
0.4669945240020752
0.36609411239624023
0.5929317474365234
0.37470221519470215
0.43378210067749023
0.4851410388946533
0.5791466236114502
0.5848517417907715
0.5169336795806885
0.6219785213470459
0.5105352401733398
0.5282349586486816
0.5171339511871338
0.3737986087799072
0.3824610710144043
0.5817699432373047
0.592144250869751
0.6339221000671387
0.5025851726531982
0.5483505725860596
0.4136209487915039
0.6333262920379639
0.46608996391296387
0.5164391994476318
0.5837197303771973
0.6240131855010986
0.3975820541381836
0.4897496700286865
0.4617311954498291
0.38211941719055176
0.5575070381164551
0.6479976177215576
0.5086801052093506
0.6420562267303467
0.4736800193786621
0.6005010604858398
0.5802762508392334
0.42357635498046875
0.5378193855285645
0.4437143802642822
0.3692774772644043
0.3772010803222656
0.6518189907073975
0.3657238483428955
0.5034856796264648
0.4895212650299072
0.46038079261779785
0.38187646865844727
0.5093541145324707
0.508091926574707
0.4431009292602539
0.5926733016967773
0.5074329376220703
0.35323667526245117
0.4124431610107422
0.3847236633300781
0.6340084075927734
0.3673133850097656
0.6056435108184814
0.38875913619995117
0.6146626472473145
0.37318968772888184
0.6206469535827637
0.5656113624572754
0.3588712215423584
0.3919949531555176
0.44825005531311035
0.40540075302124023
0.6467947959899902
0.590613603591919
0.3949129581451416
0.6444332599639893
0.47458600997924805
0.5048105716705322
0.5097458362579346
0.4380171298980713
0.537614107131958
0.6443560123443604
0.40488719940185547
0.5702300071716309
0.4861900806427002
0.5505805015563965
0.3923015594482422
0.41182422637939453
0.44283556938171387
0.38637685775756836
0.37940430641174316
0.480604887008667
0.5519871711730957
0.5511131286621094
0.4396698474884033
0.6176872253417969
0.6426231861114502
0.3912651538848877
0.43024253845214844
0.6400187015533447
0.545482873916626
0.5174136161804199
0.3640248775482178
0.6509582996368408
0.5423290729522705
0.4329564571380615
0.6326148509979248
0.4983983039855957
0.6352114677429199
-0.16295504570007324
0.4627838134765625
0.49295926094055176
0.38651108741760254
0.37526988983154297
0.38696908950805664
0.6481859683990479
0.39592862129211426
0.575885534286499
0.5137522220611572
0.42731618881225586
0.5588474273681641
0.5369875431060791
0.3576846122741699
0.40966200828552246
0.5024111270904541
0.4565310478210449
0.41939496994018555
0.6024203300476074
0.5194683074951172
0.3985259532928467
0.47298240661621094
0.5917930603027344
0.5164811611175537
0.47879743576049805
0.36830925941467285
0.5494871139526367
0.42824602127075195
0.5978209972381592
0.4188859462738037
0.6372056007385254
0.44841551780700684
0.47451210021972656
0.645672082901001
0.5521759986877441
0.4063987731933594
0.3814225196838379
0.4054889678955078
0.42261171340942383
0.6220979690551758
0.5249876976013184
0.6296639442443848
0.40933704376220703
0.5520303249359131
0.5706541538238525
0.5574843883514404
0.5767025947570801
0.5656747817993164
0.4768500328063965
0.4865000247955322
0.5918631553649902
0.5982391834259033
0.6507179737091064
0.5938358306884766
0.40087127685546875
0.4857330322265625
0.4967823028564453
0.4501228332519531
0.35779881477355957
0.3892054557800293
0.5911605358123779
0.39131760597229004
0.5565195083618164
0.4924006462097168
0.6032047271728516
0.3905956745147705
0.38706040382385254
0.37063050270080566
0.44675183296203613
0.5031929016113281
0.5603127479553223
0.37091612815856934
0.35321950912475586
0.541773796081543
0.38214612007141113
0.3954334259033203
0.4530477523803711
0.5093145370483398
0.4037470817565918
0.4435248374938965
0.4834887981414795
0.5295016765594482
0.6113276481628418
0.39563655853271484
0.40650415420532227
0.5881519317626953
0.6212661266326904
0.39821696281433105
0.42296314239501953
0.6448013782501221
0.5080657005310059
0.5442550182342529
0.3985731601715088
0.3705718517303467
0.40164685249328613
0.5871951580047607
0.6338992118835449
