7.063949108123779,30.078121244141393,1.4277946214701855,6
7.484813928604126,30.10146976889335,1.4644767178096856,6
7.569214344024658,30.106868566349963,1.4066574895204456,6
8.139435052871704,30.098387584986458,1.374410784660256,6
7.6673948764801025,30.072426416801907,1.4322429029188892,6
8.243876218795776,30.114382076345585,1.4416593127981705,6
8.380697965621948,30.044169225269833,1.4309588420783639,6
7.966318130493164,30.110970740766366,1.455878665774654,6
8.417369842529297,30.093643220153375,1.4326125892683774,6
8.6409170627594,30.069557629764013,1.4393437628988304,6
8.448724031448364,30.06004706489326,1.4550819571962375,6
8.945516109466553,30.08128405712483,1.4868941289549455,6
7.62823224067688,30.082817019670017,1.4624096504945634,6
7.574913024902344,30.105682294802513,1.4072241224866675,6
8.985361814498901,30.07951532154454,1.380618279255257,6
7.772518873214722,30.08926793116283,1.4076743154972509,6
7.723816871643066,30.078956989154314,1.4149716876536387,6
7.89970588684082,30.10725123419652,1.4123614446563502,6
8.097053050994873,30.090011802286774,1.4382579048462139,6
8.169761896133423,30.09170844135653,1.3941999157087657,6
7.98140287399292,30.110819938777908,1.4029013572632334,6
6.8399200439453125,30.08440682714196,1.4623004319982078,6
3.938549041748047,15.046012638443743,0.7576819617442015,3
8.341073274612427,30.111883303528238,1.398512933830522,6
8.893632888793945,30.09230631342716,1.4794934186352704,6
8.324556112289429,30.07407132038784,1.349321084665985,6
7.6919169425964355,30.092889869723844,1.3899757775936612,6
8.245190143585205,30.090091133414916,1.4949004580616054,6
8.698779106140137,30.080655517761816,1.4535027340306224,6
8.465956211090088,30.10820818076396,1.4774789257130592,6
7.806538105010986,30.09506944075197,1.463401201654467,6
7.116159915924072,30.1402528793621,1.5021746501507813,6
8.1524817943573,30.098281941919918,1.427983392623552,6
8.222339868545532,30.095579391493157,1.449728105238085,6
4.185218095779419,15.0573069365761,0.6974308526569861,3
8.240113019943237,30.122459996990713,1.4239812384807162,6
8.474601030349731,30.07351936824727,1.4358148088093614,6
6.764556169509888,30.0878335024628,1.4100668243771513,6
7.210563898086548,30.117279113193575,1.4412515888631305,6
8.37800121307373,30.10287865337984,1.3486533438558126,6
4.073977947235107,15.054251257075018,0.7391764744632231,3
7.798625946044922,30.09961565439242,1.4270334320948588,6
7.835844993591309,30.093867540899698,1.4149667725074138,6
8.005653142929077,30.05671053701793,1.4543420456544445,6
8.361448764801025,30.088364084634208,1.4422960910449538,6
3.6040098667144775,15.048973739286689,0.719603421985334,3
8.235323905944824,30.082157137612953,1.4044341264162938,6
7.634077072143555,30.11590090950994,1.5303474624198266,6
8.201448202133179,30.098191693135668,1.4345114010170712,6
8.178766965866089,30.08393987619807,1.4581941483749674,6
7.943570852279663,30.118252292732976,1.4056117198303202,6
4.129673004150391,15.039894097158854,0.7266002952975099,3
4.104480981826782,15.025076712222981,0.6956081613845424,3
8.5762300491333,30.102064486201463,1.4737385856187157,6
8.403338193893433,30.080217003527046,1.3933872873592532,6
7.9051430225372314,30.114156054877633,1.3868135755319595,6
7.912329912185669,30.10042967427528,1.433306361033708,6
8.011626958847046,30.073277263576266,1.4511805293316313,6
8.914130926132202,30.08949066040936,1.4410357922197203,6
7.58120584487915,30.05974335204201,1.429950008077483,6
8.66651201248169,30.10668554830582,1.4894595319983368,6
7.65041708946228,30.10938955815719,1.3510876030571817,6
9.204479932785034,30.085934999476976,1.4142332246043252,6
3.84037184715271,15.04325791606156,0.6800024733893434,3
9.056391954421997,30.074581544237766,1.4985972435680384,6
8.279844045639038,30.11088813050811,1.436485865318668,6
6.939270973205566,30.147373334418063,1.3848415090146096,6
7.6829400062561035,30.124551224046677,1.4629428942910299,6
4.21215295791626,15.054624592495463,0.7178200891831492,3
8.74712085723877,30.09481131819209,1.4450657634410662,6
9.038949728012085,30.079606623816247,1.4394693295302377,6
7.516402006149292,30.080002529654863,1.4282420564146685,6
7.742193937301636,30.122051796376475,1.4604305382274172,6
9.108581066131592,30.07632497713119,1.4011724385149245,6
7.915855169296265,30.101913869901978,1.4082687176418103,6
9.120000123977661,30.095190289736625,1.4723456547732632,6
7.792312860488892,30.09321708840426,1.4139896878269962,6
9.150814294815063,30.097687073080778,1.4379184992695573,6
8.478591203689575,30.06550992521081,1.4303892853148075,6
6.600382089614868,30.098820360457168,1.3865297437215987,6
4.032773733139038,15.062781381930382,0.7397435202573759,3
4.328355073928833,15.043363594239894,0.7692090282339442,3
8.13554835319519,30.06478975690895,1.5237773846005376,6
8.008311986923218,30.10658996366338,1.45339632392943,6
7.759636878967285,30.08064095167735,1.404573661471642,6
8.060601949691772,30.098591392701465,1.418576950890805,6
9.196143865585327,30.060066166530238,1.3280157465646907,6
8.024503946304321,30.05294508095895,1.3988405481606836,6
7.068492889404297,30.10616179189841,1.37576445180887,6
4.168760061264038,15.0486184706396,0.6805060368488034,3
8.15114974975586,30.079479036220643,1.4576281954531531,6
3.896523952484131,15.049439309142139,0.7448772070529025,3
8.018458127975464,30.069733555566266,1.427017298557785,6
7.770719051361084,30.07029305575539,1.4656658999562473,6
9.133411884307861,30.067630721820635,1.421773535876642,6
8.177227020263672,30.10454238314789,1.4926482196737196,6
8.13130807876587,30.10908090442393,1.478175356742842,6
8.898583889007568,30.09378844773405,1.358812076810609,6
8.591611862182617,30.07567762290159,1.4606390577199055,6
8.013088941574097,30.09150317967078,1.3654465650940888,6
8.593013048171997,30.096736343169507,1.4215731930469355,6
7.913269996643066,30.104679003413864,1.4891677855908254,6
7.789216995239258,30.091618379491166,1.437286580377038,6
8.686031818389893,30.0967254589313,1.4770450984022387,6
8.021443128585815,30.07311794057116,1.4820875771928033,6
8.177178859710693,30.084243654051292,1.4130482737656402,6
7.56686806678772,30.110872274470392,1.433361584779809,6
7.616175174713135,30.093580914908994,1.3694050082093763,6
7.689941167831421,30.077356158216457,1.4635778704828217,6
8.236679077148438,30.101011610636718,1.3790643226196344,6
8.183868885040283,30.117799049035202,1.426241941885671,6
9.287900924682617,30.100462766461934,1.5064192671565526,6
8.178002119064331,30.075062928103726,1.4535663970576294,6
7.882738828659058,30.082003568220603,1.439903392805458,6
7.50092077255249,30.08893574058513,1.3564975242530362,6
8.185045957565308,30.07216295006389,1.4182112414288934,6
8.190847873687744,30.114459182983058,1.4313610824233713,6
8.163928985595703,30.082409319215166,1.4085190085490553,6
8.242439985275269,30.07590052973731,1.4545777555306036,6
8.766918897628784,30.088662623499886,1.4288627826246079,6
8.155877828598022,30.086326271082577,1.385126273564996,6
7.961729049682617,30.091710472459507,1.3347620814239023,6
8.415846109390259,30.095668088824983,1.4407650080686656,6
7.941495180130005,30.09406968427674,1.4376604379959115,6
8.690964937210083,30.084231166589014,1.4138194641787791,6
8.204202890396118,30.11443013743783,1.3874186565280273,6
8.232089042663574,30.062479575103993,1.378013517534191,6
3.9977710247039795,15.04791005830953,0.6820210066012229,3
3.8797850608825684,15.039004275825082,0.6865202049920922,3
8.618395328521729,30.098458410151114,1.4769434480923187,6
7.984757661819458,30.085352398572635,1.42361705815075,6
8.591559171676636,30.110758721614047,1.4313566248412497,6
7.882487058639526,30.119571910297648,1.469559310888756,6
8.130703687667847,30.095849322787817,1.4263138804192643,6
7.940165281295776,30.106134514972105,1.3945810618397518,6
8.923035860061646,30.103235495695174,1.3452767942223525,6
8.225717067718506,30.081773847951897,1.4623946522290165,6
7.87978982925415,30.093760972168898,1.3968579101853167,6
8.003695011138916,30.082030651534986,1.4329420197864382,6
8.880857944488525,30.091677168060542,1.445370696394143,6
9.71065902709961,30.092455745816707,1.5379396471003268,6
8.621042251586914,30.088623134833846,1.473005496199885,6
8.000019073486328,30.09342001765964,1.442184242977867,6
7.963186025619507,30.149256102417585,1.3817970343455472,6
7.927945852279663,30.09531648244299,1.438492570009386,6
7.866117000579834,30.120226967614926,1.3504745905983129,6
7.67082405090332,30.106466388008677,1.4253715119717785,6
8.543051958084106,30.11620179988134,1.4592264576562772,6
7.794233083724976,30.11521152751782,1.4000074567714373,6
7.936350345611572,30.079360104306435,1.3632971116183479,6
7.899234771728516,30.08737147125362,1.401703476237586,6
9.469969034194946,30.103193553627456,1.465169002607243,6
7.72931694984436,30.097836810679546,1.4693083943739886,6
7.834662675857544,30.110403589173437,1.324876974050238,6
7.59761905670166,30.092778881804705,1.3752618706047606,6
8.354034900665283,30.112268129587342,1.4740377835535412,6
7.819655895233154,30.107797147959637,1.4454939029851344,6
7.934028148651123,30.108257022120846,1.42436544087239,6
8.69921875,30.078379778230566,1.3910798102951574,6
7.496357202529907,30.090090441088897,1.4241421055557546,6
8.142179250717163,30.131445210946826,1.4561323037335652,6
9.184055805206299,30.081022495927325,1.509944080583316,6
7.829167127609253,30.07878880532318,1.4316372989491393,6
7.999750137329102,30.13068876755242,1.4161486237352092,6
8.73690915107727,30.09694907150546,1.3649061420828164,6
4.271334171295166,15.028780356417563,0.6937445599021766,3
8.13202714920044,30.093893738674772,1.440007353825115,6
7.139254093170166,30.09518177731368,1.3983314973922052,6
8.656259775161743,30.11462692364071,1.4242087916293993,6
8.755084037780762,30.09786245656435,1.4219646366209258,6
8.264811038970947,30.12393159443845,1.4075194511704199,6
9.073785305023193,30.103063683593437,1.4183791611988836,6
3.9036669731140137,15.06259474118919,0.7562409189280208,3
8.745660066604614,30.100903394461866,1.4166275897897067,6
7.972161054611206,30.122150250486985,1.4497267941841554,6
7.801220178604126,30.103045664817543,1.4597325873022187,6
7.509882926940918,30.086318444350553,1.4160677203434342,6
8.25857424736023,30.116639472056335,1.3912971307947601,6
8.27187991142273,30.11714986947748,1.4397459328429398,6
8.266292810440063,30.088121190571318,1.4749640334773892,6
4.1286749839782715,15.052437356329841,0.7187092167821417,3
8.966031074523926,30.07258642723102,1.485081168807611,6
7.635545015335083,30.073369946254438,1.4584123624959169,6
7.825518846511841,30.108813930776883,1.3964653686887565,6
7.030741930007935,30.084197531226312,1.4911820357342844,6
7.3707311153411865,30.11499984150416,1.5055973607094255,6
7.915273189544678,30.090440698139517,1.413646807024607,6
7.593595266342163,30.09835727516782,1.3697179436956135,6
8.398337841033936,30.085791122354447,1.4532785353495685,6
7.845177173614502,30.09767999943449,1.3779892263230633,6
8.194744110107422,30.07147210993904,1.4694207555577496,6
8.42627501487732,30.071485520576037,1.4323710101521083,6
4.093828201293945,15.052178424208591,0.7168760613539643,3
7.858835935592651,30.109909172567708,1.4221239054760444,6
8.237823009490967,30.101888182852925,1.4561742485741784,6
3.898813247680664,15.037432229281807,0.6867311341702569,3
8.47070574760437,30.155867731572442,1.4155743019020441,6
8.069206714630127,30.081050196127386,1.4299749064866536,6
8.445105075836182,30.082802452569158,1.3913733295593949,6
7.989824056625366,30.090893017266755,1.385440256723839,6
8.704702854156494,30.104327219288873,1.4402102757557331,6
7.8111443519592285,30.07737129584388,1.5049653290741263,6
8.988218069076538,30.085248784582568,1.4191774183245465,6
7.720694065093994,30.09297495498266,1.4827000295280628,6
4.257850885391235,15.05645774606209,0.6923665694921894,3
8.215593814849854,30.099874611738244,1.4873264253135141,6
8.999851942062378,30.064901189079045,1.4116194793783394,6
4.026752948760986,15.04882782074349,0.6744256008918987,3
7.769789934158325,30.092238194544553,1.5060189521669276,6
8.453487873077393,30.115756207178162,1.4902828739744183,6
8.619812250137329,30.11059105018051,1.4890926991801092,6
7.498895883560181,30.125491202435327,1.466929428909863,6
8.724106073379517,30.09420666232642,1.442472555542865,6
7.968624114990234,30.09039564720641,1.3880343844787075,6
3.9816789627075195,15.023958655484869,0.73818148576444,3
7.951909780502319,30.084675592978265,1.4489502583508573,6
9.076980113983154,30.101620178691405,1.4314088880083697,6
7.729165077209473,30.077029422198272,1.4344939859668648,6
3.9207990169525146,15.048379713823048,0.7019569831474117,3
9.28084397315979,30.09466027733269,1.449587555402691,6
7.742817163467407,30.094967364511884,1.4945715196177927,6
7.77126407623291,30.091794987053312,1.4217770852372733,6
8.03599500656128,30.072162729826722,1.439446721221188,6
3.969547986984253,15.032895026504427,0.7278744680077955,3
8.588876008987427,30.10447145844086,1.4453953548830984,6
3.898919105529785,15.030774238233928,0.7311464113465214,3
4.107709884643555,15.030803222862959,0.7085787522096634,3
7.81512188911438,30.10548909341982,1.4838037951272856,6
8.265888929367065,30.112986385443154,1.4674725969873046,6
7.527708292007446,30.075003307022453,1.4501406648588695,6
9.171178817749023,30.083726305415396,1.515936598201051,6
7.962159156799316,30.106636734563764,1.4699460167679648,6
8.095256805419922,30.085590999985875,1.4168090899882848,6
7.9018402099609375,30.08249860542603,1.396267425898388,6
8.846886157989502,30.100878799135582,1.3503454303350206,6
8.102806091308594,30.113058336323494,1.477830339965169,6
4.020620822906494,15.05907998640825,0.7319539177980012,3
6.9556732177734375,30.0702200083436,1.4704830675283784,6
8.39506196975708,30.107213584639297,1.4705297722081327,6
4.121896982192993,15.039613591725233,0.6833760130950921,3
7.43037223815918,30.082425960184587,1.4154638337928573,6
4.017220973968506,15.06567315801663,0.7010557034816879,3
8.681262254714966,30.08492788319274,1.3860082026040272,6
7.325838088989258,30.08982503931084,1.424488767195366,6
7.950765132904053,30.088198516997853,1.4217773742997255,6
8.06780481338501,30.076058295704385,1.4099460980382241,6
8.418591022491455,30.09417032735449,1.455879773038195,6
7.936179876327515,30.08620939581904,1.4253399376696443,6
6.692699909210205,30.087913676219603,1.409618720337077,6
8.161717891693115,30.089838212479496,1.411436793866617,6
7.694111108779907,30.094191870778552,1.4562776406730014,6
7.808601140975952,30.101112561929053,1.4255402147363696,6
7.946069002151489,30.10173399730011,1.3825857092922875,6
8.186145067214966,30.074707696386415,1.463835122979117,6
8.2652428150177,30.10334729400197,1.4423431240025228,6
7.930344104766846,30.109946879063337,1.484358803554035,6
8.931812047958374,30.099292987443082,1.3758509339228568,6
3.940073013305664,15.046520645763856,0.7087970084878403,3
7.954203128814697,30.102088655894065,1.4724838041946726,6
8.909980773925781,30.094470328970246,1.4052896584090746,6
7.946616172790527,30.11518560779444,1.4158527276574193,6
8.966849088668823,30.079500828155744,1.4430059258308763,6
8.678489208221436,30.07358163669049,1.4431873029201607,6
8.107586145401001,30.090685259184763,1.4192347668123522,6
7.828701019287109,30.099079289087726,1.4247164295593515,6
8.514141321182251,30.088044081406156,1.436830380323474,6
8.435946941375732,30.083962829286353,1.4279188214959337,6
3.955786943435669,15.05552527294548,0.7456997722829215,3
7.620834112167358,30.06933733105774,1.4236332078001988,6
8.392850875854492,30.102414481415543,1.4383580268630847,6
7.079439878463745,30.09519891870803,1.445261360539795,6
4.078945875167847,15.067237255817187,0.732954513335179,3
9.816435813903809,30.091658209594016,1.4579581276230036,6
7.830449819564819,30.102658369153097,1.4596726148336039,6
8.78674602508545,30.066271425740045,1.5212991871797177,6
9.03650689125061,30.11190382739626,1.4748994009770846,6
7.5631959438323975,30.081885852139735,1.367438876174279,6
8.0799880027771,30.078355718932393,1.4423276293593599,6
8.06824016571045,30.081199378197084,1.410578017433761,6
8.134940147399902,30.075088399481764,1.4333853423183225,6
7.4395997524261475,30.092751987212598,1.4595620252034334,6
4.072561979293823,15.045871218816878,0.7186390228930901,3
8.115013122558594,30.093064856747844,1.413745862571161,6
7.816844940185547,30.09182580985464,1.4195497786742162,6
7.995017051696777,30.09730963476771,1.449958205269745,6
3.8642489910125732,15.04239330653569,0.6545440513189003,3
8.47122597694397,30.071188420997228,1.4389116524407333,6
3.898238182067871,15.050072185530961,0.6924265351282324,3
7.950961112976074,30.092070211520806,1.45906367022488,6
4.082288026809692,15.046002884428315,0.6983514602025522,3
8.136708974838257,30.07882592916626,1.4604963406915779,6
8.409147262573242,30.106616748048243,1.4406450197565779,6
7.794871807098389,30.094092297564256,1.380544770029277,6
8.568247079849243,30.076436445906523,1.3774964176771545,6
3.880423069000244,15.042141115596493,0.7022103908006928,3
8.467167139053345,30.066531042797166,1.4645846058013539,6
7.89414381980896,30.0988141267955,1.3822258240431213,6
3.88346529006958,15.062665652177447,0.6888419220077183,3
7.98814582824707,30.09747890879293,1.4336279054051264,6
7.060179948806763,30.09635181412437,1.4162129271604147,6
6.858999729156494,30.092351078644345,1.458024360208983,6
7.039157152175903,30.110188829470694,1.4485672539337247,6
7.837846040725708,30.0732329873864,1.4307769062353097,6
7.983767032623291,30.081437685511908,1.379770131086056,6
8.828805208206177,30.074270799655316,1.4616620676922487,6
8.350531101226807,30.088635650382834,1.4580943800536847,6
7.909403085708618,30.071558685421824,1.441633765848972,6
7.79318904876709,30.087173801957153,1.4066290122317424,6
8.165548086166382,30.08670048785503,1.3497786201026285,6
8.252911806106567,30.075919351624087,1.4192162842832967,6
7.773575782775879,30.08883565948759,1.4051833429907605,6
4.154843091964722,15.033188623032586,0.7473902234571852,3
4.366076946258545,15.047221072465717,0.7082610009308503,3
7.583391904830933,30.092383361363556,1.472707298185371,6
7.710222244262695,30.079330682315135,1.3772933108345733,6
7.896637916564941,30.089065883565322,1.4664425769096172,6
8.049937009811401,30.07650528664353,1.4806646142736044,6
8.031728982925415,30.124354555388443,1.4539063620840718,6
7.813785791397095,30.099093059932354,1.4442486730920165,6
8.037014961242676,30.107165823284213,1.3967481203904792,6
8.922749996185303,30.068639882827277,1.4436931638408639,6
9.293598890304565,30.10238334318871,1.4416442582361035,6
7.376734972000122,30.116821932611508,1.4000278112359352,6
7.526750087738037,30.107835230840653,1.4673429878058057,6
8.900169372558594,30.068018105750653,1.5012839942496212,6
8.348759889602661,30.098502836587148,1.5155608467151342,6
8.266146183013916,30.085995510548045,1.4085400711267955,6
8.120322942733765,30.10421552298635,1.421802879195702,6
8.3418128490448,30.081586869187227,1.4357058754688663,6
7.736621856689453,30.10105520419162,1.3957729184787087,6
8.405335187911987,30.14635086796006,1.4392243025262668,6
7.072484970092773,30.120604772015632,1.454982693317184,6
7.3259053230285645,30.11656067103206,1.3977391249375883,6
8.665365934371948,30.11008368098892,1.4648073677881892,6
8.616364002227783,30.12772806466329,1.427379974828506,6
8.213788986206055,30.1034772181644,1.4485314164482732,6
7.074104070663452,30.056523164922282,1.3251309731151881,6
7.201811075210571,30.07669043549771,1.4271456758387058,6
6.881389856338501,30.068127608167575,1.3891912655861631,6
7.118891000747681,30.09918516304758,1.4666546706689523,6
3.9590280055999756,15.038036261474819,0.7183273642973647,3
3.9528708457946777,15.043269721829486,0.6741554451252201,3
8.094603061676025,30.12010650502656,1.4986223861609687,6
7.780753135681152,30.104251263284596,1.49171445667297,6
9.380529880523682,30.088918545076844,1.4054799764308805,6
7.720118045806885,30.089555935823583,1.3899867317723855,6
8.75353193283081,30.068449689310484,1.45619074795375,6
8.27677607536316,30.10790906599616,1.5473732915124074,6
8.299631834030151,30.09738713591931,1.4260433932577539,6
9.096788883209229,30.07154073464853,1.412806623912779,6
4.0692949295043945,15.059168918646634,0.7021470358640965,3
7.834456205368042,30.073929384658097,1.4308541480027337,6
7.842426061630249,30.10382796476851,1.4512565873215741,6
8.240221977233887,30.11423401183505,1.3745433561393996,6
4.051892042160034,15.033712773101406,0.7137071330227198,3
7.880620956420898,30.084991469381013,1.4134763539499287,6
8.268322944641113,30.03384193891018,1.4285849910407173,6
6.778987169265747,30.09514557720258,1.429489117858322,6
8.43170714378357,30.074028623539398,1.4267771871720454,6
3.822608232498169,15.044158614501473,0.7350707669893902,3
7.795032262802124,30.104049627347816,1.4274191650444967,6
8.53626799583435,30.102190598249067,1.435580582053765,6
8.266562700271606,30.083133181145215,1.4014050876466773,6
8.161933898925781,30.11303270194347,1.4134696867676237,6
7.790328025817871,30.077874294725234,1.3625341611125827,6
8.463300228118896,30.124722598437963,1.366209547541162,6
8.82356309890747,30.101516348488786,1.4262099884699,6
8.228079319000244,30.10146309784346,1.450418009772625,6
8.101583242416382,30.08769350865378,1.4334792115258939,6
7.7545599937438965,30.112067392217295,1.4288546087526455,6
8.776530027389526,30.104036292364615,1.390426960918296,6
8.03525686264038,30.102283381764146,1.4112080382869412,6
8.195266008377075,30.117903296328063,1.4210921986099159,6
7.8201189041137695,30.10443407973097,1.3932776170232268,6
7.6153929233551025,30.08565184952392,1.4563456236496373,6
7.729694843292236,30.074312030719373,1.403931033001153,6
7.960417032241821,30.10983417162134,1.4325338689019365,6
7.845039129257202,30.0877918251813,1.4380948543657048,6
8.613832950592041,30.109209561092925,1.4222095629852833,6
4.049431085586548,15.027782127098103,0.7219007845432759,3
8.117914915084839,30.09795951697344,1.3710244308896546,6
9.264595985412598,30.088699265478994,1.4425240817990859,6
8.144492149353027,30.076193842096988,1.4453221725301293,6
8.293375015258789,30.120980627848013,1.5043396387460966,6
8.535694122314453,30.105919629099848,1.4408455340387034,6
7.152547836303711,30.065275182962374,1.4246274378657238,6
8.698967218399048,30.074957217770944,1.4554395065779115,6
7.786693811416626,30.102291693062757,1.4315356959264687,6
8.444665908813477,30.10575023930301,1.4455703725738218,6
7.419640779495239,30.097150270455415,1.4834000440713797,6
7.959358215332031,30.0945097965706,1.426653337970216,6
8.172651052474976,30.082689150771948,1.4402847645824954,6
8.111010074615479,30.112291674936927,1.4709988761914323,6
8.10578989982605,30.11202890700012,1.3961931537268668,6
7.1120851039886475,30.112681073191293,1.3864040030618414,6
8.167545795440674,30.118744943307814,1.4552142139669573,6
9.063623905181885,30.110903173345818,1.4532057760547996,6
7.665937185287476,30.08443955564767,1.3784956775174608,6
8.230742931365967,30.05574705393956,1.4148595520598044,6
7.983350038528442,30.09824768829499,1.4279371453513927,6
8.686779975891113,30.07293320653953,1.3923065437587399,6
7.704539060592651,30.072674091577284,1.4012497056327153,6
7.328778982162476,30.082749472260183,1.4030571344953677,6
7.4565348625183105,30.082012442342943,1.4506310964036564,6
7.727793216705322,30.084159181120768,1.4365865752926985,6
8.672883033752441,30.112381958711303,1.3744212359460177,6
9.316855907440186,30.102298909830203,1.538750131356231,6
8.028532981872559,30.088693499371068,1.3435390021707838,6
8.870642900466919,30.10222690606088,1.4030090039348582,6
4.473960876464844,15.043428006695809,0.7299389341172788,3
8.057600021362305,30.05410135678826,1.4372888869058589,6
8.165344715118408,30.078123939988295,1.429024149085302,6
6.856452226638794,30.064165488011792,1.4540949776951895,6
8.407481908798218,30.101658556997485,1.48183562382303,6
8.017242908477783,30.063685549213226,1.4823848739318333,6
8.633589029312134,30.088967816753087,1.507012295445491,6
8.28187108039856,30.09799684139608,1.4332747422856362,6
7.9756200313568115,30.134098736146164,1.435346705792416,6
8.756226062774658,30.108758752546006,1.4014522201785988,6
8.320472955703735,30.08806821965255,1.4142952523424581,6
8.71475100517273,30.070597269364747,1.4248942789422698,6
4.079674243927002,15.053735925582892,0.739197703992705,3
4.19734787940979,15.04079558857214,0.7178301923782151,3
8.260683059692383,30.095177753162226,1.3725297551275522,6
8.654305696487427,30.106370298124073,1.465055664463205,6
7.9647910594940186,30.1256324323047,1.4701338247047946,6
8.054728984832764,30.06459557536997,1.4572633241722426,6
8.233001947402954,30.079383140057676,1.4521510573401915,6
8.229785919189453,30.071155305177427,1.4752278371257217,6
8.270974159240723,30.11399514833657,1.522745587165504,6
8.022678852081299,30.075794573918635,1.481803822910812,6
7.337992906570435,30.087420534949064,1.4601041528665075,6
8.70649790763855,30.09888739548137,1.3479612909111154,6
7.8836610317230225,30.110141388101322,1.2985551753541515,6
6.968459129333496,30.152971948898944,1.418829542272342,6
3.8770241737365723,15.03342908153779,0.7308318329956308,3
8.060250043869019,30.074995296228657,1.4579389280869577,6
8.134479999542236,30.063506417787806,1.4422574075337977,6
7.875211000442505,30.070902976000788,1.3684579447490846,6
7.637682914733887,30.08816682409122,1.3998817133379724,6
8.212269067764282,30.1120155331874,1.3663642416485184,6
7.691138744354248,30.10595002154585,1.3535773148101087,6
8.893845081329346,30.059768334078896,1.3774709550298738,6
8.37320590019226,30.080018834916025,1.4564334808775237,6
8.615454196929932,30.090295373400178,1.4864445848101422,6
7.960686922073364,30.089440569713943,1.3859907214591227,6
6.610882759094238,30.111035505578457,1.4235398530248633,6
8.03549575805664,30.098055091517164,1.4481425354744806,6
7.923075914382935,30.116052365371573,1.4484866499972315,6
7.498747110366821,30.10633193606149,1.3643627077544644,6
4.138930082321167,15.06239143104753,0.7628732269932732,3
6.984775066375732,30.07127157969243,1.4204413643769316,6
8.049921989440918,30.11422536278298,1.4142889463740975,6
8.001361846923828,30.069392085931376,1.4690192103475153,6
7.470861196517944,30.096289113470938,1.4477466521044797,6
7.637056112289429,30.104769069980673,1.3846932124553966,6
7.924823045730591,30.092220576538192,1.4079491902318986,6
8.510548114776611,30.08005879144213,1.4344927825730214,6
8.425392866134644,30.056083934279712,1.4491097064862024,6
7.782137155532837,30.1001342326845,1.4376443828353807,6
8.04055905342102,30.072571560818734,1.4148163179937723,6
8.711795806884766,30.084562763525298,1.4171954198134862,6
4.242202997207642,15.042869083853766,0.7480451422553637,3
8.973848819732666,30.072906553713675,1.4201117256001319,6
7.5077972412109375,30.08600869023857,1.3764414133352694,6
7.4514710903167725,30.087477885767036,1.4315973013282326,6
7.958258867263794,30.10364943710786,1.4466737389723328,6
8.968880891799927,30.08380696650638,1.4295149124509585,6
8.759828090667725,30.10006178026301,1.3906180723078467,6
7.689788341522217,30.090733945916305,1.4232711945800407,6
7.806239128112793,30.093497862894843,1.4322805647308645,6
7.725369691848755,30.088311522514235,1.4178203278292028,6
3.9203739166259766,15.032735118736525,0.690367016685539,3
9.190038204193115,30.095061951136927,1.4832834324078408,6
7.90811014175415,30.103341997734198,1.3834371870027231,6
8.625344038009644,30.109450724445214,1.3609641452262455,6
8.236979007720947,30.0978288329864,1.4877201162371487,6
8.218796968460083,30.095266312960952,1.3863966689898257,6
8.116499900817871,30.084586146538904,1.4228637722728343,6
8.356312274932861,30.098312863131962,1.470157756453724,6
7.6361119747161865,30.070066976724405,1.428176938154337,6
8.014615774154663,30.110699591286117,1.4710844336715547,6
4.1530046463012695,15.038869233064602,0.7951560736081921,3
8.908899784088135,30.104211971497392,1.455526488619333,6
8.17953109741211,30.089673255379783,1.4562998391234316,6
4.132073163986206,15.04760478271032,0.7489448038374467,3
8.491047143936157,30.08578022914552,1.3928740940791289,6
7.800434112548828,30.102176294871054,1.4209587605008547,6
7.581988096237183,30.075273223038877,1.3851268803495724,6
8.126797199249268,30.057905043922343,1.355643346958689,6
7.378579139709473,30.10245833607373,1.424686830475375,6
8.91321611404419,30.076833817501065,1.4399171083171256,6
3.951533079147339,15.034634032799872,0.7270225640793907,3
7.885348796844482,30.1240931519799,1.429799785262828,6
4.187115907669067,15.051050124119772,0.7233403697220429,3
7.807682037353516,30.110563713796665,1.4658895116101558,6
8.170323848724365,30.068721731179018,1.3543138327498938,6
7.765439987182617,30.098041849705325,1.5178835839723965,6
7.840801954269409,30.08739051494029,1.4204552059854127,6
7.721050024032593,30.095341450846544,1.361448233490797,6
