7.89612603187561,30.11110092363493,1.5107828068649805,6
7.81603479385376,30.077367730149422,1.4014619794362808,6
8.32323694229126,30.0856611380208,1.3838574104614263,6
8.318366050720215,30.088799680269496,1.4542275137843759,6
8.376136064529419,30.091832405043366,1.4846711088881623,6
7.842575788497925,30.089348013602713,1.4546861501590123,6
8.183844089508057,30.085145896855078,1.447472424725134,6
7.816407918930054,30.09052691284122,1.3918636597324112,6
8.41422700881958,30.079616560352243,1.3994312200674712,6
8.159410953521729,30.109119863725475,1.4558973885792157,6
7.988805294036865,30.102452988028237,1.4281453471266317,6
7.672680854797363,30.07449476625609,1.4358390243766812,6
7.75876522064209,30.085684978693507,1.4119260290966027,6
8.209086179733276,30.089299027267618,1.4441475461171933,6
7.996297836303711,30.10008026579417,1.3981922414995125,6
8.046709060668945,30.096981795771896,1.4122238598814354,6
8.294358730316162,30.09810362959444,1.3953972322690542,6
8.051445960998535,30.09987533382162,1.4254642944846045,6
8.256614923477173,30.10963160898999,1.470541417042656,6
7.872743368148804,30.101120929845962,1.3622393150486607,6
8.25587797164917,30.079864760763872,1.489417537467441,6
7.8977930545806885,30.076783707668376,1.3957780226182603,6
7.7821478843688965,30.069370084937724,1.481406262109676,6
8.013463735580444,30.086056529007323,1.4310721282626173,6
8.236902236938477,30.10090995294021,1.488032729181148,6
7.561102867126465,30.10445077239057,1.4574260868674431,6
8.252892971038818,30.080481918706266,1.3784789559204675,6
7.927534818649292,30.111440880658137,1.3353265410522064,6
8.026312112808228,30.09020689019123,1.3945243902143818,6
8.164431095123291,30.087949997300637,1.48171976896767,6
8.133656024932861,30.108670606329305,1.4507310752556553,6
8.100565195083618,30.09129697581083,1.4190275142245743,6
7.95852518081665,30.07702261763962,1.3396065862193156,6
8.34899091720581,30.092370820180285,1.4375518723325573,6
8.173105001449585,30.093254181997352,1.432353178428726,6
8.363069772720337,30.08845734858966,1.4597362751065264,6
8.21837306022644,30.092198592532867,1.4464342370016952,6
7.884772062301636,30.114070938499054,1.4389967162807156,6
8.253606081008911,30.096915114877213,1.4411897190668377,6
8.283719062805176,30.081192270747074,1.4626157815396592,6
7.731281042098999,30.089547923086542,1.4339483726812632,6
8.257867097854614,30.10820007678405,1.4612386560005943,6
8.181615829467773,30.115184479836334,1.4585597658419023,6
7.930950164794922,30.114587362465127,1.415092979000342,6
8.150034189224243,30.11298100426673,1.4497155596195148,6
8.45142388343811,30.11865795112852,1.4477711751362516,6
8.270325183868408,30.1112004624336,1.4344531071143867,6
8.321106195449829,30.096983593064984,1.498158462669676,6
8.125540018081665,30.11368065574982,1.446789192605553,6
8.412376880645752,30.09263596709434,1.4791478536815057,6
8.253448963165283,30.104206586458965,1.4159113048659921,6
8.087784051895142,30.102086042322696,1.4133414746007218,6
8.40724492073059,30.091331140224952,1.4126302719241046,6
8.121510744094849,30.089702724923786,1.477873449985799,6
7.971889972686768,30.089036345476234,1.4031256414483302,6
8.263659954071045,30.09842654596689,1.4189400560512224,6
8.116250991821289,30.082577677030834,1.3964479311223634,6
8.22462010383606,30.067648414729064,1.422894935065915,6
7.927994251251221,30.09069827661366,1.3908800356309146,6
7.831063985824585,30.064407129155434,1.4613537634233853,6
8.007093906402588,30.12276229761797,1.4600285380040683,6
8.105206966400146,30.093124235653796,1.4517341333198241,6
7.865377902984619,30.087058371858653,1.5271573578096813,6
8.244297981262207,30.08007057342109,1.4949505140118244,6
8.044826984405518,30.080920387208145,1.4022719721133272,6
7.964447021484375,30.076989145532547,1.395509396524891,6
8.364975214004517,30.09491486270941,1.430375854573003,6
8.228330850601196,30.08409245183556,1.3691605797410358,6
8.267557144165039,30.096831631874117,1.4460976722231202,6
7.819246768951416,30.079153082578785,1.4048105681296594,6
8.188942909240723,30.09665026979392,1.468182083459933,6
8.020874977111816,30.071563164260244,1.4571018549679888,6
8.274842023849487,30.06624132373681,1.4017463788910385,6
7.763121843338013,30.10031043136034,1.4163632473164065,6
8.325819253921509,30.101057605169594,1.448641345371039,6
7.941220998764038,30.07952318675025,1.4578476209166507,6
7.925553798675537,30.072878580083106,1.359525676904898,6
8.159081935882568,30.095184268241944,1.4595081589744698,6
7.748790979385376,30.072030084074484,1.458554965388394,6
8.049874782562256,30.103193500186958,1.4786408416847074,6
8.15199327468872,30.08370949688147,1.451611939577035,6
8.134021997451782,30.084253089657004,1.3799498682594495,6
8.201537132263184,30.08684905721618,1.469602169542472,6
8.126227855682373,30.072560524418307,1.3998738747824448,6
8.279929161071777,30.083802258080883,1.4012586743405255,6
8.142216920852661,30.083356517285146,1.4361872410573806,6
8.107279300689697,30.098285502136275,1.4064610284479164,6
8.492942094802856,30.09991349857457,1.387401922522508,6
8.263216972351074,30.116822648486092,1.3427483775815603,6
7.9122302532196045,30.108447158313314,1.4359138236228601,6
8.220371961593628,30.09064043774301,1.410500200306246,6
8.222778081893921,30.084459594952865,1.3682827796690151,6
8.149744272232056,30.08214688614886,1.4318622506914371,6
7.74398398399353,30.086801964646604,1.4603728838599208,6
8.118376970291138,30.10026379669065,1.4312365545555616,6
8.383584022521973,30.081473886194043,1.3299845394446492,6
7.864921808242798,30.11740923246057,1.424666182631692,6
8.168761968612671,30.092679737925668,1.4025951514946287,6
8.054253101348877,30.102757519879987,1.4027203513513717,6
8.364435911178589,30.070188307748865,1.3871742059722556,6
8.083983182907104,30.105706751556674,1.4296397454976764,6
8.034799098968506,30.083340497334422,1.3519104126965844,6
8.356787204742432,30.09541229355501,1.4186813403626986,6
7.6834800243377686,30.099368318207134,1.4322026209014465,6
8.272084951400757,30.08226673660412,1.481556419689542,6
7.852241039276123,30.107026662388606,1.374415936704144,6
7.780415058135986,30.097439830742225,1.4251674725393901,6
8.7553129196167,30.087474045300027,1.500534555964829,6
7.923938035964966,30.104296228149593,1.3499270315075518,6
8.243798017501831,30.07666977792203,1.3547462984516783,6
8.441865921020508,30.10865331611742,1.4706516835566128,6
8.287023067474365,30.106860161155677,1.4780924680653313,6
8.29256296157837,30.090212411386794,1.456340945972828,6
8.109591960906982,30.085325095992655,1.4435078763083584,6
8.482990026473999,30.114738656015476,1.4879512705716662,6
8.154697895050049,30.087186640024516,1.422544047254995,6
8.02516508102417,30.09569988900297,1.4383949181310158,6
7.596797943115234,30.061521589053104,1.3585382794269536,6
8.101837873458862,30.093950305311047,1.4291413515760312,6
8.299549102783203,30.08846952015972,1.4889297781441424,6
8.311543941497803,30.093144534130793,1.4076620049927349,6
8.204486846923828,30.110937254982844,1.3881410555769484,6
8.065300941467285,30.104880893272835,1.3846906482163739,6
8.25238823890686,30.106897959834193,1.4114176867101293,6
8.586621284484863,30.078818090753007,1.429936642353951,6
8.300158977508545,30.083821114990705,1.4530130697053227,6
8.449549913406372,30.08881214992383,1.3366949516020226,6
8.43402910232544,30.100719082694567,1.4471803531333334,6
8.17258596420288,30.08727515954952,1.4605865531574462,6
8.170894861221313,30.091498744896892,1.4384674676020097,6
8.12209177017212,30.095224256513117,1.4289151353746337,6
8.343477010726929,30.088482825145174,1.4321229019122272,6
8.034312963485718,30.09411368738418,1.455483601822043,6
8.103152990341187,30.109695946490383,1.432726687987035,6
7.750427961349487,30.109987799600646,1.4471995299173877,6
8.14674687385559,30.09477877480957,1.4154342092940255,6
7.845945119857788,30.08886159903185,1.4477260344351892,6
8.024519920349121,30.08306106022981,1.4279358710973726,6
7.8031110763549805,30.083790116393512,1.443626030923788,6
7.77783203125,30.070345259469626,1.506325210196171,6
8.49507188796997,30.089503188663002,1.4627733627278348,6
8.02423882484436,30.118779505006238,1.4269956440331506,6
8.064268112182617,30.105430727646592,1.4366199947220775,6
8.126139879226685,30.10721748912031,1.427720955215047,6
7.799728870391846,30.08838894813685,1.4037895989971354,6
8.221163749694824,30.084815220370658,1.4777931650101899,6
8.33015489578247,30.112695704642483,1.4212578188354406,6
8.267727136611938,30.10287426556547,1.4024510051859116,6
7.654020071029663,30.101067317274083,1.4397352093619264,6
8.24560022354126,30.070915734249734,1.4437256529144964,6
7.917200088500977,30.0949751641193,1.475430839697259,6
8.11264681816101,30.090381095598506,1.372890221677131,6
8.075649738311768,30.102447803248822,1.4330635162869492,6
8.291513204574585,30.11856801272021,1.486112336884694,6
7.677863836288452,30.091376366631913,1.4585650691040537,6
8.000164031982422,30.09698527643402,1.4580951984165038,6
8.071133852005005,30.098205825066504,1.411196664884926,6
7.869982957839966,30.099001221675657,1.3651225875791722,6
7.6294708251953125,30.09409237489465,1.425339213796811,6
8.277716875076294,30.107127519589536,1.3939458766654647,6
8.269640922546387,30.097160892222192,1.3962197797650178,6
7.932366132736206,30.11244191799576,1.406444980615492,6
8.27552318572998,30.0983599481848,1.4093156418034862,6
8.054722785949707,30.092953127787112,1.4115104980564448,6
7.78719687461853,30.091595005787394,1.400891277603507,6
8.095386981964111,30.10241937602124,1.4560837824130453,6
8.04262399673462,30.104338821565445,1.402826313887946,6
8.099096059799194,30.100824760405196,1.3792449182611701,6
8.061871767044067,30.117079833551678,1.4578460379805231,6
7.869862079620361,30.10715144949711,1.4001419615192159,6
7.789156913757324,30.10148367816145,1.373164347840866,6
7.8616907596588135,30.09888055110185,1.4971505952781912,6
7.958655834197998,30.113270318831148,1.3643708762722146,6
8.239763975143433,30.10029337252518,1.4127028102660038,6
7.948685169219971,30.09363788461946,1.3979751210090907,6
7.953731060028076,30.116086391271068,1.4789870106990428,6
8.123771905899048,30.098586583609656,1.4168716838904838,6
8.438406705856323,30.126015827324387,1.490036672699226,6
8.206077814102173,30.097871919810547,1.47961260845266,6
8.12366795539856,30.120156927859306,1.447630937580802,6
8.167029857635498,30.110966347613893,1.4910672733133508,6
8.059371948242188,30.113346654112288,1.4572308175357742,6
8.454791784286499,30.11568972974751,1.5289411330743363,6
8.34446096420288,30.101002758143053,1.483048490662067,6
8.273602724075317,30.09000758036861,1.3907922664944965,6
8.281371116638184,30.10045375271419,1.4821559973779683,6
7.818885803222656,30.09811041709508,1.4049726438167558,6
8.26990008354187,30.095319979350442,1.4722290941456806,6
7.976155996322632,30.085146691279938,1.3949675089481772,6
7.9020092487335205,30.080884897221942,1.4114003688349854,6
8.08866000175476,30.106064808040383,1.4458578923763565,6
7.683657884597778,30.083096910727505,1.4402868480051783,6
8.244464874267578,30.1093303865157,1.4625828916891401,6
8.507407903671265,30.086634803767893,1.3965118043687514,6
8.012952089309692,30.083150464928067,1.4395127286483798,6
7.8065080642700195,30.123972460484552,1.39336741128743,6
8.043783187866211,30.07206138920884,1.4454506413222605,6
7.9183290004730225,30.089390537360803,1.4411047061580295,6
8.284985780715942,30.091305815773612,1.3892353597885438,6
8.079424142837524,30.099366767759324,1.4340919847523668,6
8.178782939910889,30.105008724016297,1.5027479471347784,6
7.902038812637329,30.09157027724379,1.46399336393884,6
7.969018220901489,30.10095051121841,1.4312418915194007,6
8.061307907104492,30.10347507893183,1.3747821900826984,6
8.123152017593384,30.072163070584615,1.4698112977343532,6
8.309784173965454,30.07081950887693,1.4426557123154584,6
8.038909912109375,30.07821799306876,1.4009224284771435,6
7.816287994384766,30.109755255711544,1.4202714094886488,6
7.94573712348938,30.081015678210242,1.4862491856055366,6
7.876022100448608,30.084878327101325,1.4676119267654504,6
7.91418194770813,30.101355655529048,1.4318905394456873,6
7.738097906112671,30.10017342167655,1.3906965373578186,6
7.6730217933654785,30.097366139722567,1.4072479990813327,6
8.172494888305664,30.097400204035928,1.409534049124871,6
8.19856595993042,30.089130361231014,1.354212969576722,6
8.151390790939331,30.11100166297546,1.4333741400753532,6
8.105701923370361,30.109129187794007,1.4173807036752186,6
8.445626258850098,30.093462253994385,1.408207313580362,6
7.969533205032349,30.075508864187157,1.431154738215485,6
8.044326305389404,30.077816689661613,1.422860460361303,6
8.001605987548828,30.127841055860976,1.4654322511076585,6
7.994044780731201,30.107731399008877,1.4341233107754172,6
8.135296106338501,30.109886168144953,1.422972161075629,6
8.090961933135986,30.09602502720782,1.4622076399312895,6
8.034823894500732,30.06800183418027,1.3479186648599326,6
7.698668003082275,30.115413208868393,1.4003069139439401,6
8.134677171707153,30.100326844177427,1.4515057141530818,6
8.163725137710571,30.091729292060187,1.3845523230208525,6
7.968166828155518,30.07616589767794,1.471180927433013,6
8.23816180229187,30.096360881942953,1.4576057333480934,6
8.325709819793701,30.105562359457792,1.414885781646223,6
7.971682071685791,30.08473415275829,1.3923646631217486,6
7.899395227432251,30.10305229394041,1.4645515560646545,6
8.233773231506348,30.101546659254616,1.4824294001446918,6
7.944047927856445,30.08946525697526,1.4268653000008071,6
7.785902976989746,30.087411212785554,1.410437623874507,6
8.246441125869751,30.11360161601469,1.4203827697025035,6
8.384739875793457,30.080947296724567,1.46058045525578,6
8.389368057250977,30.0991006871626,1.4379615659609013,6
8.284223079681396,30.08979424005027,1.4338277955910652,6
8.07495403289795,30.087602607434725,1.426202742755233,6
7.9674999713897705,30.06938545807983,1.4213962906136193,6
8.224794149398804,30.077901468143043,1.467185612605883,6
7.6317009925842285,30.068260833244565,1.4496451240675752,6
7.981343984603882,30.080581330298255,1.4336700247868446,6
7.920921802520752,30.116129074893244,1.4802552300637117,6
7.782982349395752,30.106700981397502,1.4043984754172707,6
8.07155704498291,30.0785166068008,1.4443432944125592,6
7.983483076095581,30.0783031185338,1.4752376257685418,6
8.109256029129028,30.12161495705728,1.3698959333063043,6
8.074055194854736,30.11652977878402,1.4414829176458213,6
8.267779111862183,30.095430822060194,1.4581042998891207,6
7.790113210678101,30.07868822477358,1.3959027381844915,6
8.24095106124878,30.0883284584473,1.4446631303371205,6
7.899374008178711,30.096995209328064,1.4333303009420162,6
7.829355001449585,30.086418995788875,1.3461804245872238,6
8.050004959106445,30.09040402691795,1.425141358070001,6
8.293365001678467,30.12999140298068,1.4288317225774352,6
8.162077903747559,30.08895522855783,1.5024919755805632,6
8.18461012840271,30.06676595165537,1.428210556377755,6
7.932821035385132,30.090590214660743,1.3962519887853362,6
7.929234027862549,30.086201410535566,1.4551495577591886,6
7.931836843490601,30.09417454773676,1.433513276242137,6
8.422492027282715,30.098506307648393,1.426292020859544,6
8.393838167190552,30.08919908378394,1.4179939797929009,6
8.202511072158813,30.102362332170614,1.3991425215856508,6
7.885122060775757,30.106982244810368,1.3971341224406493,6
7.975048065185547,30.099443842316617,1.4236540288319732,6
7.5650858879089355,30.092114841808883,1.3551334919819835,6
8.188889026641846,30.06645528323779,1.4423191432347249,6
8.420701265335083,30.141258263837443,1.4388983750292843,6
7.899564027786255,30.10829223386898,1.381925795639062,6
7.821983098983765,30.084010415175925,1.3989856337094881,6
8.006293058395386,30.076264503348227,1.474577832126167,6
8.069123029708862,30.064512040697533,1.3796015364045255,6
7.849065065383911,30.09480329147545,1.4078904488993746,6
8.058669090270996,30.0935451858421,1.4734275242692756,6
7.7719879150390625,30.11584556921926,1.4968008417230925,6
8.091267108917236,30.082003814282395,1.4760235164384439,6
7.714267253875732,30.095080569304237,1.4219839192501378,6
8.08872103691101,30.10087898994193,1.4311249485668094,6
8.291987895965576,30.070490668457907,1.3732076857411668,6
8.200170993804932,30.10493468920444,1.3803680786400747,6
8.305298089981079,30.07131614821715,1.5007380862809887,6
8.081079959869385,30.109661290180284,1.381181338216373,6
8.0502290725708,30.077453965568072,1.4282972951385358,6
8.051400899887085,30.09227632404957,1.4386708410864824,6
7.980071783065796,30.088070081703695,1.4626519191502447,6
8.015809059143066,30.09994696084646,1.4654683316991863,6
8.068911075592041,30.085214281304694,1.4557371863655344,6
8.293555974960327,30.090067990360684,1.3690976067811098,6
8.29472804069519,30.105646886798734,1.4327799626590112,6
7.923398971557617,30.10765536310759,1.4131840949001528,6
7.957247018814087,30.09754754994715,1.4100335033850053,6
8.18676471710205,30.109336063267293,1.4383220005920718,6
8.169787168502808,30.103333677293048,1.4667091619111818,6
8.21821904182434,30.12195751615721,1.3712901186182844,6
7.939657926559448,30.098745565463904,1.355642034659745,6
8.14279294013977,30.12113142817904,1.402466280075171,6
7.961488962173462,30.089453263023167,1.4401587584514721,6
