6.736615896224976,55.15517045520177,0.2387585324110698,1
7.087920188903809,55.17097172048447,0.2561788376023738,1
6.831143140792847,55.15655245117857,0.2461140649436822,1
7.095057964324951,55.1515955987978,0.2606933058229094,1
6.568699836730957,55.15473808340866,0.23850586268695273,1
6.827792167663574,55.16905915541583,0.22439665286409716,1
6.929472923278809,55.197463159975925,0.24246081313908247,1
6.82648777961731,55.17386115580895,0.22130516426570443,1
6.919508934020996,55.17550233896489,0.24252173386048625,1
6.607161045074463,55.18153033529665,0.2200064718047114,1
7.2398200035095215,55.189478406080234,0.238525022994935,1
6.858628749847412,55.17190470069727,0.24750829384007003,1
6.746778249740601,55.15556393099936,0.23957453182801944,1
6.665318250656128,55.17275206604058,0.249052318550203,1
6.83138108253479,55.17720261598888,0.21265793516658635,1
6.671780109405518,55.16755853048768,0.25575055048851464,1
6.786994218826294,55.189090095312466,0.2596754993052701,1
7.1918511390686035,55.14156710412434,0.2696903325363006,1
6.733107089996338,55.207410396894524,0.20599118480802103,1
6.849184036254883,55.171472191696985,0.22624086447795877,1
6.387020826339722,55.180720645871034,0.21133537610433537,1
7.22650671005249,55.148415884531644,0.2610904970797886,1
7.090800046920776,55.16237951062182,0.24757869432908844,1
6.860071897506714,55.19214338972665,0.18799708429261391,1
6.86917781829834,55.18478350935735,0.2832561214388995,1
6.648504972457886,55.206976905138994,0.21229689977599203,1
6.75019383430481,55.137630228841964,0.25288582615935945,1
7.081956148147583,55.208645626759655,0.27745435513985,1
7.121494770050049,55.13345122481548,0.26233499778600694,1
6.750824928283691,55.11736071671782,0.251986300503453,1
6.716296911239624,55.18816285957676,0.23491680182518168,1
6.67733097076416,55.135429708914934,0.24459178950175167,1
6.486527919769287,55.16886519680929,0.19487627951272996,1
6.954195022583008,55.16546404397219,0.21724428530383938,1
6.825480937957764,55.14279079124278,0.23675671158107056,1
6.996345043182373,55.18168857438524,0.2132332679796525,1
7.115762233734131,55.15970336389507,0.25484180591068445,1
6.732029914855957,55.17859902483666,0.2644552849363119,1
7.004527807235718,55.207372369994324,0.24078237953113985,1
6.921229124069214,55.143742449387695,0.26299644073734696,1
6.996342897415161,55.166484353716726,0.22166175296178794,1
6.819458723068237,55.169713718665136,0.19481639376664975,1
6.58243203163147,55.16212542734861,0.23687551203587967,1
6.848366022109985,55.19263852547663,0.24990273858341427,1
7.008280038833618,55.204002233982514,0.26489705557366516,1
6.63182806968689,55.14798746765864,0.2536567443660382,1
6.62324595451355,55.14993141192008,0.23735975393593647,1
6.96247410774231,55.15297300401538,0.2539747802649943,1
6.734508991241455,55.15588486322616,0.22740241257134564,1
7.00213623046875,55.19041426489703,0.2503430145673458,1
6.966547966003418,55.181775887546564,0.2001284864947587,1
6.888153314590454,55.162210409400814,0.20447689170037392,1
6.908332109451294,55.195075116732255,0.28366775061971483,1
6.8308470249176025,55.14344496562022,0.24220601760636185,1
6.943360090255737,55.18415681817476,0.20662405952938506,1
7.0796308517456055,55.16988854627354,0.2842430756671865,1
6.711808919906616,55.208229578758925,0.23447352774652663,1
6.474110126495361,55.16582308405139,0.2166304557035732,1
6.70210599899292,55.17732552026821,0.22976266297584608,1
7.021774768829346,55.164639145675096,0.22738327277806217,1
6.6969239711761475,55.19827575686155,0.24629379025729314,1
6.608578205108643,55.170734467587025,0.25989591421683367,1
7.016600847244263,55.14285868832802,0.21567618307889777,1
7.14825177192688,55.16032949977502,0.25302349648184247,1
7.047033786773682,55.160143768433116,0.30456145514536315,1
6.937240123748779,55.17984514627754,0.23548048746667857,1
6.288345098495483,55.17477582623907,0.24494279695315868,1
6.947158098220825,55.16886085978202,0.22377853196184025,1
6.914407968521118,55.20805902117399,0.28446619969931863,1
6.700371980667114,55.160713791879886,0.2254191960295103,1
6.708277940750122,55.18579228484013,0.24646976523469183,1
6.9692370891571045,55.17901916298861,0.19853884915746034,1
6.602198123931885,55.13510991914401,0.21540527245228408,1
7.0347912311553955,55.162615654033075,0.2102784365589179,1
6.749979257583618,55.15239708709596,0.24291857205176792,1
6.82330322265625,55.197171661708346,0.24327198902606914,1
6.5570762157440186,55.180704513992595,0.2399771024290291,1
6.760717153549194,55.192475871520465,0.19886728141574503,1
6.753415107727051,55.150856314750776,0.24340315945946042,1
6.969092130661011,55.13076827606987,0.21462311000567652,1
7.060622215270996,55.16250738036117,0.2659001734786997,1
6.57453989982605,55.136483628714416,0.22080754494935984,1
7.2189881801605225,55.175444787337725,0.2778920784996667,1
6.610046863555908,55.133809125529424,0.23706639723927772,1
6.595996141433716,55.14991043620307,0.24070169376908607,1
6.9937520027160645,55.173589691413035,0.23852757060173638,1
7.017388105392456,55.20903300493828,0.29241339884081763,1
6.595002174377441,55.19833417622224,0.2568699884418103,1
7.0036962032318115,55.185231814313724,0.23898080622497314,1
6.526141166687012,55.15916811067173,0.20916129723980886,1
6.939307689666748,55.17948377264911,0.2394860324812405,1
6.864173173904419,55.20582600681834,0.25201056883844414,1
6.761548757553101,55.16867055824768,0.2168986399832088,1
6.668176889419556,55.19335047432584,0.20684105077868487,1
7.052930116653442,55.15450950329521,0.2792010189792707,1
7.058593034744263,55.195968453846106,0.24940963678865127,1
7.02023983001709,55.1579626748148,0.24195921600756057,1
6.71710205078125,55.146644884193954,0.2260732674842872,1
6.98040509223938,55.16426178002487,0.2598050688842764,1
6.576396942138672,55.17798322983596,0.23505821176204242,1
6.840726852416992,55.172598046978806,0.24123623234823674,1
6.699958801269531,55.198133712524864,0.2645811815487887,1
6.628711938858032,55.137427348131126,0.23165455890524475,1
7.157166242599487,55.21833687569849,0.2686663179700912,1
7.115262269973755,55.15421431736962,0.19514753739842186,1
6.906809091567993,55.17619220401761,0.2552497060500084,1
7.10558009147644,55.11023403303199,0.24974615205058115,1
6.773890733718872,55.16102799871929,0.21898508121162955,1
7.309726238250732,55.12565785417079,0.239231175211273,1
6.975880861282349,55.205552532988584,0.2374224430926496,1
7.144236087799072,55.190484638885124,0.18738418016122807,1
6.823009014129639,55.17925009702401,0.22360285746151162,1
6.804273843765259,55.136731933574055,0.21955296652522224,1
6.636409044265747,55.1838136479296,0.23828443650821884,1
6.563948631286621,55.20819548037378,0.18739463965482778,1
6.897235870361328,55.209673465490624,0.21459221039751591,1
6.503783941268921,55.14799892284185,0.22488563431522146,1
6.6418068408966064,55.20123604143142,0.2396084156552232,1
6.686935186386108,55.16433752770729,0.23057134409028168,1
6.567821741104126,55.15855634785647,0.24902570606889268,1
6.970600843429565,55.17618236207989,0.22376159217342112,1
6.974407911300659,55.20248627381803,0.24025741222574346,1
6.782189846038818,55.185606774886985,0.24374781052623012,1
7.178268909454346,55.181502911425994,0.2337967581705535,1
6.753218173980713,55.1200088524044,0.22253392120507848,1
6.8220908641815186,55.163489582813455,0.2622000596112568,1
6.855041980743408,55.178053866461454,0.22602306848008705,1
6.529368877410889,55.17849361946428,0.19556124804368297,1
6.835621118545532,55.20469200833756,0.21373476648852532,1
6.671565771102905,55.1837083207373,0.1948098108122498,1
6.893750905990601,55.15506403126629,0.2143503502131078,1
6.960411071777344,55.18648359782343,0.2918708382799838,1
6.881280899047852,55.20151220390186,0.2103563332978864,1
6.782498121261597,55.1531923487283,0.2294048843580569,1
6.891913890838623,55.21629641472519,0.2560777913125668,1
6.8452980518341064,55.22944213999857,0.23124257530944417,1
7.243657827377319,55.145767683703916,0.2624618209497044,1
6.711833715438843,55.20108339298229,0.24015171517677744,1
6.692993879318237,55.14365925375891,0.2859543484264218,1
7.1795830726623535,55.16485272050634,0.2577549190476276,1
6.76788592338562,55.16027833998651,0.2361660293964215,1
6.719350099563599,55.199133365471724,0.25243504214831264,1
6.584029197692871,55.18912205671579,0.2583660727472713,1
6.9784557819366455,55.15462688257255,0.2730101253675571,1
6.695749998092651,55.193632536161395,0.25075285107893885,1
6.828495025634766,55.16577495939897,0.2606771561434084,1
6.815954208374023,55.21395944717798,0.2792788363932085,1
6.702587842941284,55.1401828435836,0.21423487253068765,1
6.836350917816162,55.16528657214261,0.19392561332919045,1
7.1629250049591064,55.19587391545236,0.2358346399436221,1
