6.712758290622578,768.0,3.353419548367544,2.0,1.7184661223993798
7.4122675026252045,768.0,3.6545987061353813,2.0,1.8975404806720524
5.3466951252371775,768.0,2.772369448634611,2.0,1.3687539520607173
8.357337248810232,768.0,5.062134610748684,3.0,2.1394783356954195
5.951406379841387,768.0,2.8088220527134773,3.0,1.523560033239395
6.944761098220592,768.0,3.3876261326651607,3.0,1.7778588411444718
5.938294775608586,768.0,3.264379960501941,2.0,1.520203462555798
6.25980409985667,768.0,3.7413923934996998,3.0,1.6025098495633077
7.746343972238667,768.0,5.24992654642685,3.0,1.9830640568930988
7.396020123465777,768.0,3.337524056351147,3.0,1.893381151607239
6.435782815459797,768.0,4.086330381962994,3.0,1.6475604007577083
7.003926658282629,768.0,3.7089320593094026,3.0,1.793005224520353
5.657478075427598,768.0,2.961374356745583,3.0,1.4483143873094648
5.713034805092504,768.0,3.371980061514433,1.0,1.4625369101036811
8.017936128029657,768.0,3.8883285093937574,3.0,2.0525916487755924
6.465076939200046,768.0,3.089724265843065,2.0,1.6550596964352116
7.133627569428675,768.0,4.069452119508853,3.0,1.8262086577737406
7.226751618690779,768.0,3.3654023468333243,3.0,1.8500484143848392
6.090499824166848,768.0,3.5597443208025608,3.0,1.559167954986713
6.612310253026284,768.0,4.185187568160586,3.0,1.6927514247747288
8.276257176831768,768.0,3.027204163796651,3.0,2.1187218372689323
6.806912806202082,768.0,3.6536563705013685,3.0,1.742569678387733
5.620579675466917,768.0,2.3849338823729362,2.0,1.4388683969195308
7.724242109546683,768.0,3.339990745440974,2.0,1.9774059800439507
6.59946935096834,768.0,3.1418207193942544,3.0,1.689464153847895
6.996785510916544,768.0,4.432302952358422,3.0,1.7911770907946352
5.70097759407316,768.0,3.9394315376296585,3.0,1.459450264082729
5.308345849286098,768.0,2.176749023579762,3.0,1.3589365374172413
5.8093111070355805,768.0,3.1143053890294006,2.0,1.4871836434011088
6.748999481026954,768.0,3.5462514650720847,3.0,1.7277438671429
8.102129897990238,768.0,4.584226419384485,3.0,2.0741452538855008
9.362858825619288,768.0,5.602329801833011,3.0,2.3968918593585378
7.683756177895284,768.0,3.12396745955442,3.0,1.967041581541193
5.990632488294777,768.0,2.6264839098176482,2.0,1.5336019170034627
9.678654741387877,768.0,4.313863169028258,3.0,2.477735613795297
4.867022593600945,768.0,3.371605215655922,3.0,1.2459577839618419
7.803287353154999,768.0,4.501167930022315,2.0,1.9976415624076795
6.412502755312969,768.0,4.038403075068001,3.0,1.64160070536012
7.646389054599475,768.0,3.870739359762238,2.0,1.9574755979774654
5.073942614596972,768.0,2.578329418252732,1.0,1.2989293093368248
6.276160433378148,768.0,2.3004452160558446,2.0,1.606697070944806
7.887190229251345,768.0,3.195971014550979,3.0,2.0191206986883445
7.196133225434479,768.0,3.455239361357646,3.0,1.8422101057112268
6.326307547846702,768.0,3.254291229229544,3.0,1.6195347322487557
3.8008010172898494,768.0,2.6747084073214746,2.0,0.9730050604262014
7.049209057844793,768.0,3.6806389904559675,3.0,1.804597518808267
6.087831101125153,768.0,2.1067953761715206,2.0,1.558484761888039
5.857516562012491,768.0,2.8133177438851735,2.0,1.4995242398751978
6.26455304745075,768.0,2.0084997417932806,3.0,1.6037255801473922
5.6335056891793975,768.0,3.6807330382864283,3.0,1.4421774564299257
4.679817013191363,768.0,2.909234644614835,3.0,1.198033155376989
6.770755130355683,768.0,2.6825858469399493,2.0,1.733313313371055
7.652094574345389,768.0,4.320698253212003,3.0,1.9589362110324195
7.725657384807473,768.0,3.51375848113547,2.0,1.9777682905107132
5.098649669947759,768.0,3.0941248619473534,2.0,1.3052543155066263
4.385643358573081,768.0,2.639734874144286,2.0,1.122724699794709
6.292157324880052,768.0,3.9446819690048143,3.0,1.6107922751692931
6.22821453376956,768.0,3.17904896759469,3.0,1.5944229206450071
5.1309653577933245,768.0,3.150641388305794,2.0,1.3135271315950912
6.3015052497607895,768.0,3.2059874614215245,2.0,1.6131853439387622
7.182472209193561,768.0,4.101907570522711,3.0,1.8387128855535515
5.893795913573674,768.0,3.0519013171374896,3.0,1.5088117538748607
5.435297676057798,768.0,2.983978921571741,2.0,1.3914362050707962
6.922079723019171,768.0,4.986066524170743,3.0,1.7720524090929077
6.588338964010142,768.0,3.842147343523166,3.0,1.6866147747865963
6.821569391360819,768.0,3.678863457063139,2.0,1.7463217641883695
8.130606648249032,768.0,5.0240594228023765,3.0,2.081435301951752
6.8401776412495625,768.0,3.7775969595835805,3.0,1.751085476159888
5.769011552136453,768.0,3.5101742450610134,3.0,1.476866957346932
7.807702221148762,768.0,3.967798916521711,3.0,1.9987717686140831
7.016860230005339,768.0,3.5757430747515446,3.0,1.7963162188813666
7.865607555305675,768.0,3.3832884884354018,3.0,2.0135955341582528
7.741317653580067,768.0,4.293540866912334,3.0,1.981777319316497
7.235596190699544,768.0,3.2402423119068606,3.0,1.8523126248190833
8.504228631107761,768.0,4.089914188280952,3.0,2.1770825295635867
7.538072708205858,768.0,4.42770579505364,3.0,1.9297466133006995
8.72917660105231,768.0,4.9054115478132925,3.0,2.2346692098693914
4.899344265685087,768.0,1.9078769522452306,2.0,1.2542321320153824
6.298743439067451,768.0,3.9724639020436037,3.0,1.6124783204012676
7.719352271610953,768.0,3.596783365944944,3.0,1.976154181532404
6.071620554477652,768.0,3.1610653846028027,3.0,1.554334861946279
8.325869302700836,768.0,4.654121129515612,3.0,2.131422541491414
5.410137599027619,768.0,3.073587764579971,2.0,1.3849952253510704
10.119138762282384,768.0,4.30531954317363,3.0,2.5904995231442904
7.417780638180448,768.0,4.262577663463545,2.0,1.8989518433741948
5.151760920216603,768.0,3.172892884800402,2.0,1.3188507955754503
5.409166364828139,768.0,2.5745423079541,3.0,1.3847465893960038
8.238148220932317,768.0,4.682306261444136,2.0,2.108965944558673
7.136326961750189,768.0,3.7394431530667243,3.0,1.8268997022080484
7.146791110399359,768.0,4.833935449663381,3.0,1.829578524262236
7.382654090748173,768.0,4.975800183885857,3.0,1.8899594472315324
7.402625607593644,768.0,4.54481752838316,3.0,1.8950721555439731
7.7207282697008495,768.0,3.1743780227286,2.0,1.9765064370434176
6.961954490782924,768.0,4.322454680461338,3.0,1.7822603496404288
5.2611803329270135,768.0,2.376405532861149,3.0,1.3468621652293153
7.08041064230995,768.0,4.5744025650774205,3.0,1.8125851244313471
7.058080835656181,768.0,3.9262930179156155,3.0,1.8068686939279823
8.214475269489846,768.0,4.246796374015376,3.0,2.1029056689894006
7.389258199198763,768.0,2.829309629432032,3.0,1.8916500989948835
7.336456648841207,768.0,3.6323931441263384,3.0,1.8781329021033488
5.843100083936136,768.0,4.436832073731589,3.0,1.4958336214876509
6.331702409561334,768.0,2.695105710587524,2.0,1.6209158168477016
5.047484527623958,768.0,3.2725666949698216,3.0,1.292156039071733
6.000992163667339,768.0,3.3022849922316517,2.0,1.5362539938988389
5.162116517443355,768.0,2.432075795247115,2.0,1.3215018284654987
8.527072279821924,768.0,4.696710403304964,3.0,2.1829305036344127
7.448884345055788,768.0,3.2682624602308232,2.0,1.9069143923342815
6.331347802935654,768.0,3.865686073256124,2.0,1.6208250375515274
6.4418455261697005,768.0,3.013135518515008,3.0,1.6491124546994436
5.506597326359729,768.0,2.0927728049534777,3.0,1.4096889155480905
8.10222056294019,768.0,4.639088571141116,3.0,2.074168464112688
8.348260007728625,768.0,3.7861930555355285,2.0,2.137154561978528
5.111304700597154,768.0,2.805483860113036,2.0,1.3084940033528714
8.801069332641427,768.0,4.308228314315274,3.0,2.2530737491562056
8.627419540679998,768.0,4.774451602440525,3.0,2.2086194024140795
7.191279423429044,768.0,3.6818870254100613,3.0,1.840967532397835
8.054617511335334,768.0,4.8790502591607225,3.0,2.0619820829018454
6.80203426331699,768.0,3.823860312938378,3.0,1.7413207714091494
4.785625479283836,768.0,3.6241992835093804,3.0,1.225120122696662
7.197671177176851,768.0,4.109057605569077,3.0,1.8426038213572737
5.488303489701924,768.0,3.7231364277795675,3.0,1.4050056933636923
4.505062549400218,768.0,1.970153469223943,2.0,1.153296012646456
8.563748938671147,768.0,4.526475733803172,3.0,2.1923197282998133
5.578369310210435,768.0,3.3146298338512428,3.0,1.4280625434138714
7.923724244848548,768.0,4.453758500538956,3.0,2.028473406681228
4.557468747976992,768.0,2.487171670783565,2.0,1.16671199948211
6.977523039073022,768.0,4.218540031478333,2.0,1.7862458980026936
6.882278812043935,768.0,4.449376967258196,3.0,1.7618633758832472
10.54442669582661,768.0,4.439704019382629,3.0,2.6993732341316123
7.022107115838868,768.0,3.1119726302691055,3.0,1.7976594216547503
6.488473314616765,768.0,3.367509139371926,3.0,1.6610491685418916
7.402596238191735,768.0,4.983103479393473,3.0,1.895064636977084
7.968203905964341,768.0,3.677508295369107,3.0,2.0398601999268715
6.362137983352479,768.0,3.6515634145810396,3.0,1.6287073237382348
7.216688929946938,768.0,3.3293917143222695,3.0,1.847472366066416
7.390796238259433,768.0,4.194471900276671,3.0,1.892043836994415
7.509571240196358,768.0,3.9299364906778553,3.0,1.9224502374902677
7.378727411840906,768.0,4.462138817989928,3.0,1.8889542174312721
6.005885679636977,768.0,3.9039819963477784,3.0,1.5375067339870663
8.845424800063576,768.0,5.468428551198661,3.0,2.2644287488162753
5.467517793060837,768.0,2.208653317975155,2.0,1.3996845550235744
8.413671662347351,768.0,3.7239419866910506,3.0,2.153899945560922
5.617920639475713,768.0,3.193850500420443,3.0,1.4381876837057828
6.478814575812446,768.0,3.952171686392551,3.0,1.6585765314079859
7.788096804982171,768.0,4.830665138045459,3.0,1.993752782075436
9.08559458392551,768.0,4.872750443404777,3.0,2.3259122134849304
7.963458668956868,768.0,3.925142966584013,3.0,2.0386454192529584
8.555626071169971,768.0,4.90402117161787,3.0,2.1902402742195126
4.525109630490647,768.0,2.930728538468783,2.0,1.1584280654056054
7.324749586429529,768.0,2.944237339670445,3.0,1.8751358941259593
7.28277900631457,768.0,4.0335876032046265,3.0,1.86439142561653
6.70531396440145,768.0,3.4524504850865996,3.0,1.7165603748867713
5.869858242323843,768.0,3.160994678733692,2.0,1.5026837100349035
6.246851467547179,768.0,3.3943484771742947,2.0,1.5991939756920779
5.157767101961548,768.0,2.6409121520952645,2.0,1.3203883781021566
9.183070414406028,768.0,4.725212708960639,3.0,2.3508660260879433
4.436105780674408,768.0,2.621145352295731,2.0,1.1356430798526487
6.115388128289102,768.0,4.034075916562681,3.0,1.5655393608420103
7.268179779642994,768.0,3.250207722158024,3.0,1.8606540235886064
7.140752296933737,768.0,3.653863484439451,2.0,1.8280325880150368
8.54658421698396,768.0,4.19772942954007,3.0,2.1879255595478937
7.4525328267417255,768.0,3.7772548539628805,3.0,1.9078484036458818
6.102243958216821,768.0,3.012778684682287,3.0,1.562174453303506
6.741903775642536,768.0,3.610569892202026,3.0,1.725927366564489
7.787038995652388,768.0,3.0036234778718613,3.0,1.9934819828870112
9.826616106046698,768.0,5.199939004258309,3.0,2.515613723147955
8.643233957089887,768.0,4.769363768744677,3.0,2.212667893015011
7.256112445327598,768.0,4.4421135841036,3.0,1.857564786003865
8.753994363522155,768.0,4.489367258228089,3.0,2.2410225570616715
5.144199026895686,768.0,3.0934245869117607,2.0,1.3169149508852955
5.235773656597481,768.0,2.3654316316737964,2.0,1.3403580560889552
8.585187800660686,768.0,3.5794001844946712,3.0,2.1978080769691357
7.252730597892015,768.0,3.49544871914323,3.0,1.8566990330603557
7.343625694954508,768.0,3.2286395641289785,3.0,1.8799681779083537
6.512088123585224,768.0,3.4088652858184116,3.0,1.6670945596378173
6.6804046993006585,768.0,3.89085337460879,3.0,1.7101836030209685
7.782241511736464,768.0,4.102975079233299,2.0,1.9922538270045347
5.099396501386295,768.0,2.465746997898273,3.0,1.3054455043548914
6.836096440554858,768.0,2.903606339246773,1.0,1.7500406887820437
6.918966428243674,768.0,3.452543221147782,3.0,1.7712554056303804
8.715339283626598,768.0,4.433018186490051,3.0,2.231126856608409
8.949735568538504,768.0,4.923256520376333,3.0,2.2911323055458572
7.056912009718188,768.0,3.49288031081714,3.0,1.8065694744878562
6.624719893577917,768.0,3.998266758207598,2.0,1.695928292755947
7.553081763785531,768.0,4.144581139500474,3.0,1.9335889315290962
4.806045853902358,768.0,2.366626576409563,2.0,1.2303477385990038
5.836754268314779,768.0,3.1361296774211933,2.0,1.4942090926885836
5.341005939942481,768.0,2.9648434659658283,3.0,1.3672975206252753
4.637870178999255,768.0,2.9879078766543525,2.0,1.1872947658238093
7.119346784681946,768.0,4.198003987099256,2.0,1.822552776878578
7.719036275303778,768.0,3.3671850898107554,3.0,1.976073286477767
7.03935277588115,768.0,3.329620419429559,3.0,1.8020743106255743
9.637006501462725,768.0,4.801540929137852,3.0,2.4670736643744577
6.72938517323134,768.0,2.645531992259764,3.0,1.722722604347223
7.534649313133952,768.0,4.060229445362641,3.0,1.9288702241622915
7.0007679630897615,768.0,4.317658946365246,2.0,1.792196598550979
7.081342343746219,768.0,3.759417485526515,3.0,1.812823639999032
7.282770413091555,768.0,3.00430605141191,3.0,1.864389225751438
4.428664289063686,768.0,2.5464420832208674,1.0,1.1337380580003038
9.256647424010312,768.0,5.031467843680304,3.0,2.36970174054664
6.886492332104238,768.0,2.8412578368839165,3.0,1.7629420370186848
6.72592196163539,768.0,4.138897191190651,3.0,1.7218360221786597
8.081051680418378,768.0,5.06010722806363,3.0,2.068749230187105
6.357842163464722,768.0,4.320123695486808,3.0,1.627607593846969
8.236508573042276,768.0,4.1667205928690025,3.0,2.1085461946988224
7.27906611823879,768.0,3.8956563064112184,3.0,1.8634409262691303
8.421177868413926,768.0,4.622284755419973,3.0,2.155821534313965
8.818645039694022,768.0,5.094603192984652,3.0,2.2575731301616697
7.807240652373165,768.0,4.6513757571800225,3.0,1.99865360700753
6.284179892745192,768.0,3.2506856073763615,3.0,1.6087500525427691
4.420853169188519,768.0,2.076022086628494,2.0,1.131738411312261
5.889635574467013,768.0,3.1325054573861584,2.0,1.5077467070635553
7.356710424243856,768.0,3.7736593610063363,3.0,1.8833178686064271
6.632845238543551,768.0,3.6548567149074005,3.0,1.6980083810671491
6.332684805749299,768.0,3.415521380121267,3.0,1.6211673102718203
7.12574351551656,768.0,3.8410227756478323,3.0,1.8241903399722392
7.033192144484452,768.0,3.7964358124305906,3.0,1.8004971889880197
6.246250729932444,768.0,2.457589344960195,3.0,1.5990401868627058
7.73679822501729,768.0,3.7299277947675558,2.0,1.9806203456044262
7.703556644639952,768.0,4.417766454886962,3.0,1.9721105010278277
7.05865967261723,768.0,4.2800999951425425,3.0,1.807016876190011
8.786523139713548,768.0,5.05247611284628,3.0,2.249349923766668
5.933651467071137,768.0,2.657209519209141,3.0,1.519014775570211
7.186174663159489,768.0,3.7824019967923257,3.0,1.8396607137688292
8.657634275968944,768.0,5.06517573198566,3.0,2.2163543746480494
9.214805858702345,768.0,4.435042669112997,3.0,2.3589902998278007
6.895717675854265,768.0,4.087555053498716,3.0,1.7653037250186918
4.822954179900182,768.0,3.0614361076495875,3.0,1.2346762700544465
5.5202540630032395,768.0,2.6624474341427833,3.0,1.4131850401288295
4.225371683074189,768.0,2.050445027491381,1.0,1.0816951508669923
6.8451837075478315,768.0,3.6382966610345777,3.0,1.7523670291322448
7.893419664885892,768.0,3.4529446938258483,3.0,2.0207154342107883
5.312987180939131,768.0,3.611166311210005,3.0,1.3601247183204175
6.343723588481965,768.0,3.2229187921825577,3.0,1.6239932386513831
7.505147027396184,768.0,4.422941649772741,3.0,1.9213176390134232
7.902099209461982,768.0,4.872161396758775,3.0,2.0229373976222673
7.036482842571778,768.0,2.405710543317953,2.0,1.8013396076983752
7.377836317048724,768.0,3.8531798775713693,3.0,1.8887260971644735
8.072865590568211,768.0,3.708751848562217,3.0,2.066653591185462
8.218885055301849,768.0,3.758493789877112,3.0,2.1040345741572732
6.098193919714279,768.0,4.097544521186336,2.0,1.5611376434468556
6.080943469836982,768.0,2.8094587429089684,2.0,1.5567215282782674
6.7408587664829165,768.0,3.242139523607668,2.0,1.7256598442196265
5.999503934144615,768.0,3.7431630098728697,3.0,1.5358730071410214
6.578474288148799,768.0,3.946441589138696,3.0,1.6840894177660926
7.141070187627566,768.0,4.504994333137349,3.0,1.8281139680326568
4.167362709540019,768.0,2.1073585530387833,3.0,1.066844853642245
7.339934776083161,768.0,3.063620812649969,2.0,1.8790233026772891
8.538334965829687,768.0,4.699348661983527,3.0,2.1858137512524
6.539433386194982,768.0,3.0773315206230207,3.0,1.6740949468659152
5.373791781363943,768.0,2.520139436988826,2.0,1.3756906960291695
8.313131474777402,768.0,4.164848124601726,3.0,2.1281616575430147
7.3603951165796,768.0,3.4432212505335524,3.0,1.8842611498443775
4.624172898371726,768.0,2.282603152012189,2.0,1.183788261983162
6.399021290509207,768.0,3.645047191505758,3.0,1.638149450370357
7.14382465739345,768.0,2.927093586753234,2.0,1.8288191122927233
6.922704334562448,768.0,3.4902192420661087,3.0,1.7722123096479867
5.721114645713866,768.0,3.0074520668104645,2.0,1.46460534930275
6.974302660356076,768.0,3.547957601004234,2.0,1.7854214810511555
7.244122292705379,768.0,3.03951695308117,2.0,1.8544953069325771
8.111362832441356,768.0,3.987685259498249,2.0,2.076508885104987
4.330865836457568,768.0,2.693478596197284,2.0,1.1087016541331376
6.831348681144432,768.0,3.807134342555538,3.0,1.7488252623729745
5.444135929828225,768.0,2.8530748942701996,2.0,1.3936987980360256
7.104579321572092,768.0,3.480113180025444,3.0,1.8187723063224557
7.275200206707301,768.0,3.819322705008407,3.0,1.8624512529170691
6.134470561313027,768.0,3.06017033377206,2.0,1.5704244636961346
5.488031166215636,768.0,3.0108191120169234,2.0,1.4049359785512028
6.034130698763947,768.0,3.7726847283056317,3.0,1.5447374588835705
7.625850245674342,768.0,3.9428933969064737,2.0,1.9522176628926315
6.619905803874306,768.0,3.8374843406457675,2.0,1.6946958857918222
5.922888865502897,768.0,2.7695501572840735,2.0,1.5162595495687416
6.175211503081963,768.0,3.38765560057994,3.0,1.5808541447889826
6.889227397470849,768.0,3.1632942799026376,2.0,1.7636422137525374
7.895963916963103,768.0,4.286476972814428,3.0,2.0213667627425544
6.450127277487985,768.0,2.826029858906942,2.0,1.6512325830369239
5.255629812138835,768.0,2.715931675509596,2.0,1.3454412319075417
4.307686261767893,768.0,3.3245000113626335,3.0,1.1027676830125805
9.12012865387062,768.0,4.553930611568666,3.0,2.3347529353908785
8.18785260362701,768.0,5.259167444142949,3.0,2.096090266528514
6.870021200723308,768.0,3.584127296608745,2.0,1.758725427385167
5.608328173032242,768.0,3.111291645717674,3.0,1.435732012296254
8.45125536085232,768.0,4.853558732808005,3.0,2.1635213723781943
5.841960630561273,768.0,3.468943860500767,3.0,1.495541921423686
6.8736406351205614,768.0,3.1347776111180137,3.0,1.7596520025908637
6.569969517648167,768.0,3.723864138103171,3.0,1.681912196517931
6.143389203306489,768.0,2.2031410682271417,3.0,1.5727076360464611
10.46126998729736,768.0,4.371894844503692,3.0,2.6780851167481243
7.559689432429186,768.0,4.81164193649827,3.0,1.9352804947018718
5.521627304525326,768.0,2.645874885329376,3.0,1.4135365899584835
6.549506889586096,768.0,4.263210229525891,3.0,1.6766737637340408
7.57583840949202,768.0,3.787000690283046,3.0,1.9394146328299573
5.15665006233835,768.0,2.9778016867727777,2.0,1.3201024159586179
7.5146966217850295,768.0,2.674267208193388,3.0,1.9237623351769673
9.04244582256922,768.0,3.494695907775984,3.0,2.3148661305777205
7.21255606535341,768.0,3.718405947566338,1.0,1.846414352730473
9.270354892598789,768.0,5.111582280156414,3.0,2.3732108525052897
5.862192678737037,768.0,3.2185192000303315,2.0,1.5007213257566814
6.391006527774563,768.0,3.314914945760067,2.0,1.636097671110288
8.339791337795836,768.0,4.5013960193499605,3.0,2.134986582475734
7.299183485995399,768.0,3.977788180577082,3.0,1.868590972414822
5.526121471407613,768.0,2.2793100087853704,2.0,1.414687096680349
8.602372842847437,768.0,4.616470895231,3.0,2.2022074477689437
6.2530258068448745,768.0,4.29788759015685,3.0,1.6007746065522879
7.023453821266762,768.0,3.369029558834475,1.0,1.7980041782442913
6.952410859669878,768.0,2.979752313571347,2.0,1.7798171800754885
8.054917741498366,768.0,3.9145249038364622,3.0,2.0620589418235817
4.11400031889804,768.0,2.092784429692644,2.0,1.0531840816378983
6.5261540032543595,768.0,2.3599509998667236,3.0,1.670695424833116
8.205366362495036,768.0,4.623529653666187,3.0,2.1005737887987292
5.655013975357925,768.0,3.2033617041781657,3.0,1.4476835776916288
8.111237993022069,768.0,3.348105293486104,2.0,2.0764769262136498
6.286355743395415,768.0,3.5184333261904714,3.0,1.6093070703092263
7.4611406135446705,768.0,3.4081143402084604,3.0,1.9100519970674357
6.630779177776691,768.0,4.65430825048696,3.0,1.6974794695108328
6.3008449503974555,768.0,3.447638413188307,2.0,1.6130163073017485
7.697356191383932,768.0,4.697230448658479,3.0,1.9705231849942866
7.10147712770012,768.0,3.5493042553197465,3.0,1.8179781446912306
6.733719498742643,768.0,3.9413072742209994,2.0,1.7238321916781167
8.407651507389154,768.0,4.525774220233979,3.0,2.1523587858916233
7.6840280229022,768.0,3.3126567670620566,3.0,1.9671111738629632
8.55269384579548,768.0,4.676834565178077,3.0,2.189489624523643
3.130075116445346,768.0,2.6284105523749854,1.0,0.8012992298100085
5.304184240831608,768.0,2.7230094948703076,2.0,1.3578711656528915
8.238276358831609,768.0,4.926179947062216,3.0,2.108998747860892
5.397275295168851,768.0,3.844222285980975,3.0,1.3817024755632257
6.135111424864775,768.0,3.0104414319684216,2.0,1.5705885247653824
7.622117470188548,768.0,3.6529452795728017,3.0,1.951262072368268
6.845622694395588,768.0,2.673280908311214,2.0,1.7524794097652703
5.983072751738056,768.0,3.6600643489211513,3.0,1.5316666244449422
8.18822601411252,768.0,4.639493689396236,3.0,2.0961858596128047
6.71847040187527,768.0,2.3998194205135897,3.0,1.719928422880069
5.762517168139988,768.0,3.1631532365363735,3.0,1.4752043950438372
5.1313152565097795,768.0,3.230745330425177,3.0,1.3136167056665036
5.238230130855247,768.0,3.656288492884226,2.0,1.3409869134989434
8.309976409516016,768.0,4.000129008889776,2.0,2.1273539608361003
6.7730540393014245,768.0,4.09768325394882,3.0,1.7339018340611647
7.721811823162318,768.0,4.541814711236302,3.0,1.9767838267295532
7.189004035187045,768.0,3.2245438266152306,3.0,1.8403850330078835
8.109143748139179,768.0,3.33263661263006,3.0,2.0759407995236296
8.56488771676073,768.0,4.421143190926126,3.0,2.1926112554907466
6.393674965438424,768.0,3.5655708709279628,2.0,1.6367807911522365
6.506317169956053,768.0,3.127950298216255,2.0,1.6656171955087495
5.918031583330303,768.0,3.1261855887801606,3.0,1.5150160853325576
6.837844049391851,768.0,4.406162725409364,3.0,1.7504880766443138
8.954592369361203,768.0,5.653277854026841,3.0,2.2923756465564677
4.859079204893452,768.0,2.1480535235003497,2.0,1.2439242764527236
7.883375196148646,768.0,4.008135462558948,2.0,2.0181440502140537
7.639065359748104,768.0,3.8030700161375206,3.0,1.9556007320955147
8.886697597446275,768.0,4.949489449837273,3.0,2.2749945849462465
6.959529311338271,768.0,3.082945167652563,2.0,1.7816395037025974
6.386706448697384,768.0,2.5966019526198694,2.0,1.6349968508665305
5.256952981857128,768.0,2.315225749078923,2.0,1.3457799633554248
3.560917987448543,768.0,3.4514667040832343,2.0,0.911595004786827
6.3591020670537866,768.0,3.1605826695334276,2.0,1.6279301291657695
6.716549518094269,768.0,4.263969154890942,3.0,1.7194366766321332
6.430244320679357,768.0,3.558021481914454,3.0,1.6461425460939154
5.866431665685656,768.0,2.662254775709293,2.0,1.5018065064155282
5.258712046262179,768.0,2.8993151985460353,2.0,1.346230283843118
8.38925365698861,768.0,4.454669902536974,3.0,2.147648936189084
6.612673065474819,768.0,3.4428683783479457,2.0,1.6928443047615538
6.504879783544365,768.0,4.0226231245677715,3.0,1.6652492245873578
6.07236500043995,768.0,3.1500720378960616,2.0,1.5545254401126272
6.078440312857378,768.0,3.441894617922268,2.0,1.5560807200914886
6.152187196528092,768.0,2.6297914951871224,2.0,1.5749599223111916
7.982643230967722,768.0,4.461649801204137,3.0,2.0435566671277368
5.077881338217783,768.0,3.0423839476111825,2.0,1.2999376225837525
9.776237147095092,768.0,5.097742768271161,3.0,2.5027167096563434
6.813674047752119,768.0,3.0417786519963363,3.0,1.7443005562245424
6.8205181842660245,768.0,3.516801429117595,3.0,1.7460526551721025
6.558095149007302,768.0,3.700297474893523,3.0,1.6788723581458693
6.956938023329937,768.0,3.797627735555713,3.0,1.780976133972464
6.520518874272843,768.0,3.0138739605663973,3.0,1.6692528318138478
5.899840512716192,768.0,2.802051813866541,2.0,1.5103591712553452
4.390921762819549,768.0,2.3149717431244015,3.0,1.1240759712818045
6.636391389107825,768.0,4.519919252781425,3.0,1.698916195611603
6.8330472936592646,768.0,3.0223496628941477,3.0,1.749260107176772
6.487767359754979,768.0,3.5111719044516576,2.0,1.660868444097275
6.767269835313666,768.0,2.6425039837032096,3.0,1.7324210778402984
6.936275957192848,768.0,4.0848759953516005,3.0,1.775686645041369
9.384273101718557,768.0,4.112370949773541,3.0,2.4023739140399507
6.346272281698657,768.0,2.6907599464341425,3.0,1.6246457041148563
8.136808481086012,768.0,4.499018637470979,3.0,2.083022971158019
5.940232194727319,768.0,3.880723845796718,3.0,1.5206994418501938
7.65958335097509,768.0,4.155816012426034,3.0,1.9608533378496233
7.873216147795376,768.0,3.5834924203171905,3.0,2.015543333835616
8.958889768132723,768.0,4.856400931892643,3.0,2.2934757806419768
7.294729254761329,768.0,3.9531803857612378,3.0,1.8674506892189
7.2271407407429065,768.0,4.577157495896727,3.0,1.850148029630184
7.174133334106429,768.0,4.387285116027596,3.0,1.8365781335312459
6.064501567839539,768.0,4.169280370728551,3.0,1.552512401366922
7.263378207522417,768.0,3.0600298765785037,2.0,1.859424821125739
4.131165457044976,768.0,1.7241681333565289,1.0,1.057578357003514
7.69633992052622,768.0,3.400274130007733,2.0,1.9702630196547124
6.306442419380096,768.0,1.4596877839072473,2.0,1.6144492593613045
5.89671014275707,768.0,3.703239718981578,3.0,1.5095577965458098
7.185664300379424,768.0,4.147273117053926,3.0,1.8395300608971326
7.146227083166908,768.0,3.3727734982263433,3.0,1.8294341332907285
8.066356907466135,768.0,4.489656727077417,3.0,2.0649873683113307
7.824460596058189,768.0,4.4725470142913615,2.0,2.003061912590897
7.3507966560003934,768.0,4.021496223309314,3.0,1.8818039439361007
8.153309980543993,768.0,3.1702887954744066,2.0,2.087247355019262
8.058313367806845,768.0,3.869594958121799,2.0,2.0629282221585523
6.101249249625271,768.0,3.4130680927320873,3.0,1.5619198079040693
5.283135173523012,768.0,2.773701820801022,2.0,1.3524826044218912
6.924410285054608,768.0,4.57983070496078,3.0,1.7726490329739795
6.947323865235775,768.0,3.509192735344313,3.0,1.7785149095003585
6.4559933362445285,768.0,2.678420185412624,3.0,1.6527342940785992
6.763847638318396,768.0,3.774905749685465,3.0,1.7315449954095092
5.225633223165119,768.0,2.712918673789755,2.0,1.3377621051302704
6.925064998510439,768.0,3.7026706917090566,3.0,1.7728166396186724
6.780645197673014,768.0,3.10119049659418,3.0,1.7358451706042914
4.809226147346758,768.0,2.950298549549265,3.0,1.2311618937207702
8.08515777841804,768.0,3.8409347496593926,3.0,2.0698003912750185
5.897105229327739,768.0,2.9294240522497548,2.0,1.5096589387079011
6.6255980551160265,768.0,3.6600474559303446,3.0,1.696153102109703
8.217678731289814,768.0,4.118582117567874,2.0,2.1037257552101924
8.769123413200367,768.0,3.3839030609163516,3.0,2.244895593779294
4.395147288815385,768.0,2.5348790517800173,1.0,1.1251577059367386
7.3254049970658945,768.0,4.5882536353494405,3.0,1.8753036792488689
5.815952286233754,768.0,3.3815862786857736,3.0,1.488883785275841
6.740026757362237,768.0,2.551820992277202,3.0,1.7254468498847328
6.0755002231166335,768.0,2.975566339029208,3.0,1.5553280571178583
5.492414536079704,768.0,2.6136127052151332,3.0,1.4060581212364043
6.145028927021863,768.0,3.377226442866654,3.0,1.573127405317597
5.68535673496128,768.0,2.638465312349953,2.0,1.4554513241500875
5.66303824518238,768.0,2.6280421155877587,2.0,1.4497377907666895
7.242299505814948,768.0,3.9650145294207357,3.0,1.8540286734886267
8.499443992611766,768.0,4.868522037938342,3.0,2.175857662108612
6.577991119537624,768.0,4.081784510696771,3.0,1.6839657266016317
4.2600002900655305,768.0,1.7121019802328212,2.0,1.0905600742567758
6.486899531698054,768.0,3.7398972956138556,3.0,1.6606462801147017
7.400008367686743,768.0,3.729305376267766,2.0,1.8944021421278063
7.333715485939344,768.0,2.8163895009266087,2.0,1.877431164400472
6.050639077313306,768.0,3.47259056847651,3.0,1.5489636037922063
8.141388312756465,768.0,4.197771641968601,2.0,2.084195408065655
8.329437227742329,768.0,3.888765658886957,3.0,2.132335930302036
6.943062358224222,768.0,4.659820538952065,2.0,1.7774239637054008
4.943233416802661,768.0,3.4515856251383172,3.0,1.2654677547014812
6.4361086824758145,768.0,3.236307614031811,2.0,1.6476438227138086
7.446243985611343,768.0,4.01438991123577,3.0,1.9062384603165037
7.081196653558793,768.0,4.272382269127446,3.0,1.812786343311051
6.349669835966975,768.0,2.4872112505484663,3.0,1.6255154780075456
7.9487805970747,768.0,4.846055505233064,2.0,2.034887832851123
5.650491496164621,768.0,3.4468425863133385,2.0,1.446525823018143
9.93316149587209,768.0,5.0472164216400675,3.0,2.542889342943255
6.968686354570167,768.0,3.0432673922978566,3.0,1.7839837067699629
8.16728088203175,768.0,3.950967015873612,3.0,2.090823905800128
6.156485971315434,768.0,2.61794231500242,3.0,1.5760604086567511
5.053423100624656,768.0,2.8599928349299573,3.0,1.2936763137599119
6.487853637629692,768.0,3.8637713405009357,3.0,1.6608905312332012
6.332286920731802,768.0,4.153515249201785,2.0,1.6210654517073413
7.390520376574356,768.0,3.8878080303134706,3.0,1.8919732164030352
5.921037275922119,768.0,3.778822520629578,3.0,1.5157855426360625
6.24167657093319,768.0,3.4350504523013323,3.0,1.5978692021588965
5.909910724092538,768.0,3.2144417538927006,3.0,1.5129371453676896
5.299074485236805,768.0,2.8640537663336434,3.0,1.356563068220622
7.571798924737694,768.0,3.2424714194002497,3.0,1.9383805247328496
6.596916157870627,768.0,2.766726075509767,3.0,1.6888105364148804
5.512266213987543,768.0,3.2419030682283103,2.0,1.411140150780811
5.71507782705361,768.0,2.88544915369111,2.0,1.4630599237257242
8.041143238878949,768.0,4.319261690888309,2.0,2.058532669153011
7.3096302162898645,768.0,2.8328861586938565,3.0,1.8712653353702051
8.946217073135902,768.0,3.838189904019851,2.0,2.2902315707227907
6.424666159776732,768.0,3.5510088578910906,1.0,1.6447145369028433
5.430499147621912,768.0,2.1728888283194303,1.0,1.3902077817912095
5.154070037741272,768.0,3.512316301000218,3.0,1.3194419296617657
5.97928113034013,768.0,3.963129008475882,3.0,1.5306959693670732
7.646871097031727,768.0,3.977238561904425,3.0,1.957599000840122
4.436399430587858,768.0,2.3673857439826382,2.0,1.1357182542304916
7.982567953736266,768.0,3.757276257748937,3.0,2.043537396156484
4.966829896730703,768.0,2.426651604330565,3.0,1.2715084535630599
6.50840250013701,768.0,4.721061298205671,2.0,1.6661510400350747
7.493514168363756,768.0,3.6298615140916213,3.0,1.9183396271011215
5.3754243837887055,768.0,3.5029295152971645,3.0,1.3761086422499087
9.50301317838351,768.0,5.344842108843013,3.0,2.4327713736661787
9.906861857646474,768.0,5.22920091088213,3.0,2.5361566355574974
7.482013788557204,768.0,2.599542243448828,2.0,1.915395529870644
7.012623995580105,768.0,3.4334237845072693,2.0,1.795231742868507
7.178219927815793,768.0,3.932431354826905,2.0,1.837624301520843
7.761464129105452,768.0,5.032918224105776,3.0,1.9869348170509955
6.806315932704527,768.0,3.1184122535003045,3.0,1.7424168787723586
8.159646237484402,768.0,3.8954099125321497,3.0,2.088869436796007
6.809256548982807,768.0,4.6028430564340015,3.0,1.7431696765395985
6.426374315988975,768.0,3.8410381335108763,3.0,1.6451518248931776
10.13258957045879,768.0,4.732284809196933,3.0,2.5939429300374504
6.400011016206705,768.0,3.41598788047098,3.0,1.6384028201489165
5.393686837768484,768.0,3.6762527481169847,2.0,1.3807838304687319
8.811324639523132,768.0,4.431167183811113,3.0,2.255699107717922
6.6314912057139495,768.0,3.2174847601170105,2.0,1.697661748662771
8.001450165623176,768.0,4.341864528205229,3.0,2.048371242399533
4.497053522865179,768.0,2.39580421765229,1.0,1.1512457018534858
8.514238713391121,768.0,4.6237459010872355,3.0,2.179645110628127
8.013131516099488,768.0,4.643938942508155,3.0,2.051361668121469
6.320039678128806,768.0,3.18248115903757,2.0,1.6179301576009744
8.877769631380747,768.0,5.0719252998691005,3.0,2.272709025633471
5.010195367122551,768.0,1.5487640281945216,3.0,1.2826100139833732
6.934772366186815,768.0,4.258804670014822,3.0,1.7753017257438246
9.566558411112407,768.0,5.431015090741663,3.0,2.4490389532447763
7.165904843869747,768.0,3.924386033596862,3.0,1.834471640030655
