1.5940210819244385
1.4988908767700195
1.3796114921569824
1.5171849727630615
1.5715680122375488
1.463165521621704
1.516308069229126
1.6094386577606201
1.4496657848358154
1.4957289695739746
1.606574535369873
1.5371413230895996
1.5548553466796875
1.4018330574035645
1.4348390102386475
1.5915372371673584
1.4163858890533447
1.3654675483703613
1.4164280891418457
1.4468600749969482
1.4085228443145752
1.4220213890075684
1.4561188220977783
1.423382043838501
1.5710201263427734
1.652085781097412
1.5038173198699951
1.518643856048584
1.383267879486084
1.3912034034729004
1.3604412078857422
1.5498411655426025
1.5837047100067139
1.4571423530578613
1.3913507461547852
1.484673023223877
1.37939453125
1.592649221420288
1.4879071712493896
1.6471993923187256
1.6152739524841309
1.500756025314331
1.6424992084503174
1.6399123668670654
1.4377481937408447
1.4568161964416504
1.5620572566986084
1.4963781833648682
1.5159871578216553
1.5809242725372314
1.396918773651123
1.551487684249878
1.4112749099731445
1.5691306591033936
1.5939295291900635
1.4293701648712158
1.6488807201385498
1.5951645374298096
1.6588129997253418
1.5663886070251465
1.5139732360839844
1.6300256252288818
1.633516788482666
1.384737491607666
1.6430680751800537
1.370504379272461
1.3635616302490234
1.3959431648254395
1.3753931522369385
1.5272226333618164
1.6379172801971436
1.5210001468658447
1.3580219745635986
1.5652828216552734
1.511242389678955
1.514779806137085
1.4704720973968506
1.4049654006958008
1.5064551830291748
1.4911341667175293
1.5810601711273193
1.5829830169677734
1.4301607608795166
1.5182991027832031
1.6163346767425537
1.44655179977417
1.4088149070739746
1.3551640510559082
1.6222631931304932
1.5389635562896729
1.5164794921875
1.6312928199768066
1.5520951747894287
1.3761742115020752
1.4158315658569336
1.6325311660766602
1.5402398109436035
1.4071471691131592
1.6489627361297607
1.3524999618530273
1.4101905822753906
1.386800765991211
1.4934358596801758
1.3772361278533936
1.3839762210845947
1.5700082778930664
1.4855854511260986
1.583108901977539
1.5178158283233643
1.5901308059692383
1.5690815448760986
1.6517775058746338
1.3682262897491455
1.581810712814331
1.4631068706512451
1.5041537284851074
1.4292867183685303
1.6000237464904785
1.5480964183807373
1.4105889797210693
1.493814468383789
1.4955830574035645
1.6143298149108887
1.396146535873413
1.6173171997070312
1.475928783416748
1.4323177337646484
1.6529872417449951
1.5625698566436768
1.3987200260162354
1.383775234222412
1.580409049987793
1.3756351470947266
1.4296631813049316
1.4211549758911133
1.57232666015625
1.4067540168762207
1.6037297248840332
1.532850980758667
1.5915892124176025
1.6478395462036133
1.6257610321044922
1.431117296218872
1.5827040672302246
1.6162633895874023
1.4501149654388428
1.3876099586486816
1.5835859775543213
1.6243116855621338
1.5274860858917236
1.36983060836792
1.423407793045044
1.375901460647583
1.4798915386199951
1.5335114002227783
1.4449584484100342
1.5422823429107666
1.5111229419708252
1.6159379482269287
1.5027923583984375
1.3845279216766357
1.5555973052978516
1.574927806854248
1.4738764762878418
1.455768346786499
1.3640716075897217
1.4152047634124756
1.45650053024292
1.365722417831421
1.4623050689697266
1.521409511566162
1.3525416851043701
1.378197431564331
1.5853033065795898
1.6515042781829834
1.367147445678711
1.5307843685150146
1.470259189605713
1.526458501815796
1.520665168762207
1.5210087299346924
1.3660213947296143
1.4105300903320312
1.630608320236206
1.5626871585845947
1.4019670486450195
1.398137092590332
1.5979280471801758
1.5524311065673828
1.3521602153778076
1.4926447868347168
1.4859309196472168
1.6036880016326904
1.5155556201934814
1.6006999015808105
1.6194465160369873
1.5807228088378906
1.3591713905334473
1.3820891380310059
1.5061213970184326
1.3542256355285645
1.6530351638793945
1.5199439525604248
1.5109226703643799
1.4412016868591309
1.6410071849822998
1.4323365688323975
1.538135290145874
1.597776174545288
1.5621898174285889
1.5834360122680664
1.3603317737579346
1.4758491516113281
1.477555751800537
1.4690463542938232
1.6010057926177979
1.356839656829834
1.5498242378234863
1.628828763961792
1.359065294265747
1.4154882431030273
1.640620231628418
1.6307685375213623
1.5644433498382568
1.5771045684814453
1.4579110145568848
1.3688454627990723
1.3898327350616455
1.395543098449707
1.6449241638183594
1.4734396934509277
1.446507215499878
1.4214580059051514
1.3712310791015625
1.537867784500122
1.4407284259796143
1.416001558303833
1.4661452770233154
1.3678562641143799
1.494377613067627
1.3812408447265625
1.592801570892334
1.5276694297790527
1.6280181407928467
1.505648136138916
1.449434757232666
1.4913108348846436
1.410367727279663
1.6140594482421875
1.5226690769195557
1.6219799518585205
1.3994545936584473
1.4688646793365479
1.5301356315612793
1.5297086238861084
1.4327688217163086
1.411841630935669
1.4858639240264893
1.5953443050384521
1.3787670135498047
1.4287762641906738
1.5319478511810303
1.570603609085083
1.506521463394165
1.3966953754425049
1.5510103702545166
1.6071431636810303
1.5987868309020996
1.548637866973877
1.517148733139038
1.5057244300842285
1.546931505203247
1.4039969444274902
1.3959121704101562
1.4336509704589844
1.4276981353759766
1.4104974269866943
1.4046862125396729
1.4666235446929932
1.3543508052825928
1.442176342010498
1.5695850849151611
1.4479966163635254
1.4486298561096191
1.5830256938934326
1.384819507598877
1.5603163242340088
1.575899362564087
1.5501463413238525
1.3898632526397705
1.4657924175262451
1.4652867317199707
1.5724732875823975
1.3651130199432373
1.5324783325195312
1.6159415245056152
1.4920990467071533
1.5873723030090332
1.6265928745269775
1.4117319583892822
1.4517006874084473
1.4188170433044434
1.5125296115875244
1.6252663135528564
1.597752571105957
1.5037400722503662
1.5189568996429443
1.5180964469909668
1.4006552696228027
1.6325738430023193
1.5350871086120605
1.6465938091278076
1.5858962535858154
1.552701711654663
1.5707554817199707
1.6303048133850098
1.4810221195220947
1.3566832542419434
1.6159813404083252
1.4512314796447754
1.4029109477996826
1.3571078777313232
1.5214240550994873
1.4558444023132324
1.5280935764312744
1.5916697978973389
1.560593605041504
1.4767224788665771
1.6077535152435303
1.3822007179260254
1.635758638381958
1.6378471851348877
1.4097979068756104
1.597454309463501
1.3954408168792725
1.5023407936096191
1.5979413986206055
1.395066499710083
1.636627197265625
1.597271203994751
1.5355446338653564
1.6174402236938477
1.465876817703247
1.629460096359253
1.6449787616729736
1.38468599319458
1.5511796474456787
1.4618871212005615
1.471536636352539
1.4475295543670654
1.5618665218353271
1.642462968826294
1.4849331378936768
1.4063746929168701
1.4361672401428223
1.3807425498962402
1.6163573265075684
1.638390064239502
1.4921488761901855
1.362262487411499
1.4535691738128662
1.4043102264404297
1.6214673519134521
1.591578722000122
1.4376251697540283
1.4424397945404053
1.4912359714508057
1.5518646240234375
1.5493204593658447
1.385411024093628
1.453906536102295
1.6220824718475342
1.6371841430664062
1.5820422172546387
1.624098539352417
1.6513450145721436
1.416368007659912
1.3819961547851562
1.5081965923309326
1.4615116119384766
1.4337542057037354
1.5753567218780518
1.5093178749084473
1.4638171195983887
1.6043109893798828
1.4995286464691162
1.5504486560821533
1.546675443649292
1.5181591510772705
1.3742361068725586
1.5181198120117188
1.540457010269165
1.5948460102081299
1.6438193321228027
1.3896145820617676
1.6073346138000488
1.366063117980957
1.4568946361541748
1.4837510585784912
1.627955436706543
1.5807607173919678
1.3596322536468506
1.6146047115325928
1.440627098083496
1.3950550556182861
1.4496581554412842
1.5782592296600342
1.476250171661377
1.4369900226593018
1.6419954299926758
1.447500228881836
1.6501026153564453
1.5167768001556396
1.3708462715148926
1.4108788967132568
1.6239964962005615
1.649186134338379
1.5716464519500732
1.3891468048095703
1.4831271171569824
1.4390537738800049
1.4751763343811035
1.4090206623077393
1.511051893234253
1.413790225982666
1.3548250198364258
1.6297192573547363
1.5708270072937012
1.403130292892456
1.4836130142211914
1.5080535411834717
1.4844615459442139
1.4197747707366943
1.443843126296997
1.4139106273651123
1.5847563743591309
1.383530616760254
1.4051289558410645
1.5027365684509277
1.4517953395843506
1.4867596626281738
1.593712568283081
1.611931324005127
1.5204126834869385
1.6034765243530273
1.3901088237762451
1.5516016483306885
1.566394329071045
1.368903636932373
1.515106439590454
1.488764762878418
1.4053781032562256
1.457080602645874
1.365459680557251
1.5376460552215576
1.5400242805480957
1.4383342266082764
1.536003828048706
1.430807113647461
1.403294563293457
1.6053805351257324
1.464395523071289
1.4801111221313477
1.5727956295013428
1.613828182220459
1.4914541244506836
1.5252857208251953
1.5038859844207764
1.383030891418457
1.4781689643859863
1.637770652770996
1.6168200969696045
1.6475505828857422
1.6076068878173828
1.5786943435668945
1.5593361854553223
1.5105507373809814
1.6054728031158447
1.3634912967681885
1.6439104080200195
1.3878839015960693
1.4321718215942383
1.394590139389038
1.6258635520935059
1.4907679557800293
1.387603521347046
1.6252999305725098
1.5089035034179688
1.550663948059082
1.390176773071289
1.4523937702178955
1.5476336479187012
1.3676137924194336
1.4563965797424316
1.560349464416504
1.5555052757263184
1.464059829711914
1.4225378036499023
1.3664886951446533
1.497344970703125
1.5565550327301025
