19.63399225829652,2.908192673207945e-05,10.816275084578182,6
18.957414187106856,2.3428372944332416e-05,11.32845693939699,6
12.472417239370914,1.5746818490141228e-05,6.124976572871007,4
15.140996368973955,2.0366900564152494e-05,8.471222347778248,5
4.490262738800963,8.280801798215775e-06,3.4815156848355815,2
20.50773257767284,3.0910017452238684e-05,10.662653837331069,6
17.109825075160934,2.7309351221880998e-05,8.486945179973164,6
12.967682423338312,1.3938877080833577e-05,5.080833286463421,4
16.534432003518873,3.3196759530543953e-05,9.861288416882305,6
12.980234533582355,2.7907017970645523e-05,6.891482360609875,6
10.97261745732401,2.140300955604073e-05,5.91937433041168,4
15.818176158618602,2.6290289103659246e-05,7.447556500300595,4
4.473798897261827,1.0790968537656889e-05,3.188486456252157,2
17.48176353962552,2.6754115094005705e-05,8.065262955381838,6
13.136344510871517,2.557252809284066e-05,6.389331050982536,4
15.301599454436335,1.9047199235996674e-05,6.185429820651066,4
16.068419694042465,2.82088892278202e-05,9.479447283154338,6
16.326402613893894,3.03607794236411e-05,10.593803853862093,6
16.949625297144266,3.2269332039348774e-05,9.203214049656104,6
4.190061603822059,1.078439186260279e-05,4.243598423768599,2
13.863233763429985,1.7649484850743176e-05,5.069731809330648,4
5.499929409000103,7.059559031216465e-06,4.101452853952797,2
5.7764112060927,1.0692289157255301e-05,3.7381910630564144,2
17.52322543268505,2.7417971156197447e-05,9.048168233398536,6
6.268705555997509,7.490730985205464e-06,3.5288540030823334,2
14.625780261209481,1.8724043660000466e-05,7.220062194348991,4
4.83930851207395,8.03185171860797e-06,3.5939221780547763,2
5.394507674261225,1.2703714230136444e-05,3.862731148438666,2
4.3633199425702145,8.125665615119077e-06,3.050664604157104,2
16.236084516570585,1.267072730104557e-05,7.476321787621389,4
13.393039844047685,1.9479881396421e-05,6.983271611594602,4
11.313213740001752,1.9557098622984158e-05,6.586803222448864,4
16.840418637318855,3.1877968675077955e-05,9.339729264881575,6
5.891926446542255,1.044223359006386e-05,4.291621964582104,2
6.075208640483291,5.858843040250168e-06,4.477417330572764,2
4.028187250501439,1.3046312774735817e-05,2.814937248543937,2
17.858922772111647,2.5443335386546884e-05,8.660707917296882,6
16.478848074781496,2.9575552645761348e-05,11.224310686028764,6
15.11771435245959,1.7319435614295427e-05,6.039876102249858,4
12.855845310425192,1.7818355252468618e-05,6.1440043388418335,4
5.0503762716100935,1.2919723692993527e-05,3.836191073921544,2
16.16507968432406,2.7756215366157454e-05,8.956038688257332,6
16.769071519465435,3.199175396139269e-05,9.364499570251603,6
16.12478310346758,1.7794598929249782e-05,8.664744261919118,6
3.5284428292517758,1.0051059164626283e-05,2.855880657158287,2
13.98053768903347,1.8243677209536537e-05,7.071414040429141,4
14.886747014299914,1.8238724075531084e-05,6.07838121602826,4
19.208046243160876,2.9475510970121715e-05,8.54718768293129,6
18.8237608075057,2.6982208480789246e-05,9.7609843279391,6
13.550287430818376,1.5160622204657938e-05,6.027726494938269,4
4.36368706029636,8.700510044676195e-06,4.153061703840331,2
17.63465518364645,3.1383844693985474e-05,9.101419173345365,6
4.848519457954328,7.319999417906434e-06,3.6191251642273894,2
19.28960936325903,2.461267244828545e-05,8.643329504235567,6
4.231307418321678,1.144083567425578e-05,3.3650797946288638,2
14.03031771804421,1.7427915671016686e-05,6.0893155250974536,4
18.050975789747397,3.340104087740451e-05,8.347387230958763,6
19.912221736390315,2.073350765343983e-05,10.824538851075967,6
13.555011266916306,1.744951015229274e-05,6.472449493188597,4
17.88369687193653,2.695933679777541e-05,9.970603938827447,6
6.191471072260478,8.279447941224938e-06,3.4614417419511008,2
4.629224510341664,1.2011283886503654e-05,3.4711340799219466,2
13.624144827677164,1.3939080711689963e-05,7.258152878126153,4
5.032628826469576,8.22796795783601e-06,2.96495341563648,2
5.58169758761804,9.519150917565074e-06,4.228228346001993,2
7.632497517516123,1.0699217993651983e-05,4.250359582727353,2
14.313199927742367,1.9573978504274525e-05,6.816370054502658,5
14.603213125912632,1.816790770153872e-05,6.22378343050779,4
18.92201133205105,3.0768756309026204e-05,10.703188413572558,6
6.267926824897897,1.0054016546094194e-05,3.4543236224935083,2
12.657927298052282,2.0309847178904663e-05,6.832073170393357,4
3.3130326773421546,1.1606088655138108e-05,3.0464774460627577,2
11.019287825340347,2.7181211646963372e-05,7.094902634053549,4
13.198707991271284,1.8628677887529217e-05,6.582159809877367,4
18.455122555414903,3.2362582955244915e-05,8.375989413529974,6
5.332973739861773,7.850196070463918e-06,3.433373408764266,2
16.844291695579305,2.960748628062314e-05,7.819023103002083,6
4.764850126793048,1.0027337675842736e-05,3.4110823443260347,2
16.57690156344652,2.6588054980898215e-05,8.130593468745278,6
6.3673363440231645,9.476540203044385e-06,5.037564652629069,2
11.615330045470355,2.4831368219967145e-05,5.814427192510818,4
12.61156065854495,1.928550144745525e-05,6.379379878249362,4
14.254378891704572,2.5385386083561034e-05,6.847627245678895,4
15.942273865042358,2.285711281079987e-05,6.860764987118741,5
14.294996587329072,1.8770224610226843e-05,7.5402690898495015,4
13.081950237041044,2.101432351506343e-05,7.26854257918332,4
14.470637050275059,1.8955272139408858e-05,5.561525704914015,4
13.213354727175016,1.8264884466375092e-05,6.717371697672425,4
16.539508670231758,1.448655072702296e-05,8.020522216944002,5
13.733350434429202,1.861785227355732e-05,6.638770591117771,4
13.934217541163953,1.8132973838697523e-05,6.185405317280565,4
15.025171678829068,1.257582955460773e-05,7.043460123405691,4
4.550053894044606,1.3131211980226143e-05,2.8480752249091283,2
13.467018444714832,1.4339034936226119e-05,6.172791428178486,4
19.524369834254156,3.275576459583666e-05,10.343768318048241,6
14.907097149484086,1.982071095387844e-05,7.6028403558246485,4
5.128158024480934,6.061717230592294e-06,3.264580882709849,2
14.696080487064112,2.579229844486081e-05,7.113757383321756,5
6.502403588969673,7.52225988206135e-06,4.574472143365413,2
15.237241065597566,1.886738643866219e-05,5.90422110711131,5
14.489034527154132,1.925318998841334e-05,7.221214465025517,4
6.070904112835124,9.073608553158223e-06,3.4485444493195114,2
17.03821692691826,2.8002946922337522e-05,8.766671398008409,5
5.9240834548873185,9.282293826229591e-06,4.270751295588046,2
5.663352330678078,7.860406865338884e-06,4.115303064484136,2
4.719449380168489,1.1243329459024041e-05,3.180494296536094,2
5.4607862682132415,1.2979189702883562e-05,2.1870557024311066,2
3.6400549352515306,1.0113225064244385e-05,3.248046649628386,2
14.916674714629604,2.079365102225216e-05,6.152151839823045,5
14.877144204661166,2.457060374569761e-05,8.511773878968627,6
4.651962283567502,1.2956991276671566e-05,2.9551754350485044,2
12.35128503795388,1.493557121002233e-05,6.823195817154964,4
5.119475850188915,1.3338762716377366e-05,3.8559850134141067,2
5.89538026375093,1.4111552311666573e-05,4.034478213485442,2
14.498120845174341,2.1713959478566453e-05,7.051986877581651,5
14.629552830068196,2.7886710628689272e-05,8.78051161327269,6
14.50159594912342,3.4074437608315334e-05,8.769946029136582,6
5.214475246056435,8.400877602095756e-06,2.6762106764289997,2
14.838933415272729,1.8349813671958766e-05,6.93971476379083,4
4.709105230567122,9.993180606161085e-06,4.051456123400797,2
16.10536514078993,3.192469998420108e-05,9.28873906221492,6
12.256097842122045,2.5271886243421605e-05,5.244626473379114,4
3.986121154802982,1.4163467785314512e-05,2.7194336903745895,2
3.667578393017709,9.457872133189354e-06,3.083729151332948,2
18.404894975676797,2.3628206864134686e-05,8.108675154065564,6
15.397998222001267,2.165058585125755e-05,8.316959896751163,6
18.58865225270157,2.8596650458732045e-05,9.506712422542094,6
15.542779777581337,2.0783111817601796e-05,6.7707385792066255,4
4.022648244691826,7.922899477622086e-06,2.621492784447633,2
6.089322613716782,9.722389469172346e-06,3.9249714435071126,2
5.971925228705391,9.83884591029006e-06,4.285908088821712,2
16.524986143687634,2.928512317432108e-05,8.17558231172009,6
12.864443737970339,1.818828703767506e-05,5.678336644640646,4
4.363620989629241,9.809314619333714e-06,3.0118788453183374,2
6.239916626859029,5.062918557876251e-06,3.4413160205049858,2
14.37096450772571,1.941174356879334e-05,6.887601792699261,4
4.647915758356628,1.0637470795334482e-05,3.7178874158045763,2
18.10538877743849,2.6539837118915248e-05,8.938785993822341,6
12.103251163823314,1.0195161469163327e-05,5.476205828744172,4
5.459284557667431,1.1164098448691938e-05,4.161881421168017,2
4.139087606447649,6.901557509180962e-06,3.061399173513422,2
17.952514347301694,2.360529044441238e-05,9.049417408150411,6
5.221648358922378,1.2060977867020532e-05,2.5692445400919377,2
12.369013134838792,1.5095628763058206e-05,6.106290489484629,4
12.427994923721247,1.7849326989975283e-05,6.748537964287079,4
4.41073321014814,5.829349681176618e-06,2.9719632603115214,2
4.78085852627941,1.2111891368419087e-05,4.375230665399371,2
4.260381278039444,8.83761667339386e-06,3.3600600842560997,2
11.895183038020283,1.7430024630837274e-05,6.10936793819757,4
18.18137527778911,2.58798794366257e-05,7.804684265676404,5
4.798468810666371,1.1894650029882761e-05,3.2217586447493187,2
18.730996809119297,2.6071096646770802e-05,9.354715677298483,6
14.562804443583616,2.2034179630830087e-05,5.72651751705097,4
16.797975853458574,2.9967770127958285e-05,9.304865005277609,6
15.205101117556136,1.8703548809621158e-05,7.331105233099047,4
14.155681216160549,2.0406068932985758e-05,6.173517222984248,4
17.24586388360514,3.006037291744783e-05,8.020385234266358,6
14.802921216369532,1.6363884184441296e-05,6.672221828447599,4
17.727124452542792,3.897117611054573e-05,10.18287991114925,6
17.43606441696152,2.6518728025736135e-05,10.906558818005172,6
13.469223814953736,2.4760476488554878e-05,6.915977538626316,4
5.195416903646401,6.907143598392298e-06,2.933079035389418,2
16.660015596271844,3.982346758721931e-05,8.74312118354469,6
18.07296366041361,2.491698037289184e-05,9.710556091946064,6
5.805428229254128,1.2938796423310578e-05,3.0227983254284854,2
4.620724210668144,1.0113708270327929e-05,3.3064709328901234,2
16.126713061856194,3.265733517346631e-05,10.261622617724207,6
6.411171079560487,1.3063919526209682e-05,4.353851542755455,2
14.040374666221197,1.8635190179517798e-05,6.002283778950737,4
11.206284962746789,2.2824956676873385e-05,5.897271974722702,4
6.764185091694862,1.2017853949429012e-05,5.071368266279526,2
15.84204870049199,3.353426982488687e-05,8.30124625133259,6
15.840159880004505,2.0486950101031483e-05,6.868147744199711,5
19.07438673173636,2.963651995335634e-05,8.825999368132798,6
18.70556020937004,2.749757472204271e-05,9.666547900688272,6
5.332895804894674,9.554438646829943e-06,3.2061515699657765,2
11.613631860980068,1.8519119145325066e-05,5.696328982503438,4
14.324388753934352,2.8515467607241625e-05,6.732086952706789,4
13.346447384491581,2.310073509105005e-05,5.522459853418857,4
13.952631391964111,1.9890199910816993e-05,6.784080738815656,4
3.872687277801321,4.760103714813993e-06,3.489014729059531,2
14.172657254524152,2.0607882151363944e-05,6.876440907310968,5
13.218421186130712,1.6207879861603934e-05,5.996592120558352,4
13.364660445688276,1.4714749957784249e-05,5.3710571863487555,4
17.192105014325573,2.2976679036059283e-05,7.637173293887881,6
12.431562497618168,1.5223742354793075e-05,6.115217159180334,4
5.486215763134228,7.035153530795771e-06,4.22113792198572,2
12.820494410761057,2.0363180984683073e-05,6.89449616671475,4
18.924923553760134,2.621354592207275e-05,9.206524802036846,6
11.742790199597692,2.253530442593307e-05,5.767984536917831,4
13.20574604735453,2.2740951273991693e-05,7.630667108935439,4
5.420956591603428,8.100258097218989e-06,3.8264251066048764,2
5.386569663306528,1.1809681548185886e-05,3.3416834267051576,2
13.656443047774179,1.6329483035203835e-05,6.82346394144093,4
15.559530527184695,2.193598934471998e-05,8.050301864730223,5
14.471115322132636,2.006489052420072e-05,6.919237182182035,4
13.351200270515239,1.617138188082978e-05,5.867214823913506,4
19.98452030055705,2.3753903296725292e-05,9.596014807590073,6
14.078774037966303,1.806637766170387e-05,6.316221056216294,5
5.724639760304947,9.1056488717306e-06,3.8895558963307533,2
16.058510261264367,2.3148306968379294e-05,8.824615605026857,6
5.490643872339289,1.056715307766765e-05,3.417590634230877,2
3.8173635912997326,9.231116175011143e-06,2.484820566817458,2
15.743089154766919,2.4642951599585333e-05,9.220852434492674,6
15.717969503674265,1.9255695375799664e-05,6.393550944443639,5
4.913224393087864,1.0150370774306253e-05,3.5647479719613018,2
5.913156361593099,7.173912422764098e-06,3.5711478018634217,2
4.1969883597905655,7.677088853936139e-06,3.3766634783147405,2
9.47326502139532,2.1003399792812647e-05,5.31867963841117,4
11.328147036556052,1.8544952745068034e-05,6.347451186189086,4
16.976669379816613,2.837438645987181e-05,8.63810495274551,6
17.940570831356403,1.6517816769941955e-05,8.457323428606996,6
14.276843447947897,2.531344863590387e-05,7.267532375933321,4
5.215858466331872,8.987493119352965e-06,4.058754274293852,2
19.29159539177219,2.9706093411037287e-05,8.366586744135894,6
14.258170098818374,2.1379492600438982e-05,6.703717040636845,4
18.264973921548027,1.9762512782475527e-05,8.46525838438756,6
15.642869605446284,3.2487694214003715e-05,9.695329590189498,6
15.225891376776602,3.116252855627423e-05,7.67391219235979,6
3.8724447758915974,1.3618183959667477e-05,2.4805152835818953,2
4.815040565263199,1.1387797410591305e-05,3.3545234601728136,2
16.794020467932096,2.0920902031616667e-05,9.586143902512621,6
17.21923896082947,3.0607137256228925e-05,9.025106430051455,6
6.615917187530437,7.731769088185479e-06,3.6999048610686227,2
6.033752901186244,1.3069260202056844e-05,3.980271994343064,2
14.563394751150323,1.7717476281786112e-05,7.658334880008814,5
13.022436243953416,1.8761945931946462e-05,6.113524980737081,4
3.9309701701996613,1.150033813353128e-05,3.043823512535514,2
4.651884756941448,1.0053639431698876e-05,3.505413155857962,2
18.04380262527913,2.0204935984666483e-05,10.23800571617006,6
14.75069888078998,3.313719136416033e-05,8.194129560032344,6
3.618858994550665,1.3897407612818741e-05,2.8424756761393013,2
15.030578007156361,2.7914687553369274e-05,9.039833179373106,6
4.930696951741755,1.1504835163253355e-05,3.3839017758609993,2
4.613089070813074,1.3614094273220246e-05,3.4979446125385434,2
6.9087377834856625,7.338009428260093e-06,4.519458057305194,2
15.305597891287945,1.718473920986772e-05,7.874778866078044,4
13.48942925283164,1.825679552416348e-05,7.135050035833679,4
15.918277616475166,2.3627904262667867e-05,9.176538505791044,6
14.11957383231709,1.917719849189668e-05,6.993087959214551,4
14.528526446700704,2.2823925103008803e-05,9.218263969235188,6
16.005517310377265,1.8010336584012108e-05,7.407194207403057,4
6.843125920832402,6.953002622091056e-06,3.549617990188743,2
15.078118889417894,2.3194045368389738e-05,8.471499668033534,6
4.107028363698876,1.3567705831681907e-05,2.761221586033532,2
14.289335939237965,2.5190418391355975e-05,6.439213538609453,5
4.603938576526775,1.5040228239982032e-05,3.727821313883152,2
12.169182779960503,2.2591724148962492e-05,6.559817808703823,4
5.627258890198789,5.696802800015783e-06,4.093815440945317,2
15.20073701206182,2.5623835152071622e-05,9.360591558532596,6
4.052920843930814,1.4062274365118485e-05,3.188476059196549,2
14.21208767108001,1.9436122702975115e-05,6.382567526832974,4
15.437114226397263,2.6391091149613758e-05,6.515945094591906,5
18.757018896620806,3.135814429505939e-05,9.905665174223529,6
12.386092298413157,1.8415086610929226e-05,6.927947450300385,4
12.97657959072778,2.0726781186923923e-05,6.173101744723086,4
15.858017774906958,2.110845849700105e-05,8.67037639845474,4
15.704538826808758,3.3319566070769805e-05,7.960556994015195,6
13.306724905337191,1.9974961736311922e-05,6.408976460022422,4
12.89266445262244,1.5916484314559273e-05,4.9928169456093086,4
19.050018619020793,2.0577914348270034e-05,9.959647884924243,6
18.42856918752472,1.923431918214046e-05,9.047482328652524,6
19.313181867388717,2.3673598405411793e-05,9.719014948824574,6
5.69789591487348,8.18621614019147e-06,4.076890546512323,2
14.716661721082318,1.8050230529448973e-05,7.988350148866456,4
17.492398304390242,2.65457190045914e-05,10.012990782179823,6
5.057306644512404,1.2551434530958269e-05,3.8054646238770617,2
18.968196455137868,2.6202908189567594e-05,10.204065229358035,6
18.52255403194702,3.228772404494279e-05,8.348819632880382,6
14.539293116362051,2.5420408175208474e-05,5.857498972643955,4
4.408134338904361,1.3920270189847826e-05,3.678608107046326,2
5.818032246071555,6.862097328079589e-06,3.4053122059706746,2
5.4882273384658875,1.0788609986692216e-05,3.064759081209071,2
12.360040632937157,1.4972020278823649e-05,6.083126122752109,4
5.07002688912226,6.700338672611716e-06,3.6530418040649675,2
17.605807902214618,3.005332974595518e-05,9.813527951721955,6
17.321302907795957,2.3359751435603832e-05,10.738505697040376,6
11.48174417200406,2.1550442617506017e-05,5.7261781424851685,4
3.799199367228933,9.704576265968497e-06,1.7257031664704838,2
18.33296204641861,3.276785921659361e-05,9.179458396772464,6
15.56525132949327,3.208280091754503e-05,10.070193094691675,6
14.26099336469606,2.2360840146974074e-05,7.008275852437867,4
13.210289281362538,2.2794767378618693e-05,6.598762325828136,4
13.482165997726472,2.105841391276583e-05,5.803447087231742,4
4.069393746416777,7.142285103352573e-06,2.630806109074168,2
15.04548880562986,3.1028746592331864e-05,7.707191401440175,6
11.52951379239266,1.533327286148114e-05,5.406136314742305,4
14.507305058460728,1.6790142329509283e-05,5.930152837513397,4
13.4852040947051,1.0773472336550323e-05,5.09471084111706,4
12.02504482436169,1.553127942013497e-05,4.695328289483772,4
7.037235351271622,3.925953359623092e-06,4.332272629285653,2
11.44266560641119,1.8363139215152397e-05,6.680076685614299,4
12.509600088175311,1.799688933205412e-05,6.108209998799838,4
12.134690086314036,2.3452143288675645e-05,5.381262370035773,4
14.250022545498055,3.535063191290936e-05,8.94812900655993,6
5.588694410547523,6.486772603393412e-06,4.464811325458276,2
13.752940204609438,2.1667257332603164e-05,7.220049662042056,4
14.619621168324546,1.8191279121159565e-05,6.564903485659506,4
12.255268129236903,2.4721720228924544e-05,5.572921794100699,4
13.27576097492111,1.7732304071150826e-05,5.548205344390522,4
11.773147721178844,2.5338350923127302e-05,5.510326941881451,4
4.6170131744739615,6.3115905129310715e-06,3.128463581974253,2
13.478423110845275,1.877229630803902e-05,6.146237877837997,4
20.11681808586132,3.518049068424357e-05,9.750675839608757,6
14.485758888041829,1.3848782920306074e-05,7.467965552137127,4
15.179579371750846,2.31992811084118e-05,5.497938052595692,4
13.796114683738974,1.8975431558888052e-05,6.855343105361892,4
12.734377964672444,1.1382551665707e-05,7.215261034295565,4
18.13451222461162,3.659600823987125e-05,9.60965125545473,6
11.171100385149519,1.8064736114716716e-05,6.349971618841238,4
13.470950051235908,2.1620881984314758e-05,6.9089593005344625,4
17.48643521243023,2.384616021337819e-05,9.68114868710658,6
18.6736094477357,3.138537377458184e-05,10.292934613197843,6
14.754753133687679,1.977034753710487e-05,7.108381267254802,6
15.85395026410883,2.4868668368597446e-05,10.147320425458059,6
4.523611272690066,1.0137601357832028e-05,3.0336905385922837,2
4.833544194842954,4.346937960618204e-06,3.6817525727516394,2
15.654011520178317,2.551036121219203e-05,8.670599325852766,6
7.339262680239846,4.679616545511624e-06,5.422736177584797,2
8.250921447067718,8.073097330020822e-06,4.570981472210401,2
15.20579525470641,3.070692241042659e-05,8.117541411117015,6
5.510943066372942,1.2282130000954695e-05,3.9426420922968846,2
3.8433862371253285,1.1378205895993563e-05,3.8022888720070966,2
13.075501151198225,2.060225600288787e-05,6.018746343177712,4
5.930151229027286,9.183604582988833e-06,4.099801670867185,2
11.334148328870938,1.880370038163189e-05,5.128544295370129,4
12.255218881138592,2.1643526338850348e-05,5.000687639143254,4
12.256472496505019,2.050167780442369e-05,5.697618526946927,4
17.06963292853667,2.4296904273317358e-05,9.034375959701569,6
4.9011949037549485,7.494932343939192e-06,3.422621057147577,2
17.35270130170771,2.485187443297645e-05,8.704982397240789,6
12.774292941678556,1.7528700381720504e-05,5.995601517995001,4
14.12835956480488,1.276723288759142e-05,7.684140722670887,4
15.317829923616328,3.0163760605019298e-05,8.907155197671852,6
11.013747287828263,1.8255841941627846e-05,5.248486721029444,4
13.891111310488322,2.3752719992133034e-05,5.742985844502069,4
18.070966495248385,3.396473818525152e-05,9.501426645835757,6
15.087756584853476,2.978218353456609e-05,9.015653624482349,6
16.14556845168809,2.1008542630063796e-05,8.56028328466515,6
5.9698752863749975,5.490840353213564e-06,3.767490222922812,2
13.188901533586819,2.6496140734184257e-05,6.259648359777235,4
4.901612238370004,8.000146008467874e-06,3.736143650832579,2
16.187206172509818,3.268851838466496e-05,9.578854324833241,6
4.422473270156204,9.30073786702817e-06,3.895357506376026,2
9.799667676501757,2.0338140518415863e-05,5.093782646986292,4
18.25887302439625,2.423401418931153e-05,7.433723426693188,5
14.478478122461233,2.0740074911699146e-05,7.641394244072051,4
17.02546944170349,2.685243345395183e-05,10.249748593489578,6
18.55580567659714,3.3087463971934755e-05,10.815150480731303,6
15.386373683324619,2.4536121294735107e-05,6.96352375567516,5
3.9943017507718386,5.695504478170933e-06,3.47053706917396,2
4.989275183191014,1.6007777377852351e-06,3.8219011233799716,2
14.659212627505276,7.874510201963776e-06,7.830249784167489,4
13.19524210396742,1.965261850733644e-05,6.593783159842927,4
5.092719029623408,9.961602699425237e-06,2.6618540192117996,2
14.702259495685801,2.3134611499714382e-05,8.291728739699868,4
5.212424278734089,1.3267460663153101e-05,4.570790189195539,2
3.2213458082702386,9.562420601834949e-06,2.0703654301994097,2
14.505333762527556,2.3158470724973717e-05,5.86557868316204,4
3.7487617480458137,1.245654251122744e-05,3.1895735511956467,2
5.323005571196827,1.3005302020559205e-05,2.864134523092621,2
13.214712551583096,1.7984715659178236e-05,7.87889896895396,4
5.051977605906787,1.0323031375728847e-05,3.813193115515193,2
15.988674613908263,3.0279859107214306e-05,8.042279622935558,6
6.56465452809708,8.439055793752392e-06,4.436894021587094,2
6.322562687226631,9.616959693377438e-06,4.2050075426193185,2
6.7048040334388705,9.298506466457784e-06,3.5201696535588765,2
16.671660393088153,1.799409860934371e-05,8.19302176673606,4
14.380730814867228,1.6381095231190942e-05,6.3855257269108066,4
13.368102774196835,1.720489087692366e-05,6.0868600496308325,4
12.553308701859633,1.9345368131468795e-05,6.7082663095224495,4
14.340757861705637,2.0536958766281426e-05,6.718628580034533,4
18.12006640001374,3.375184259001735e-05,9.78134953499369,6
5.203035588290039,6.085556127405117e-06,2.9892742859676753,2
15.365973524523017,2.948101858958179e-05,8.748794593941794,6
15.604870439700196,2.3436299919118797e-05,8.865538719211457,6
4.071961830730015,8.76818424500248e-06,3.0749643060560965,2
16.38988929130076,3.0342107306325828e-05,8.222595612643367,6
13.369351560496614,1.4893000769463726e-05,5.54081764478517,4
5.86072641173447,7.171206772760987e-06,4.832430160348226,2
16.569098362359526,2.659298215995578e-05,9.445551111915872,6
14.298672072757054,1.8566896611206224e-05,5.906076665264922,5
4.410390042521476,9.454265216989688e-06,3.6830095342260734,2
13.28747254483567,2.0850695843461033e-05,6.117706725313983,4
14.811503264362385,2.8109488537704307e-05,8.232954151088805,6
13.642920500823923,1.6087863318526344e-05,5.749073624834117,4
18.905157364244186,2.8846222809534574e-05,10.098563223693048,6
17.78231990745014,2.7104471803590377e-05,9.315971626858135,6
14.55020868255917,1.1547149924363268e-05,6.936970517550822,4
12.900809122260231,2.0369716913637024e-05,5.667052198634264,4
14.313149652284386,1.8485215660149634e-05,6.248036962170855,4
12.245403170670503,2.245541560466837e-05,7.601810799900025,4
18.32800190675953,2.735874522117751e-05,8.610571925891406,6
18.855188808766975,2.0408093528229288e-05,9.952302839907286,6
5.885662340736567,7.412300060866078e-06,4.157096201336165,2
18.172798095953155,2.7121891866833027e-05,10.406265718650051,6
17.111616609777297,2.244497098262805e-05,10.067958980076828,6
11.379767238068627,1.8992324437110556e-05,5.579223612694349,4
6.01144071696436,9.459302442896337e-06,4.385971915642244,2
5.944663120763501,8.7356826352645e-06,3.918639976451631,2
15.026435220039847,1.5978276360795016e-05,7.758255177497365,4
19.104649152821086,2.8746279219637627e-05,9.719927058577925,6
12.465209401218534,1.7717397697022443e-05,6.500644100974427,4
21.579881235384445,2.77046619266448e-05,10.145637103704647,6
5.311924907851892,6.367736690502314e-06,3.1082053739512348,2
3.5270750499640653,1.2755702738997394e-05,2.1725609450379366,2
15.750989277743605,2.1259385266574422e-05,7.483378420790214,6
17.535368747002185,3.404833654180293e-05,9.800332173531109,6
13.55134680768946,1.5366899779815124e-05,5.628992273916424,4
15.414839093445803,2.3672036797924557e-05,8.49953264561797,6
15.503015549945884,1.9155847363162275e-05,7.671077283026917,4
4.670462831496065,1.5175802793397994e-05,3.3683123430686344,2
14.681377945954218,1.3660562603731826e-05,5.8629468304018095,4
19.63992246474324,3.46118044388919e-05,12.328980494225188,6
20.439566593775698,2.5452984437847944e-05,9.206713447347346,6
14.086643811315488,2.1833654502441785e-05,5.576653598400876,4
13.183714183861339,1.7946488742637907e-05,6.160768262822229,4
13.789661669587769,1.823703867843328e-05,5.879917900758769,4
15.97857686780795,2.176286813706234e-05,9.30795182921158,6
16.687216876145428,2.8450274772727182e-05,8.542223259360668,6
16.79608284835314,3.516579349072757e-05,9.148955076054879,6
6.001494071603106,6.589727080987022e-06,4.663336174302744,2
11.51984691929744,1.5798272602079754e-05,6.62604139208784,4
13.088884064828834,1.6405833116451535e-05,6.160753760055021,4
12.79044989450748,2.2627488085624833e-05,6.067044145988252,4
13.696485324959527,2.5202184121820204e-05,6.118856488159622,5
12.353965559351606,1.9087367759139895e-05,5.1928886376741215,4
17.241287554430684,2.376569122170074e-05,9.115941585137424,6
11.750785926287023,1.972489494936639e-05,5.894835594815965,4
5.144321345315938,1.0103992012713976e-05,3.8046430819818156,2
5.1129703151095764,5.343791360518905e-06,4.583998115815272,2
11.281063025424945,2.3326075158039982e-05,5.699421952108926,4
12.106267619729572,2.7302080826618643e-05,6.254776115963482,4
14.067631100567223,1.7859953212418014e-05,5.655621869084868,4
18.074621645138127,3.4404203892734556e-05,10.00539133459938,6
3.856607777838345,8.53686824700353e-06,3.1492191003094057,2
5.664399192283018,9.322446068566256e-06,4.059399692435141,2
15.306156239829836,2.4853403757230043e-05,7.72515985222525,6
5.864697702418563,1.3591420785885691e-05,4.607307792234903,2
6.388245556774539,8.917548879278138e-06,3.779164716238701,2
18.642171134309955,2.658400156464724e-05,8.410345554813182,6
15.972640299971411,2.525815701939569e-05,8.893747460254035,6
12.681729326669927,2.2999003062912335e-05,6.844486914094701,4
17.381503090552243,2.2069547499937326e-05,6.347100688787245,5
4.998892996130126,6.84176369525529e-06,3.5837270873325915,2
17.943251368208596,2.2894595643094687e-05,9.202719847002335,6
5.293229058951602,1.609188661121592e-05,3.9389691067685098,2
20.095179143927588,2.9119778411089164e-05,10.316287539901882,6
12.595453223027635,1.2508982637202111e-05,5.221395374836839,4
19.368447832883856,3.0044311001597748e-05,9.900198116188884,6
16.365878952305028,2.7871411173723234e-05,8.54648153070671,6
10.9618238778985,1.8304359855077045e-05,6.224969783069217,4
16.33274415346531,2.1740083829451876e-05,6.980118640438186,5
18.31823696526436,4.055185124753498e-05,10.026285805774275,6
6.028268303051961,1.1301781044016947e-05,3.6928965441227644,2
5.172223746865607,6.076133338572806e-06,4.805388685911037,2
20.109841261394624,1.6546691896640513e-05,9.426139799665357,6
3.738884968562253,9.609554876243757e-06,2.004608787061042,2
14.314257309982057,1.1535852730279228e-05,6.657800629626811,4
4.113796780950181,1.1498045420266405e-05,3.1718432224190436,2
16.066799818070486,2.5994752397010037e-05,8.2898164109673,6
4.177391056896265,5.915253062097872e-06,3.5928362570730457,2
18.338162985857252,3.625452032982054e-05,10.5038082667304,6
18.603168369643978,2.883665311842093e-05,10.36180390854119,6
3.272004828569307,7.672278654911429e-06,3.1571467052468654,2
3.733055198726291,9.484646432635007e-06,3.7201310514330928,2
13.60096673805947,2.124592062861135e-05,6.7470453645528075,4
4.105619199784249,7.565121544803327e-06,3.4553966343432347,2
15.85019432792758,2.3411009728089858e-05,8.715523950185727,6
14.001166102026849,2.0192214252990088e-05,6.769002341245481,4
13.336876635076607,1.674569349923363e-05,6.035545837612732,4
4.366014421886562,8.42006178905153e-06,2.596824520914027,2
16.004227351223445,2.4318348589700206e-05,6.602660813363741,5
13.185841433347285,1.9881499657103664e-05,6.1617727758791805,4
14.26557722319411,2.013852450967392e-05,6.041441040641164,4
16.69433015589697,2.491460327317655e-05,8.005566758668785,6
15.41669355916569,2.8650004240765188e-05,9.20735048321364,6
14.694483862671557,1.8129761701637814e-05,7.228643936306461,4
6.136229846494705,1.3034173128327217e-05,4.238711482091945,2
4.563439399115988,5.748829426241327e-06,3.412949605966627,2
16.9576062988046,2.880198785743793e-05,8.247237033806302,6
11.651259079971023,1.9513981502324163e-05,5.8086942149542065,4
5.168037587678647,1.1132676491049523e-05,2.848628006236085,2
12.365792536944898,1.9245081758670553e-05,5.896785631355302,4
14.756286242197369,2.0872003798852796e-05,6.20425672120424,4
16.245045761276533,1.7519392344471988e-05,8.791997342570916,6
16.180133156187683,2.796106062614398e-05,8.938989383346254,6
15.509249539504244,3.1285310028869855e-05,8.724321133678231,6
19.1575436595242,3.096160385332473e-05,7.855916389398815,6
13.168799084606434,2.1346252097699035e-05,5.774237370385937,4
4.60382835114061,1.089389472839912e-05,4.000997035785635,2
4.072291878190495,7.4078984040693106e-06,3.6806319753561727,2
5.512836891648522,1.375669923654492e-05,3.6137967115425167,2
11.868013631311959,2.4051287781300035e-05,5.1186449178253906,4
15.9682310892606,3.019318863610536e-05,8.304410525098922,6
4.9134396501728865,6.89404622391755e-06,2.912536017542326,2
17.277125359847805,2.2925847971487964e-05,10.256958500786702,6
17.026294471373845,3.2498113807353156e-05,8.751670528684771,6
5.5133733937978935,9.001339196889274e-06,3.460907191238175,2
5.893694826102905,8.075677039271703e-06,5.29966279889183,2
15.092889947140563,1.6499071556370407e-05,6.66601168310936,4
14.726159706478445,2.201058661602118e-05,6.887428964270955,4
16.248982546824056,2.8518602625047947e-05,6.4751952409990405,5
16.09754312169847,2.348770384699872e-05,6.875176367816793,5
4.775965640675219,1.2116521931129484e-05,2.6798684969477695,2
14.340222253366292,1.4736122417954955e-05,7.946102118248671,4
13.689940666093971,1.982401175866976e-05,6.623715191767787,4
17.917002591776125,2.9998260017892017e-05,9.228531918341556,6
16.546807214597102,2.1630970378816368e-05,8.66339126162296,6
11.945409530319553,1.2836030734895237e-05,6.112357342038937,4
13.7280506667622,2.082705370634971e-05,6.954731080787134,4
16.28484233719425,1.2865434792517734e-05,8.148248994177935,4
17.52615087431395,3.1101965583307185e-05,9.63212817138844,6
19.166996571909856,2.561063546591596e-05,9.554667834869177,6
11.16849572410052,1.60368520707805e-05,5.650919473578355,4
16.568674313357896,3.441422729605182e-05,10.448889063799456,6
11.187955249665722,1.5251493588950918e-05,5.509874341247109,4
15.459115956838135,2.5836791316579626e-05,8.169379934517096,6
18.66504248589991,2.517776506451806e-05,9.006765966212576,6
12.494685612343408,1.6751697356683388e-05,5.687254927196793,4
17.338247600260903,3.028063788934601e-05,9.62636766824802,6
4.421147476872628,1.1544253693285746e-05,4.085411298278314,2
17.76427051596589,2.8068032608453518e-05,10.381216252111594,6
15.509480704966613,3.050034376954363e-05,7.3235511269184705,5
5.441524910055929,1.088329448882022e-05,3.762206519134253,2
3.117270084811478,9.397848477914825e-06,3.0088405793879343,2
13.412728491617472,1.7264300358056043e-05,5.666206632800036,4
5.080470770623938,8.332080380009315e-06,4.430068039438389,2
6.070167222540244,1.3242379513710612e-05,4.544988247843133,2
15.247092064442423,1.4829459037064204e-05,6.689634453539119,4
4.311528425875165,1.027039650746296e-05,3.8066838386186475,2
16.943303842471735,2.4700606153789902e-05,9.173166960026006,6
14.303257221986241,2.1360740979085004e-05,6.877694802515685,4
17.355343916279256,3.1088036258338154e-05,9.799448553352512,6
5.957533385449017,5.9729651992182456e-06,4.174061039416133,2
13.995264860141965,1.7303252882825635e-05,6.363545095726497,4
15.322436979826549,1.537850345023759e-05,7.270968491784939,4
12.72167003529244,1.9666803379526676e-05,5.853620965443766,4
5.976508694737674,7.512799236272604e-06,3.7603752510487323,2
15.920406743534198,1.9053225452125558e-05,5.9439913463609395,5
16.122937898160707,3.344041200335698e-05,7.879933431525797,6
14.113341107988873,2.085535327065867e-05,7.180143683440905,4
10.767088723003729,1.601256712125666e-05,5.895209008413076,4
11.960851877785064,2.0404558617272685e-05,6.49112158306912,4
4.0301415005412595,8.196356929524149e-06,2.5955477719965776,2
4.930019753898573,1.0512331272947784e-05,3.6214078335357804,2
18.988996361175932,2.185865083782811e-05,10.671733848896327,6
12.676283907864406,1.5285743550792338e-05,5.933887112851491,4
19.206379434203537,3.471101803254179e-05,11.281672175226605,6
16.30347806123931,2.1814279974766256e-05,7.545627998414737,5
16.955121528418378,2.6545906590114755e-05,9.198996452940337,6
15.407282566634489,3.332129316778393e-05,9.418610383171867,6
5.121214856902263,8.77385114458667e-06,2.5699497848771573,2
15.16503424645755,2.3436968548296453e-05,9.714072227093723,6
14.22424354574095,2.0220225472061472e-05,6.224272691462497,4
3.602162533223164,9.290544778843589e-06,2.981580317680234,2
12.588680418284529,2.259833952693021e-05,6.70986672813217,4
12.501322705137515,1.498558859559814e-05,6.764608830814661,4
17.57047586776449,2.5718383879123994e-05,9.612439896710928,6
14.114430300180048,2.4204580690933375e-05,5.8308107040342945,4
5.508409836625888,1.3583342139209212e-05,3.5613462787301535,2
5.405975921092324,9.938194669024904e-06,3.551736104141469,2
16.42505031537759,2.566270128081383e-05,8.65129590612881,6
4.984456501504133,7.939908217954376e-06,2.95161608506335,2
5.395768052588854,5.775650801865055e-06,3.281199918559128,2
6.097416478744755,1.1828305824277086e-05,3.8510787895513223,2
13.242318383295363,2.6013803254297295e-05,6.115977494228396,4
12.845212863920379,2.9082132945914152e-05,7.664282850790565,6
4.9035574581802095,8.970710482340265e-06,3.2560641561368886,2
6.234978833061033,1.2157090040756236e-05,4.314122871565128,2
6.185099393632215,1.0314188837284807e-05,3.553032151015687,2
4.712839601081535,9.78748155643223e-06,3.6400774056644467,2
12.860184596331239,1.524793950182822e-05,5.75558312501991,4
19.437374574567404,2.7769172658193994e-05,10.292614484268483,6
12.05708601399674,1.8334602627410434e-05,7.032137690019891,4
17.95404326774969,3.0691026743953536e-05,8.906472077887468,6
13.844287775460938,1.5739800298529852e-05,7.058397343599966,4
13.795882525190834,1.3051332443100254e-05,6.470782304322807,4
14.661812250333012,2.9813600974146387e-05,7.459935122553524,6
15.194275192082385,1.5925947929604038e-05,6.7755539300526575,4
12.894127041899269,1.6004016981134958e-05,7.074829722261046,4
14.19707965603141,1.864122583556849e-05,6.507093639891824,4
11.282865025003037,1.1887072522328329e-05,4.826641301871393,4
17.515054697916884,3.494478984424586e-05,9.124516743225296,6
14.503497443764239,1.5944753963403475e-05,7.2823977230765795,4
12.774402671409645,1.7208558737272238e-05,6.761499078120082,4
14.202137059936137,1.506863036322563e-05,7.8986291854592166,4
5.386647608146092,1.0369514886783842e-05,3.0125837536869877,2
18.02800676980162,2.7019721622576222e-05,7.775552884084052,6
6.851542824341848,1.3129000228426857e-05,4.903434040154137,2
13.152106986799826,1.904862363328134e-05,5.931444693786252,4
3.638772777771404,4.552822855928837e-06,2.7898517324200656,2
5.317700935582822,7.126371409642867e-06,3.3047996474838914,2
15.434590768529608,1.5572110403634595e-05,7.171518231645377,4
15.814013460392054,3.129244680028409e-05,8.6705815406996,6
14.277389880278838,1.9261388452285628e-05,7.364325716192221,4
11.890427514086793,1.5424579221020387e-05,5.972361975382874,4
4.218616577115963,7.887366518938417e-06,2.8109579765970256,2
13.291113437760245,1.9126499478707834e-05,6.302373688388112,4
17.16088097103806,2.825603210347542e-05,9.639860374981357,6
4.39958314867775,1.0095518617581779e-05,3.1349047831797536,2
14.413486293928697,3.0258322704229462e-05,6.606748167967956,5
13.57057240567849,2.2865495605202957e-05,7.560808369175735,4
4.9135439297878944,8.885440752089555e-06,2.8694608407447415,2
17.66199557140041,3.5419302564928475e-05,9.306675025974426,6
13.066715859794618,2.087442185390885e-05,5.484607194222914,4
14.069960661643707,1.3105618397405275e-05,6.653842598663424,4
12.833602968320859,2.104168926461566e-05,6.227263767491252,4
15.864043321065365,2.4892420981097375e-05,7.203030305789104,5
15.0480703881115,1.890199409154887e-05,8.031259830455618,5
17.437719165371224,3.081035465177611e-05,9.726873393941034,6
4.9549693710344505,1.0681800977126515e-05,3.637370395244461,2
18.865688678239753,2.4373042619190307e-05,9.488273840210192,6
19.034716224732477,2.457092093196795e-05,8.231761765747851,6
4.235145066841594,1.0728470604891143e-05,3.5746583830648966,2
5.776222944427137,8.111280724027136e-06,4.785404919442542,2
14.534240603464617,1.8871890104757017e-05,7.359427925688871,4
20.218774893967232,2.7228507517743598e-05,11.247755595842623,6
12.985259994313015,2.3255552010776763e-05,7.044788277657936,4
4.1878182600216824,5.674922146592213e-06,2.774256631913615,2
5.387440221072948,1.0845353844169669e-05,3.5314929695094692,2
5.479061091435322,1.3316007130379912e-05,3.3721019106747367,2
11.772718239408377,1.3087184614565506e-05,5.29997934583942,4
13.478006774488614,2.3174168723743058e-05,6.504699387324675,4
10.930509278831074,1.7514084972839836e-05,5.608888873449034,4
14.372126307454927,1.815942546953452e-05,8.494425773775733,6
13.44379649632515,2.0666428774124843e-05,6.506742564682404,4
6.094312820343305,7.904721688387376e-06,4.401709776890457,2
12.951751668416355,1.219721734036873e-05,6.831832740368403,4
17.298553022419586,3.5909833671631435e-05,9.787162349249748,6
10.879660975691408,2.2483894375228616e-05,5.3491010039065054,4
4.368186851000844,1.0707494780017004e-05,3.207303028249499,2
5.573049007328187,9.505117538001563e-06,3.512053454248923,2
13.486619248975895,2.0800248952539428e-05,7.162821105131539,4
6.693217567755025,9.647790050480511e-06,4.621581514852302,2
12.729552110546294,2.0710045022907782e-05,6.357834577708529,4
16.773323917786318,3.3211672543034804e-05,9.712083380890867,6
14.114976876578973,2.5451039713351227e-05,7.050746278854911,5
15.987731568708785,2.835221475205921e-05,9.593361205880267,6
19.300404826749247,3.838150130124699e-05,8.814851077752076,6
6.0064270755224,1.4231314683621314e-05,4.070122119026873,2
16.156235624892023,1.3822308990070805e-05,6.940992965457183,4
13.068165800744405,2.6784460352241665e-05,6.395930355776484,4
17.948249032591484,1.954567751249838e-05,9.049238090464977,6
13.025628840501376,2.0498199154701373e-05,7.053164082087742,4
6.5154197563552465,5.9522069203611825e-06,4.24339568493018,2
13.385229378196122,1.9605513084203094e-05,6.934059551435807,4
12.915643501356422,1.7025709625659135e-05,6.062209846693054,4
12.191282333371854,1.6967829395485632e-05,5.18666170223328,4
4.175089039250024,7.829686166386977e-06,2.418140637189592,2
13.91255217297687,2.300644853924421e-05,6.203246427361948,4
11.973938799715974,1.7485224987499706e-05,5.132127504490289,4
5.487772193619427,9.925670067443447e-06,3.399253259960868,2
17.061912237626967,2.187239974752454e-05,10.651003770058253,6
6.751435592168805,1.3271846433204865e-05,3.5787754812573427,2
12.404479180830144,2.591710408862496e-05,5.309121389690437,4
5.594088409923756,6.1274196856793095e-06,3.8248148250255487,2
17.57551257920384,2.8705563328919113e-05,10.095826609446773,6
4.27304240832557,7.345241867844832e-06,2.7219945512687924,2
16.750774038740996,3.166057436420344e-05,9.39245408691084,6
14.411845036753586,1.9155992992776474e-05,7.101912797123195,4
17.356936481539037,2.6549616564657314e-05,9.382157554583197,6
19.945461008512623,2.5350138252584216e-05,9.600112535561603,6
3.254167488823386,1.2338793618215628e-05,2.6803556792757943,2
6.023523133491588,1.1101232428266908e-05,3.927208472726223,2
13.032033422053022,1.6176981190481883e-05,6.128772735124759,4
4.73882787753752,9.393300632918426e-06,2.8216685727904807,2
11.812012649889121,1.2415525568016332e-05,5.536614232330323,4
13.447440582611227,1.6149349166862142e-05,5.554151639377614,4
17.613086810997526,1.979314955477164e-05,8.295746261997245,6
13.028832679070312,1.7232935873848995e-05,6.538038307247721,4
13.743434710166722,2.617706482114981e-05,5.520485399876312,4
18.404871630951146,2.4265300086394775e-05,9.729486430361092,6
5.12620651776262,5.041053600657043e-06,3.8079425991798828,2
13.061429476350776,2.478045064862054e-05,6.7015578242522205,4
11.862242680682467,1.8540836025830184e-05,5.750988169774523,4
12.716731402765713,1.3041035855379046e-05,5.756738847423409,4
15.867168364702689,1.5834517738143188e-05,8.51279904610644,4
12.949309511923403,2.3327627492359067e-05,6.426206085315049,4
5.609146945930431,9.986005641008652e-06,4.086938340274912,2
13.017327865766084,2.348817984499422e-05,6.771446519296772,4
14.354505053443273,2.4701470800520178e-05,7.046066953525069,5
14.287661408480634,1.8497955179301034e-05,6.778213393457778,4
12.180460003047745,8.406640780409536e-06,5.045444841089087,4
14.449736778982135,2.0512597183969162e-05,7.419298836543055,4
12.732106531833756,1.8778550465472092e-05,5.7856916509566645,4
16.919020738997997,3.6840239201122986e-05,7.981950352621942,6
12.68351424177658,1.7989027643524185e-05,7.066452193302931,4
14.276101914033607,2.186567357083317e-05,5.556304665038775,4
5.254806425485396,1.1226069647235787e-05,3.5921904285457247,2
13.364536031683533,2.5858156240619115e-05,6.354135314427861,4
13.9939850621249,1.9639080197866207e-05,6.93345332523864,4
12.438936178841075,2.029645867978875e-05,5.895877596414019,4
14.477224617930414,1.8342611555919985e-05,6.532991473627198,4
3.0428438060141456,1.0588665320398034e-05,2.057721687244925,2
15.675336125083756,2.6571342929576158e-05,9.035942273599758,6
6.345475598412114,8.233904527534471e-06,4.119909906245399,2
4.65158225432202,9.700057641244696e-06,3.635786515958668,2
3.4125585158291307,1.3659628752011145e-05,3.9071516187348987,2
11.995896368015718,1.5111964408338917e-05,7.403699678566029,4
6.013443865975544,1.3924739109634038e-05,3.6001332820702574,2
5.9283677775342865,8.411408356288804e-06,3.697141566409253,2
14.277262364922832,1.908093190127257e-05,7.0742475479310025,4
5.6244750476483905,8.957398754522165e-06,4.045301715206559,2
17.582346976551673,3.0699567148036724e-05,9.762575717446065,6
17.811700879232408,2.809304466479786e-05,10.985221271027724,6
12.922243335816406,1.873700359241817e-05,6.00638049083539,5
14.012600934336987,2.5589252681766155e-05,6.936037574930147,5
4.47322250302369,6.502203933078403e-06,3.542161428988045,2
18.382367958045663,2.610400447636593e-05,9.375730803922925,6
15.02014180638081,1.474304449199476e-05,5.820471399701658,4
17.124066127674517,3.057401813894309e-05,11.164228376900383,6
19.701318262611625,2.2622270220287736e-05,10.429462974995804,6
14.58913395112769,2.2921297084498234e-05,7.026299133959803,5
3.9662387450572405,5.679601436226855e-06,3.366042095211184,2
15.170259509810272,1.7581805910092157e-05,6.909240463160577,4
16.79639348042098,1.8785587693727583e-05,7.925011053292788,4
5.491079406090487,8.382778594120722e-06,4.212288216319572,2
6.466157675208267,6.120261394835795e-06,5.156822955879128,2
13.785517189289973,2.806904829266155e-05,7.196405822890696,6
13.341558471709929,2.4007534381295618e-05,5.86805684174986,4
11.338094783594743,1.6669858770771392e-05,5.07618413971228,4
5.306526689586908,1.0787542226195491e-05,3.6494020933524594,2
5.6657805774912635,1.2016122316548581e-05,3.8016051394317945,2
3.2255292233987456,1.12355253612487e-05,2.68891697011401,2
14.828664041556193,2.7019047188415156e-05,9.413771796648534,6
11.129591150448281,2.115094324334114e-05,6.100597729045803,4
3.78412071138837,5.828969957886007e-06,2.22280371016609,2
11.381818205790292,2.1413557971607967e-05,5.143527627775631,4
4.945569392040334,1.121536145783345e-05,3.7926185311817155,2
4.699129968358016,7.09843811416876e-06,3.3297618080444265,2
13.757755565690633,2.038783252270648e-05,7.238033923494674,4
13.372031083004803,2.2556162558875224e-05,6.755611911713833,4
4.932278018154473,9.267605976902044e-06,3.4333633445685483,2
5.234646931545244,1.0307914494016413e-05,2.621849566080442,2
16.29344238236747,3.353761580289369e-05,7.802767863511066,6
4.289543570851245,1.1510752195525406e-05,3.8003876156364456,2
13.802480172571302,1.686700820734253e-05,7.767917064528112,4
14.426866354870366,2.0279666798870812e-05,6.110700129168731,4
5.916536394887109,1.1179562201157028e-05,3.51564976390263,2
17.06080941292904,2.995019803875171e-05,10.148552603295506,6
4.987541882160787,7.992034455194968e-06,3.9863063067860427,2
4.384295038792729,1.0008854004008405e-05,3.1520897396539063,2
13.211494486358927,3.053120140884602e-05,6.489275013734051,5
13.260376656463936,1.5130117627553135e-05,6.5596834887104265,4
12.519552505700286,1.8024657912081516e-05,6.865506605793761,4
6.6075538641458715,9.845859503886562e-06,4.051522425677936,2
15.23082148766683,3.6379877392676096e-05,7.985253338393599,6
19.134115498885834,2.282955149698705e-05,9.825859263929,6
14.320575756281459,2.7040631880573864e-05,6.635242362778359,4
6.146545253967866,1.0784624925042948e-05,3.2350894763907156,2
15.631923986290104,2.9528916760433357e-05,7.787059631251185,6
12.534824506242028,1.3806446917159027e-05,6.806470331467173,4
17.640847451750414,3.0422712799097993e-05,8.717780119850708,6
14.619934055601924,1.4350134869994867e-05,6.66019463108054,4
6.286237526556313,1.0605212530466842e-05,4.876415636340894,2
12.652761836870972,2.3011096402273643e-05,6.541777758652183,4
16.37011717267746,1.9010350632646947e-05,7.3627970760902866,4
18.84832354739121,2.8274431979302847e-05,8.850644885678632,6
19.31376351493003,2.7846621244395598e-05,9.154311899371013,6
13.964323824481934,1.6604705875856215e-05,6.365843885887334,5
20.39066771252592,2.4481754584231296e-05,9.924054583074984,6
13.700457292278205,1.559599606390867e-05,6.934351797994242,4
18.300364673821644,3.213521831979615e-05,9.31896240496934,6
17.68279588057676,2.6518394096675184e-05,9.753172893413083,6
14.814525301682224,2.0655254213255936e-05,8.183216313410643,6
15.24053872911732,2.7650056623627836e-05,7.4092537828225336,6
18.938908655155142,3.06915767811783e-05,9.754968800862915,6
11.694027391688422,1.5470452870430107e-05,6.455828371922835,4
12.588344162707912,2.2752778316870543e-05,5.452813700387302,4
17.433368609754393,3.194214213622917e-05,9.140660006650611,6
16.97243490913182,3.170427812609869e-05,8.361697945041874,6
13.1239442295866,1.6778597244641557e-05,6.162857193344252,4
15.251652857319266,1.7537071603478916e-05,6.449358846666218,4
14.395686669876554,1.6877865162473727e-05,5.993090615150017,4
13.138001455435212,2.223549743690544e-05,6.4953351258198495,4
13.818191909184096,1.5972591101067885e-05,6.766345334601402,4
13.483527236738313,1.6363514607741754e-05,7.906682231478483,4
16.71975872934415,2.6961212380152325e-05,9.271944762470747,6
13.882326008685514,1.461741020270316e-05,6.339519267491251,4
11.22143514953553,2.4081353574875313e-05,5.871062448042503,4
4.9264260757046525,1.2598095308423204e-05,3.359809077131056,2
5.138589231721619,7.686329404129133e-06,4.1394953588077605,2
5.253771060177177,8.339834213425757e-06,3.5511021560658285,2
14.513783507401602,2.6772054190147907e-05,6.635308170348047,5
6.226562382348782,9.384066719434743e-06,3.7897039868544473,2
17.792133417055535,2.607740023559237e-05,9.770400111029872,6
13.642059997530366,3.2314882788801535e-05,7.121301644317025,6
13.592061359056395,1.0131196069358481e-05,6.721670981959175,4
11.997371980892824,1.8251016688803285e-05,6.503870284162523,4
16.99178188791839,2.365491431262095e-05,8.680392354416075,6
12.22503117116482,1.528566373091714e-05,5.414413036252057,4
6.761434956103563,1.0413484537034788e-05,4.4881187583183415,2
21.088163798838565,3.178396663653366e-05,10.591380933120615,6
5.152875651022321,5.511989436968738e-06,3.478716678322991,2
5.546258434510176,1.2533687840611007e-05,3.7664109098879655,2
15.254581236403732,2.18549611870138e-05,9.251225275104328,6
13.744579893324469,1.4404823288867191e-05,5.780947459160346,4
16.419467091364048,2.5860344900111285e-05,9.267397966576254,6
17.66038490490876,3.4287760965261404e-05,9.584212555277327,6
5.7707700559457376,1.1534072785274898e-05,3.621637075282277,2
16.719043871827733,3.254767751378222e-05,9.630277526502404,6
17.716265912429343,3.053173193654525e-05,9.26222451019768,6
15.4636149379726,2.4356474032521947e-05,7.291920396825397,6
12.860491875295512,1.4504813888920959e-05,6.502833323670355,4
16.451358916413117,2.9071983034632168e-05,8.496093253796735,6
4.570083265835686,1.1318703672540486e-05,3.770739469333795,2
17.239050148658595,3.0307703342076603e-05,9.239946198652973,6
15.117163759613305,1.5076941750021205e-05,6.006902671913547,4
13.056369712022281,1.598120834808719e-05,6.1302233313629975,4
14.515323869193914,2.244093489559516e-05,6.714032139988565,5
12.590805593190888,1.972216204422708e-05,6.577425650125057,4
11.974179281534049,1.0483661659495417e-05,6.030640903581292,4
5.054261087405143,9.097285449884925e-06,4.070011074138758,2
12.162704942664206,1.589929030545657e-05,6.045070336076014,4
14.081698174461787,2.4410600100754935e-05,6.072931679505438,4
15.223088033810056,2.9784411773456226e-05,8.348376510231809,6
14.689062265680242,2.3973486663437992e-05,7.677548071889324,5
12.26029554442855,1.30796487450066e-05,4.921228648147141,4
12.675388808799262,1.2024887721363682e-05,6.292863069120407,4
13.537701132014162,1.585247506647623e-05,5.709851337294481,4
15.534020047058569,2.7588924584036493e-05,9.295680967004097,6
5.052539621990164,1.099081055900814e-05,3.2749977883440917,2
6.4888253360378645,5.119672052476205e-06,3.660967613162377,2
16.99857739560541,2.1992210528810895e-05,8.83628533422213,6
5.902774409433292,1.1571660632423218e-05,3.962717118650101,2
12.112561999955314,2.1239043447101495e-05,5.976530716045469,4
14.630913753893187,2.241274506990938e-05,6.631555493626058,4
12.005969896352065,2.5027419686782027e-05,6.0372876071511286,4
19.800919977707466,2.6774719580140308e-05,9.26622121354465,6
10.987163449638196,2.049411383367432e-05,5.0800883442164855,4
13.209107925356571,1.4457503739927168e-05,6.902767854545876,4
12.08008070969425,2.292687400513791e-05,5.692011726048557,4
13.420151042620166,1.9898003254031e-05,6.655732950624843,4
12.856900377223653,1.87477995497711e-05,6.174436601251955,4
14.870610788576878,2.0431841804773744e-05,5.7430756122364155,5
5.3408843369176155,7.756354211315937e-06,3.556553272927338,2
12.290774130387266,1.4389063374744474e-05,6.985025957378463,4
13.317969724980085,2.092018624628319e-05,6.577447014289165,4
14.080355340865523,2.4920469790431866e-05,6.8951763732999005,4
18.794530656166124,2.7313385718483924e-05,9.943155956019675,6
5.355236550269241,1.2474791339233366e-05,4.427617089650033,2
17.592033693713322,2.2843921113170945e-05,8.283267058876238,5
5.277444684862225,9.910966548946868e-06,3.469108356342402,2
11.54953473181348,1.8801348941858225e-05,5.990282695169238,4
14.660337803045335,1.756435453856271e-05,7.097037371264268,4
6.347027908400602,8.09256553165712e-06,3.971207302998831,2
15.176887927598937,1.5961912930792305e-05,7.179880813436298,5
15.079593657230845,2.6086112503811287e-05,8.698012027311284,6
5.295639213817015,1.1426816318120912e-05,3.991734288505213,2
13.629439968509693,1.283831219619508e-05,6.534733834225252,4
18.165242474744698,1.9009342880072148e-05,9.23264622842722,6
16.402952046986282,2.7182200526762687e-05,7.993501959127668,6
14.38569184118528,2.1542749959961257e-05,5.687103813226596,4
3.338853853447765,8.92815926748561e-06,2.29572502777554,2
14.972218445915905,1.6927695751846427e-05,6.766479604543781,4
12.661086868665803,1.9370794041479052e-05,6.546675172460134,5
13.294577280838583,1.7191528493808495e-05,5.666964086812022,4
17.711569896258652,2.926208321256483e-05,9.872743500142416,6
16.75974694128997,3.601168991644522e-05,8.424482644881012,6
12.0304348617777,1.6217515463639834e-05,5.959559313337555,4
5.984389257291529,8.936079812456671e-06,3.633719318697045,2
14.062134503125785,2.0005034261686613e-05,6.532757615016472,4
18.218735861975176,3.350180313952869e-05,9.177884724027061,6
14.432870838390105,2.5527621706588556e-05,6.179543781142984,5
12.565711398804554,1.6282358479065315e-05,7.481506716596984,4
12.158079923896517,2.4493492185338188e-05,6.931701593378762,4
12.24383140644023,2.342753242783762e-05,6.194349990204772,4
17.134342330910812,3.477179825545154e-05,7.9517133383690695,6
17.722780656613804,3.23912247927141e-05,9.564862014892448,6
11.747066301407907,1.729914953889062e-05,5.420930400778754,4
14.009787550558764,2.171171931401179e-05,7.34542984265744,4
11.598277015715329,1.9628208168693467e-05,5.836320571061463,4
16.297249302163113,2.3414287608210857e-05,9.036914936205264,6
13.498786474186511,1.119949397458293e-05,6.365360437522386,4
18.259208853912575,2.895661730468278e-05,8.899240386254665,6
17.666576296786374,3.3719414358959396e-05,9.442015615077775,6
16.793738227168376,1.9554239004761934e-05,10.073450488367573,6
16.238001462861238,2.903437863645615e-05,8.822201739100738,6
12.598403456705721,2.0673739462927678e-05,5.904794929103551,4
15.192719430605239,2.477091343347549e-05,7.876706320430461,6
13.958985003400665,1.4619803458338547e-05,6.5843289336557485,4
18.279076178136982,3.083769603649487e-05,9.763780125144148,6
15.497535653698067,1.6663062236303384e-05,7.305178320248967,4
14.629690807455637,2.773696565612172e-05,7.605264300145953,4
15.29589911317141,2.441318903121677e-05,6.151089453880688,5
15.959478524390597,2.3422662181022818e-05,7.555241001313785,5
14.675614278086456,2.4306013058733884e-05,6.903858323977266,4
5.991902391368761,9.220671948351805e-06,3.3835532066010527,2
4.016949876963047,1.1272296040779427e-05,3.336368561178184,2
11.687614164686137,2.35855369960024e-05,7.029118769597989,6
16.53676168316893,3.2590929647868186e-05,10.46837690478782,6
5.333358902460963,9.971674362477718e-06,3.261074018295271,2
5.9484636752452005,1.052840001873962e-05,4.1023828167210805,2
14.737312918634665,1.774133863054956e-05,7.59753755194062,4
5.453805402199868,1.1654460217023813e-05,3.310815727427989,2
11.835293341941934,1.983884105534014e-05,7.266415151364077,4
3.71354929232095,1.2754579734317003e-05,3.3642542834837466,2
16.756760676447968,3.45028958617481e-05,10.243684066143237,6
12.526969048708755,1.2867329158004591e-05,7.563487867371439,4
17.241451518878687,3.0051684735944358e-05,9.834179786571447,6
7.079736446659819,8.014193014329493e-06,4.830139115060945,2
11.19460929187162,1.6227672207257023e-05,4.889258649089912,4
13.696112772273525,1.5721937773854194e-05,6.118302965128939,4
15.051036880918142,1.8747302494461905e-05,5.917311764809318,5
18.49916599809143,1.9226108943816057e-05,10.461853624722131,6
15.73749723439475,2.4351811805103325e-05,7.684525238123699,6
12.103694672595035,1.6705320737542794e-05,5.757706684136082,4
3.8575524580991454,7.882446399619379e-06,2.3801290102981323,2
4.5033147580544926,7.297261239546156e-06,3.51771758545541,2
13.898454251357812,3.3976128740350575e-05,6.508980862180342,5
15.837854826025469,2.9010715560148767e-05,9.481107681618015,6
3.354650725709432,1.599187124361292e-05,3.043312055477383,2
18.393780567298272,2.6431542898787776e-05,9.866426823827995,6
4.568059600295475,9.63401810263444e-06,3.129316297996155,2
12.4297407212992,1.737766025075406e-05,5.30544016347647,4
19.28920747014759,3.110680394515006e-05,10.07688824468742,6
15.411695364755115,1.1590460957131919e-05,7.053498108282839,4
14.288772215659764,1.6864054335980888e-05,5.913827383193165,4
11.985965328678851,2.0192905798239246e-05,5.189395144926995,4
16.54056175319105,2.6059321529114184e-05,10.274719882871437,6
18.183466539008002,3.220476003656574e-05,9.204774419175681,6
2.6924056258241142,8.40704124673124e-06,2.7580096513733503,2
16.173011333729836,3.637096340106443e-05,9.597383512143482,6
14.499333683487157,2.2109297431008928e-05,6.823903624452347,4
18.1927550604078,3.0716725438738616e-05,9.056167381252736,6
13.707171671401554,1.7206623613088077e-05,5.468447891394333,4
17.280979749713616,3.268343808367363e-05,9.553864816501687,6
6.505940000744317,1.0631747685620379e-05,3.7304114317309978,2
17.53085217000279,2.4611824061868167e-05,10.459348762606806,6
12.785094419740242,1.314056713310986e-05,5.95850791865238,4
18.102334319376073,2.5119556082778543e-05,9.505833733113207,6
6.337739802209206,1.0814627329495688e-05,4.934070471671351,2
17.051261057559767,2.4527609198154383e-05,9.947245818322617,6
18.333229145423477,3.093910207492829e-05,10.15516767707825,6
18.377176078614852,2.762858317227075e-05,9.324602474422292,6
12.387835050440666,1.3662069843838023e-05,5.129362131492154,4
13.409968463141334,1.861544028821334e-05,6.136416157442272,4
15.205691919204956,2.7802433191007248e-05,6.016196934329638,5
15.37275557823628,1.8020168820054233e-05,7.107939770297958,4
15.555750632010351,2.8751217985509305e-05,8.717051084300458,6
12.80084358632472,2.299010683791349e-05,6.954301072761292,4
5.202815066948981,5.00535205007582e-06,3.989108395631149,2
15.634986746566062,2.0351342999318444e-05,7.121173956091016,4
14.040761828677518,2.3962122335417348e-05,5.931753637036826,4
16.09946192371978,2.854340948456674e-05,8.182362340853336,6
13.178597350041969,1.702637921958687e-05,5.684309287419174,4
5.531052316207133,9.909662835174075e-06,4.11494390395581,2
15.902716169578078,2.6406209218283504e-05,8.545687311393266,6
16.450864949332114,3.161399859429467e-05,9.740896917607454,6
5.348196434651369,1.245499964232953e-05,2.8929491180505176,2
5.541675126916649,8.547477325737885e-06,3.3779263258057286,2
5.114893722834568,9.576157640410153e-06,3.446765126020601,2
13.666533529928758,1.8113198807156522e-05,5.765464740572656,4
12.156056667474044,2.3152134133967826e-05,5.742240102035309,4
14.615087515278052,2.4041156909542094e-05,7.943901251905675,6
14.243723347821133,1.3719326970000624e-05,6.623909750738329,4
18.20711546222971,3.074604093669488e-05,9.660739005351862,6
13.416133875757135,2.125337273975112e-05,5.3338673447093194,4
13.607823856146886,2.6464442892510765e-05,7.545978064141905,5
16.465275544612172,3.283637632057496e-05,8.6844216315511,6
5.543932170245013,1.4870244914551525e-05,3.0666075181369505,2
15.533436751379439,2.8735014364610035e-05,9.952177593492415,6
6.295358904609171,7.599635753223214e-06,4.730652720371544,2
4.699034113874516,7.07751023093547e-06,3.691871150183676,2
5.347942951666746,7.642225375303278e-06,4.1145845043251486,2
13.976649657713606,1.3393441408613601e-05,6.401422804208834,4
14.925284175898911,2.274419082042475e-05,7.767910835842259,5
18.658047931232034,2.997915771107436e-05,9.503825858955597,6
4.813843373031769,1.161666519930639e-05,4.033459115589206,2
15.136194627745287,1.9779243536691005e-05,6.76501865314851,4
15.88380540979707,3.511964939840422e-05,8.89681421412627,6
15.221619467602002,2.3271255995652348e-05,8.063395206824415,6
4.518360876222986,5.359744568082766e-06,3.069513532495006,2
15.473538766051906,2.0724971714523434e-05,9.824209759586205,6
16.640375265357658,3.1717825905035715e-05,8.777466762260664,6
11.36480559762289,2.2942422548512874e-05,5.853611155413475,4
4.064005839898664,9.329898308106762e-06,2.356502574342241,2
3.6100709371540125,9.944163220844465e-06,3.827800808080283,2
4.569799027454608,9.409503674401812e-06,4.117498404286457,2
15.651910036346006,1.7678591367668206e-05,7.090605469865499,4
5.9692941041732315,1.1412031668843336e-05,3.460887971491232,2
17.680334690960798,2.3539300320141747e-05,9.168947635466633,6
6.223500992071378,4.882505864083842e-06,4.778438781281672,2
4.466158661279575,8.834333383392633e-06,3.6848870602524295,2
13.380124098024869,2.096780692338486e-05,7.09835089459915,4
13.64529963175966,1.641392038126722e-05,6.532246977060295,4
4.305039138461047,9.216039624902434e-06,2.8550260242021475,2
17.47242683288816,2.9946706169453094e-05,8.813510942987518,6
13.524867578150856,3.185677019679828e-05,7.809593403925735,6
13.298267309133811,2.4756349441858213e-05,6.582937510965217,5
19.712936163943837,3.318074807337119e-05,11.225904212893427,6
14.201740105129055,1.5918625268312884e-05,5.968174657778665,4
14.90062008238056,2.3818014358803332e-05,9.87254071501479,6
17.983674184954715,2.292987306995132e-05,10.398865175288368,6
5.35671739946098,2.9018482765640093e-06,3.5599343959485106,2
13.79689365618479,1.904160533126128e-05,6.1956556705143235,4
4.896414540813158,7.650797729104175e-06,3.6993486315954014,2
17.329966084891513,1.9852980818210947e-05,8.042407196728856,6
19.600854911565655,2.8094957142372063e-05,10.500643772389996,6
12.927611750927726,1.0816101230878839e-05,5.8067885065971065,4
14.90017678714376,2.6869149963779275e-05,7.307083482423034,5
5.0939449343134395,8.90505108310505e-06,4.063858019475168,2
15.805579611551849,2.4554806320028293e-05,7.461522989815122,5
5.7013740863097855,8.175054183591686e-06,3.64838017180561,2
12.884311360226084,1.7085809062372534e-05,5.707935140046944,4
14.099872796476768,1.0327721071954434e-05,7.183125866675367,4
15.364965944798785,1.608458700969858e-05,6.352648221229229,4
9.91983344064923,2.334439446296401e-05,4.609535783889679,4
13.807981974170911,1.6414589446543193e-05,6.326828709699467,4
13.148284877178947,1.8993089331983087e-05,6.417569198859641,4
5.725023858453031,1.1552595318470776e-05,3.6998037445584235,2
7.425269629641167,5.5945142981560586e-06,5.084326000104635,2
13.579673017573793,1.6146600854780885e-05,6.905187175193116,4
17.125870794533768,2.0781722205264887e-05,8.26243508564033,6
15.30536840818679,2.2577892123877326e-05,6.4485961181778775,5
13.124544890270084,2.2417070418445542e-05,4.821559549930573,4
6.057105244168866,1.0886249929524885e-05,3.84327546431553,2
16.01249596382595,3.0202254660453478e-05,8.172353868127352,6
13.685463060844464,1.4329382047888129e-05,7.409173128637718,4
16.326773756071667,3.435844346989967e-05,8.691229871794217,6
6.026961890212995,1.3375728152250226e-05,4.555208480612511,2
11.424074401628733,1.2100568084055138e-05,5.009087402805301,4
14.092147402811054,3.009078172865077e-05,7.523329547588397,6
3.4855768420841025,8.529358187095367e-06,2.835927288885352,2
11.596294445066341,1.9102795297573038e-05,5.764247721526818,4
17.479805006780325,3.1122155042814976e-05,9.353588477296775,6
13.030721794365292,2.2104612674248368e-05,5.356971974435472,4
6.462539627109432,9.860636848970402e-06,3.8157460289395155,2
5.6080405914853815,7.428091254184153e-06,4.584596736972206,2
16.22979502874789,2.1690158546524658e-05,7.268583176232197,6
4.9843314505248015,1.0514666465478984e-05,3.047860558085108,2
12.910030966823165,2.4442464078213095e-05,6.506164343817483,4
12.704103693612861,1.051721317332579e-05,5.216660962043668,4
17.60874480768012,2.841908759812921e-05,9.392619267426516,6
15.60763862803342,2.0056293685928833e-05,8.45564149599275,6
13.401630341243965,2.1777105104167664e-05,6.4756699697947795,4
17.220672515031975,2.642728510498823e-05,9.304607570142805,6
15.04663959132997,2.0557653474368902e-05,6.0228497917,4
12.69946185936826,1.880533684884092e-05,5.82653762731381,4
12.470101328009351,2.7564974937788543e-05,5.327731774502093,4
11.76662594357462,1.8271704759254548e-05,5.21298096283451,4
6.681054687499421,8.029334900044729e-06,5.150818864074894,2
15.747141662670643,1.600235892698854e-05,7.951186105004952,4
12.847103032139056,1.8910273145583842e-05,6.104986314949986,4
3.649124542021186,1.1135990919255146e-05,2.602759237145798,2
15.045310095238747,3.2092494830468935e-05,8.971462148442132,6
15.254534358524833,2.103611092159549e-05,6.920079460988283,4
5.8911777419339195,6.086604020698573e-06,3.9138492284135866,2
17.544889911949493,3.2677056340803895e-05,9.455237251727077,6
13.244501252092478,1.4259422460830678e-05,5.693091950892805,4
15.017991419332056,2.0478806033863023e-05,6.415329501558329,4
4.198841443017952,1.4037538046063755e-05,3.885050655535264,2
15.029731990279014,3.271794490595955e-05,9.319368189541292,6
13.109749840666337,1.727167901190454e-05,4.631449986235643,4
18.894701531825657,2.766049290496237e-05,10.795322139781877,6
16.82279736719748,2.722967331136954e-05,8.968907047233056,6
14.893242661227276,2.3338875354029512e-05,7.891184411571084,4
19.637325099780092,2.6580054946382794e-05,10.331096388763857,6
13.942468834652253,1.835288576844525e-05,6.576402896585011,4
4.038964917283102,8.43545804122718e-06,3.0520226825394388,2
5.221726800833558,6.362439317245e-06,3.526313953884973,2
16.971738142694853,2.271783700999096e-05,8.41524940657273,6
16.34035856792763,2.282531840793347e-05,7.745571799175133,5
19.002860593922765,2.3345527713626592e-05,8.86492469322656,6
16.321888762562477,2.623347825800287e-05,9.699913475734641,6
19.082218867366052,3.06731037695742e-05,9.422436196291716,6
15.398988393924242,2.4274602213158943e-05,6.547983169364475,4
17.08130889107001,2.302625778512927e-05,8.341962730263495,6
17.226608084574956,3.498020975239572e-05,8.73258180063791,6
12.535166338564204,1.7819338733899935e-05,6.010040279814771,4
11.725190703226561,2.3022113801949232e-05,4.684261550676734,4
18.440297734509567,2.973049079554702e-05,9.177690036171576,6
13.150953442117967,1.7167252940341103e-05,6.0169279309139645,4
19.731356566621752,1.5698626966840672e-05,10.743819852466226,6
13.653013861791242,1.7125102094733525e-05,5.940213174957332,4
12.585064808751975,1.1150112292750939e-05,6.173891719631596,4
2.7419712082725707,1.3410886903628791e-05,2.2406494183011376,2
4.71219590775939,6.162572477384879e-06,2.3867841868423088,2
14.537558660468608,2.052859915269398e-05,6.765142115527474,4
15.010323944676792,3.38422692124698e-05,9.090580315318393,6
5.038746780178888,8.551669438535859e-06,2.932057046224495,2
13.119840099091952,1.563859655576941e-05,6.6783739903112425,4
13.828684712757656,2.3877628223770214e-05,6.701321539185822,5
5.61680961548989,8.582675468535794e-06,4.7521234870179505,2
18.273961042047425,2.527165307429614e-05,9.146900946894611,6
6.333762038938591,1.0398895433365974e-05,3.9274881541840365,2
6.286090924669158,7.119407035468222e-06,4.414958815745704,2
12.954622159364353,2.4376823627990054e-05,5.458749061265662,4
10.360311548579789,1.4517786398301428e-05,5.09533057553691,4
6.5395730258328415,7.997692647139009e-06,4.95998251849614,2
18.194405241777602,2.6419171288903236e-05,11.126069863155257,6
17.42376180547572,1.8482019184392397e-05,7.240788268750713,5
15.580161867216319,2.7481460304333007e-05,8.427389989493225,6
4.233372625770436,1.1376844528756864e-05,3.3164083847153685,2
5.7124365124874865,8.984064005172785e-06,4.087222925563586,2
6.011641837780994,1.020741153180847e-05,4.41905942629683,2
12.857763554134964,1.981017039732187e-05,7.636368830068948,4
15.836301717357962,2.194555579881592e-05,7.861410184592914,5
13.56759751491943,1.8783138616944406e-05,6.155906534174635,4
12.876059490069926,1.7670000772320872e-05,7.176492959329914,4
4.468038364997723,1.3031130677489193e-05,2.4868926004044525,2
15.048151889952726,1.4229598790170973e-05,8.248238359934286,4
5.344205908531897,8.904909860665612e-06,3.546177176450665,2
18.91297675058239,1.6200523443489312e-05,10.163150055838845,6
4.668041090691341,9.817975047777701e-06,3.392092243668942,2
5.984034500403581,1.0011555063216167e-05,4.280412091183883,2
14.786919191954745,3.439214994881711e-05,7.129749736359022,6
12.20098608901989,1.8348796634455598e-05,5.618785174666159,4
11.53703320719573,1.9914637025839643e-05,5.049189755679518,4
19.043198465651255,2.787410199631446e-05,8.211712375560783,6
16.70288691438131,2.391697684430721e-05,9.332928674449196,6
20.046150627713793,3.0695426067631144e-05,8.96215366597406,6
16.49332734826609,2.476499171122468e-05,9.437767663585152,6
16.074962233589662,1.595895469129566e-05,9.707874732205072,6
15.484094310755731,2.64688335677974e-05,9.012138510945555,6
13.152411554443836,1.3131848374251994e-05,5.725874376378315,4
16.606960829581634,2.1781575073510344e-05,8.788653082385537,6
16.481174948981526,3.011002549134026e-05,9.109469143666995,6
4.45267557500399,9.083427403518431e-06,2.9704305306045073,2
13.183690033145451,1.9124825785056324e-05,5.647393976419796,4
18.92655524856268,2.7688905480271807e-05,10.685541394062595,6
5.251242026285012,1.5456364216032153e-05,4.197704725224057,2
17.425655851844,2.8168233793479644e-05,7.521218478198521,5
19.57223452283464,2.341909799260874e-05,9.122218937486426,6
13.73380997895856,2.2843580594378426e-05,5.815350126849391,4
15.187069301662234,2.085697342960588e-05,7.748607824201909,4
12.902873314181994,2.1914043988436497e-05,7.042089257044029,5
13.5803584855013,1.793734256295046e-05,6.570110755409445,4
16.428403080763395,2.7465511829516692e-05,8.189911855572864,6
16.445831687985365,2.716346112456202e-05,9.56226098241396,6
4.206768576032001,6.402631186566106e-06,3.573325510130756,2
17.45432729692081,2.508846564680766e-05,8.63657654274299,6
16.602356706506857,2.0753382584555344e-05,8.751829726868344,6
13.791182817547098,2.230121260804992e-05,6.767508432994282,4
18.153759280690686,2.727876493290998e-05,7.709866225506726,6
11.247661752733856,2.4267104556970744e-05,3.8884360702637335,4
16.98073609295265,2.45433322347514e-05,8.982043816776628,6
13.900724189362304,2.5544444747013836e-05,6.222622441593284,4
13.264458352909207,2.4141642335719416e-05,6.20323883105528,4
16.286988883454967,3.3481415992596185e-05,10.03547635018659,6
5.650538131290756,1.3180629371929946e-05,3.769849099931469,2
5.038171786303756,1.3476577110052256e-05,3.605025608423941,2
10.950231859757753,1.067227684547287e-05,5.186269706285623,4
12.157996491407316,1.589629393012538e-05,6.049540131479935,4
5.550270991251772,7.326925053751852e-06,3.433567647006477,2
4.567135976110569,6.993262392123953e-06,3.166416319194748,2
15.21221718893012,2.179318055333619e-05,6.844921631778464,4
5.103882870756345,7.399201032799538e-06,3.4343563504645633,2
4.974963184834735,7.901439632477388e-06,3.976162247933389,2
2.7325322684407984,8.842126005262212e-06,2.9598148339677692,2
13.110834941439105,2.0199794142313027e-05,6.614272303897248,4
5.5040307308284895,7.585031662474531e-06,3.5564932163867757,2
4.544509158585519,8.016805129129805e-06,2.900020684895236,2
11.385897385551,2.3347933278024468e-05,5.418223058550106,4
15.407168849514486,3.638363460480727e-05,9.132897079565138,6
16.121926778142946,2.6905031687849624e-05,8.190652549958248,4
3.524525228607806,6.420692410328448e-06,2.4802641962737892,2
14.163086665862032,1.328986157689263e-05,5.656927637851773,4
15.145040041058241,1.7325012732415082e-05,7.2413593679752415,4
15.550724759426435,1.9468373010155157e-05,7.178698163284489,5
16.290700605380152,2.4044103513811914e-05,9.683600778392401,6
13.438576613634698,1.48006044709154e-05,6.272619311194802,4
5.7497155037669,7.818002621507678e-06,3.9942893397211536,2
16.63061500804021,3.410544834713044e-05,9.013342625253088,6
13.998549768790589,2.0070582193547084e-05,5.615835341306931,4
5.436530028913663,1.5506738601150798e-05,4.103348445432024,2
12.186806586993267,1.6795615356705683e-05,5.126788819559222,4
3.649282980059402,1.0246559121533145e-05,2.9653587392528937,2
14.362401599046196,2.4388126148537462e-05,6.528425999195022,5
17.650098018360662,2.990039508276387e-05,9.757514907892215,6
12.671931536968138,1.3411644021950665e-05,5.46158499547473,4
7.005987011898199,6.4414577165115245e-06,4.452119160859611,2
18.644411041117973,1.8526101392377813e-05,9.431350325784413,6
15.292132129267637,2.8644365172884033e-05,8.160759185387702,6
4.94872028832161,7.053022942437685e-06,3.742771786331973,2
16.903952653464582,2.0124446961878376e-05,8.547799800770617,6
4.120563772314169,9.817608806866371e-06,2.9418393833774905,2
2.8544463264489375,7.994230470785914e-06,2.548690653055181,2
4.851522403821485,1.2771604184444556e-05,3.800184277377559,2
4.900041417945993,1.0460425562153753e-05,3.3230586844131924,2
4.6199982736519285,7.3921751544546555e-06,3.287123006836011,2
14.181158599852617,1.8235238929823183e-05,6.5521174158656565,4
13.677388394698879,1.7790406738191925e-05,6.708987499591752,4
12.186494330869657,1.4437247882653881e-05,5.710159636095489,4
3.9819151628854836,8.964507732385885e-06,2.760060003786828,2
5.35350947553484,8.494695937734263e-06,4.319090704220112,2
15.361864399579716,1.9905328233037914e-05,6.433585453087831,4
13.586373020502617,1.7141697314468592e-05,5.4804002576396815,4
15.149388447248706,2.2839132814130878e-05,5.220112686312818,4
14.878813092402208,2.8669993053156985e-05,8.044887137296097,6
10.347738703052054,1.90521681151432e-05,5.642103757605656,4
11.30292958726836,2.6933286909518673e-05,4.6428193709434264,4
14.45458813248402,2.498936025129507e-05,5.432199063294628,4
16.46416750484942,2.120141162763581e-05,9.077278452194218,6
14.702579358505787,1.6044299812096073e-05,6.34548635228408,4
14.212974447817341,2.583157484889191e-05,6.761307471598837,4
12.567970840115617,2.025415426106905e-05,6.65095543018114,4
12.639068371944672,1.576842923407684e-05,5.66100809888032,4
16.677021801378203,3.476137262375544e-05,9.319689787032114,6
5.008344856550285,9.105344816384432e-06,3.8728700397162643,2
16.56444497834525,2.704890181495678e-05,9.037912157398987,6
3.139550717188599,1.0868445713441568e-05,2.9935587290129764,2
13.033936230803661,1.0490363183580162e-05,6.148112718493643,4
14.23522383196031,1.7914016325415627e-05,5.8415540388776845,4
12.421291335635141,2.5627018588068934e-05,6.538894073587563,4
13.730445463225333,2.076230531329222e-05,6.8418207469390895,4
13.64040771368815,3.0839208763916724e-05,7.075912167922938,6
14.497639619819982,1.1690003412213705e-05,6.935949381392924,4
5.538876032823672,1.2067205986715374e-05,3.849675797513024,2
15.808260069639948,2.7980740867057156e-05,8.250215151477002,6
16.276459155264686,2.9274527922921556e-05,9.49749805827394,6
14.711809783669276,1.4894389507941341e-05,6.3092232847403045,4
13.756417723605814,1.572922818757362e-05,6.441235480586586,4
13.766678318097993,2.061379369102493e-05,6.196052338092966,4
5.207980622027866,8.284688114093201e-06,3.502233182639035,2
16.64963740549565,2.5302817285192877e-05,8.727508764961476,6
14.750584218470408,3.279018071756712e-05,8.304526304468116,6
13.595335117407465,1.3719571838444064e-05,5.749636002798301,4
16.547569070323558,3.325855644096054e-05,9.23853536808598,6
13.865043515534213,1.6455543251410664e-05,6.380967114534656,5
18.5354662369246,2.1816766434826225e-05,8.911026076413858,6
16.259637627846203,3.436755559975597e-05,8.776900596284111,6
14.935807372276685,1.483856060349804e-05,6.752497899110974,4
16.29388716363702,2.598039352630262e-05,8.040874957415596,6
13.709419074928784,2.143250324920476e-05,6.143219041033486,5
3.8096820644809166,1.327664078893755e-05,3.391650644336706,2
6.320218139653619,9.163534041844121e-06,4.153036696393959,2
4.278706576007297,6.436990602269183e-06,4.53681126587195,2
5.233784920260036,1.2361287161018213e-05,3.067608291993473,2
13.368528532885405,2.171908627488218e-05,5.390250271303541,4
15.683088263745775,1.6762950592169985e-05,6.723606296428937,4
16.370758849289167,2.3651470610753327e-05,8.083228872391867,6
6.345325393323514,1.3435369276323791e-05,4.183276725162933,2
19.79372730568033,3.0257075318178186e-05,9.321287679577,6
12.041124099728727,1.728765683035538e-05,5.618061591198826,4
17.66975310893756,2.991911376912249e-05,10.142639496172464,6
4.620123768385113,1.2801067605268651e-05,4.2822405331616515,2
19.649169611477216,2.9853620060580172e-05,10.342720557952102,6
6.938716602827133,6.629874116774665e-06,4.423526007573617,2
15.234130927105848,3.032470152949707e-05,7.853023577796131,6
17.235285935327784,1.8349979512926e-05,9.413513492334452,6
5.294548304728689,4.065091200963252e-06,3.8072123374141484,2
5.755050531270387,8.524516365923625e-06,4.1208425090158185,2
5.238140495396965,1.033506070570612e-05,4.715375439683369,2
12.27517889390888,1.6028938817103616e-05,4.96975312577099,4
13.124366531182426,2.3963090938633645e-05,7.103119910458983,4
15.171461815828,2.3693810063033892e-05,6.9883627029479,5
17.24678796743982,2.3161126553632236e-05,9.216672038017668,6
15.63755149216339,2.0584209602985198e-05,6.632784413817074,4
18.991493853993987,2.592007774251268e-05,9.678380413776354,6
9.904856641007555,1.3946768154285333e-05,6.54448398403416,4
3.357070413888315,5.893941864632457e-06,3.147455474879771,2
14.179093421086336,1.3319712320555699e-05,6.402018546960885,4
13.156853503155379,2.4366792006367248e-05,6.570838722845355,4
16.985365046947003,2.1784767880704318e-05,8.116879570542643,6
16.537749604363466,2.9969316207236743e-05,8.98021824558804,6
19.62563168598283,3.431204352976011e-05,11.660655136917196,6
13.732377958629478,2.347926423589124e-05,4.654322480564705,4
3.294436405006727,1.2776938930965601e-05,3.2560503557239735,2
13.157448892242847,1.1920646532137666e-05,6.1918531261082155,4
18.704410156604226,2.13858130414319e-05,11.406152712941525,6
15.010969585275504,3.189708878776968e-05,7.235410697948316,5
15.138338103583163,1.2908560714651243e-05,5.667822731421303,4
14.458240341317854,2.588303929932311e-05,8.11171578387198,6
6.264929271411958,1.0672788195493054e-05,3.911010851228679,2
16.612825087651263,2.5181792421455807e-05,7.968951380211912,6
15.001361609295863,1.60115565294007e-05,6.32505908441971,4
6.034895669645679,9.180834887334699e-06,4.229198430997773,2
4.146674911178243,8.679732262187478e-06,3.5089785384404335,2
6.104452025901871,1.2091449935937466e-05,3.864640339715815,2
13.759873927719559,2.718006532766776e-05,8.867614425773901,6
15.597076238946357,3.38421481607842e-05,8.671620240080102,6
5.337617858377983,1.533801570587019e-05,3.8594378328224246,2
5.386729489587209,9.006124406456031e-06,3.2865324256788804,2
18.594593538744203,2.5445192581293595e-05,10.310209866275116,6
14.233567350725894,3.363475163087521e-05,7.230334891419189,6
6.928128091104669,1.118591418426458e-05,5.2341764857867155,2
15.028064703849392,2.768487379991227e-05,10.424185356297007,6
12.382601823883212,2.3866008809931624e-05,5.7397322525142185,4
14.09825286146722,1.8591940620323867e-05,6.445967176689727,5
12.519968678525302,2.1264714206049077e-05,5.4715578737003465,4
16.265306990178686,2.0710887397631428e-05,9.114072081402384,6
14.812289860934143,2.1373823334983118e-05,7.728272105754835,6
10.384483371974458,1.4234819860611812e-05,4.598044595932806,4
17.246089679801216,3.357600461849534e-05,9.52130771103657,6
12.717974562043741,1.897103807633707e-05,6.4699176017153235,5
4.334009033189723,8.839206966049204e-06,3.2338891252584165,2
14.2334370112855,2.7540737483022825e-05,7.59542060761072,6
11.552138718132841,1.988862878012885e-05,5.988485210077871,4
14.975069296386794,3.087527714092189e-05,8.630503966211506,6
4.809973970808128,1.0699507067125603e-05,4.323270185419826,2
2.5115390235697297,9.603422223071614e-06,2.8342820005476144,2
5.27250420978296,1.2721854590205658e-05,3.6081802726538355,2
3.935336530640906,5.162737165807759e-06,3.4452050795512914,2
16.306752976353682,2.472146304399188e-05,8.04982297250082,6
15.504607735049094,2.1297118804997703e-05,8.986751344721375,6
5.359417159949601,1.3067326739274553e-05,3.6242597913149956,2
17.197496602641788,2.8463132958491007e-05,8.434045588913758,6
17.947953524660633,2.6097135713527243e-05,8.846673240107291,6
13.02568131232698,1.649426024015053e-05,6.807734059394237,4
17.773062794758548,2.5235715255498717e-05,8.46737858975985,6
4.007043036396297,8.115521874327464e-06,3.0571559975275733,2
11.11623590963485,1.9928762929471517e-05,5.342079910452418,4
17.92638380166076,3.563780182956143e-05,9.559021865718886,6
13.137544883188745,1.9441523286570274e-05,5.602154088502168,4
11.886722241610428,1.6418472512727738e-05,4.850557403990502,4
18.347151464094736,2.278837865658606e-05,9.975898233476757,6
7.6364554137292195,7.288319212654975e-06,5.3899444466623025,2
14.600488200256796,1.9853996822804843e-05,7.10546494909809,4
14.946736949621076,2.3619464948644884e-05,8.982329440993677,6
5.111700229110419,3.89862675573988e-06,3.733101801146663,2
13.414331769096444,1.761452808372352e-05,5.974625315836319,4
6.175824792110207,7.56399061160299e-06,4.2126029530789095,2
19.651192979447778,2.733875802147369e-05,10.989954935834211,6
17.63896992134195,3.0438089054866308e-05,9.028633026764782,6
12.509531116298042,1.4394826157564972e-05,6.651732834045891,4
4.9476001901554385,9.16629330882692e-06,3.529774593998049,2
16.71909805643031,3.436984545885583e-05,9.50878512749164,6
13.194041892930585,2.379284799903079e-05,5.933133737470128,4
13.721931716371445,2.7755833195877233e-05,7.187357930826312,4
18.54863426763605,2.7890879142013036e-05,9.02135644783645,6
6.453340164563075,6.622045185371583e-06,4.506303942438571,2
20.675868717095796,2.8542493456775088e-05,11.70177199317269,6
4.6583239819284215,1.1743773441206886e-05,2.8050148217241526,2
14.279833956544522,2.1872689097837338e-05,6.184926930717083,4
6.197080745527275,1.1610393396873465e-05,3.292811361203343,2
13.664243002215944,1.2368481659454587e-05,5.868172470353592,4
14.170002375771613,2.2449839384586443e-05,7.457078691275422,4
14.256624695418825,2.8692918323884576e-05,6.951402052227011,5
6.370666937059967,1.0250965368233776e-05,3.2132579639140184,2
5.3509755244265484,1.694867636731879e-05,3.909592396362599,2
5.556128537986583,7.213899786088509e-06,3.427309252325898,2
18.240790107882646,2.3847223289047446e-05,10.77803556250201,6
13.88948018375525,1.4857834804200639e-05,6.36355246256153,4
11.926154495003324,1.865853970211384e-05,5.83678030242144,5
18.8703349824787,3.221367778680082e-05,8.46860898258485,6
18.422777347326807,3.4226275150505096e-05,10.25876960398841,6
17.60590062919151,2.6225837333132973e-05,8.383123331480407,6
10.351721696840384,1.9259034618779722e-05,6.454166415483472,4
19.11716570641636,2.1807055169954346e-05,9.327465391589488,5
16.02505222786345,3.225553363481581e-05,8.152809830291398,6
13.799989701606972,1.8024492331544323e-05,6.570432919235574,4
6.093016795190433,8.74443202353244e-06,4.388964523156083,2
1.6298511885362426,7.666208527773283e-06,2.5366584514247092,2
13.049247130923737,1.2966033232950813e-05,6.110800969044989,4
13.24361829395714,1.6579419013805852e-05,6.292689791554008,4
5.511764384425352,1.1911350442961044e-05,5.117131980651292,2
12.266991980774367,2.2044100885280342e-05,7.068873791109253,4
13.988269228105416,1.7556824400452163e-05,6.402749970009082,4
16.28355068153436,2.957969565230324e-05,9.874645022155836,6
5.020451463435178,1.1370735126653454e-05,3.6133213250140597,2
13.74953321901921,2.1287723022430326e-05,6.51673237121134,4
5.9093652184809535,9.533025049779364e-06,4.947043910202666,2
12.761374966742302,1.968312453100528e-05,7.0250767671436165,4
6.0934839022782015,1.3814389062767047e-05,4.0068358222537706,2
7.046513456173046,9.678483182800961e-06,3.935060653545229,2
7.005068422017846,1.2105773350924826e-05,4.366697379154036,2
15.658701014353671,3.01506365104404e-05,8.645237322330422,6
14.44678325939491,2.033462202766135e-05,6.777964911095571,4
5.059540675240784,1.0670118146086018e-05,3.6898419461530634,2
13.043692062608443,1.1717838401045505e-05,5.274010622632127,4
5.355640913472348,1.0233507093870306e-05,4.173813061546712,2
4.768590585202384,9.425940924228555e-06,3.780997335754668,2
12.956550518850424,2.607538667072374e-05,6.800995773413174,4
15.289521137612896,3.7597796305123186e-05,9.8274363896404,6
12.43786808661022,2.1009748608825332e-05,5.427379664259072,4
14.07353900364164,2.3188267413003042e-05,5.570562803855637,4
16.396272221073257,2.678194600679952e-05,8.548335692632856,6
5.118089668501881,8.749870697334358e-06,2.843206908441476,2
16.909325679872456,2.5810930747608233e-05,9.240833663475492,6
17.306812870675223,2.8237947696420696e-05,8.52788029241505,6
14.30699624609638,2.0118802398697693e-05,6.321665189289446,4
14.61932174098445,2.1789945767947608e-05,7.510673772565707,4
15.318155134266027,2.527068822489915e-05,7.11019714103284,5
18.0194366456602,3.585908485576896e-05,10.802162269601626,6
16.944213169389823,2.3725259089763557e-05,9.051223813968948,5
13.67110430747623,1.6907158635871084e-05,5.583152882035899,4
4.566156808629666,1.1546710353632593e-05,2.390686716243289,2
16.06460274721069,2.1451043497177247e-05,6.844374250991681,5
4.113329055071429,1.7873280004104257e-05,2.6569847406699245,2
6.046565253381942,9.689432139612309e-06,4.5443654757036045,2
13.608792709489338,2.1283238787002655e-05,6.258569823062343,4
6.015980864083601,1.2365710078078333e-05,4.169465952818346,2
5.062229999303047,1.6278505657292438e-05,2.6479041823176694,2
14.476903034495976,2.588226967511163e-05,7.2201049693016905,4
14.422384709491991,1.6507577021808474e-05,6.995083785211033,4
15.643738209616558,2.2466280183078142e-05,7.892627608931042,4
12.497969580372018,1.5390734438964313e-05,5.591138394254789,4
14.954407718787834,1.9225092207513915e-05,6.270350548344351,4
18.3549926000873,3.848014289628137e-05,9.60449442650717,6
4.837290579857206,6.764998333085279e-06,3.43226567999419,2
4.258443513130904,1.2925478069068025e-05,2.9556637409748174,2
13.095633773362298,1.4087051410722588e-05,7.024808097987293,4
18.833787378376066,2.883072137150821e-05,9.507870620263313,6
4.853816061315072,1.0862420412342379e-05,3.7892888667928597,2
6.298654930844778,4.800818442315705e-06,4.049129404670105,2
12.13014432742112,1.3389248659002951e-05,5.296755102956821,4
14.039650240833112,1.860278078063104e-05,6.272911357352348,4
13.744823925220736,2.0737212953165374e-05,6.511410460632705,4
5.71853864216016,9.223499667119973e-06,3.8500021269200366,2
12.197990745487502,1.4073443964349783e-05,5.910358682378669,4
18.975403529660685,3.135187687572322e-05,10.476882098577427,6
15.139375710713633,1.2297503421857167e-05,7.029907495743643,4
12.334978599627162,1.734825513930649e-05,7.243407524967765,4
13.85227229974468,1.995382843419847e-05,6.8928019268712655,4
15.986467910098229,1.719214791685248e-05,7.102120902087634,4
12.367840813915288,1.9391782368085957e-05,6.570955836985284,4
6.028468028705854,1.1113051503081802e-05,4.190901488209417,2
15.714922559310718,1.5149220287192413e-05,7.52165364542241,4
15.119137606083843,1.5150924628071102e-05,6.893238246761489,4
5.336630858751203,7.98141281418958e-06,3.887069521579594,2
5.88817432139042,7.523860637672761e-06,4.429810762103548,2
3.9282251802947923,8.234572262008523e-06,2.794666110799713,2
11.19490758654588,2.0126243448868615e-05,4.884811203555964,4
6.099562814583054,1.1719777310828379e-05,4.147247771263692,2
16.41122849467786,2.830961867255485e-05,9.798783575866803,6
5.680174207788296,1.0374976768181152e-05,4.395429266465061,2
12.33413538698506,1.800730036383145e-05,6.046557536930855,4
17.069031654939042,2.5269487647037285e-05,8.702238835130903,6
4.906519662160883,6.4416789065917466e-06,3.012190984996572,2
14.236518563900054,1.710523614507018e-05,6.8114924137248565,4
4.862536536645409,8.504715276116897e-06,3.724950035116189,2
12.792597037395279,1.8413551741124872e-05,6.821732376905226,4
17.743166716293644,3.498906177942202e-05,9.409397449444295,6
12.230869049995622,1.8050095088476425e-05,5.388345886744473,4
14.331996321968798,2.2495614132237266e-05,6.189016198805669,4
16.10124336819974,2.788639238792231e-05,9.438561729247397,6
13.998541398271044,2.439329187852207e-05,7.206586729078023,5
11.113871242030074,2.1403562655330464e-05,5.133141613180089,4
16.008812564366714,1.5808731807134963e-05,7.99954111703448,5
12.74411786904155,1.841228303561649e-05,5.745307997204201,4
18.512165610885525,2.4668231619056357e-05,8.54288475522334,6
4.356447977713012,6.126877668335502e-06,3.403301145552922,2
5.28148077721084,1.1392690126670445e-05,2.8936617704484657,2
11.842771409090783,2.2276942186168946e-05,5.727171194333115,4
19.69824897460989,2.4438358709467195e-05,9.90877961034805,6
19.446828733867854,2.454255816065606e-05,9.219916640780905,6
15.675065103831752,1.8330416062756848e-05,6.836890579704388,4
17.26985382590563,3.403870178330214e-05,9.527950415589224,6
18.428777292890842,3.219238845717637e-05,8.479497166018986,6
5.264120856167743,9.963522877235514e-06,3.3788410432049325,2
16.785049050243444,1.6483886266375546e-05,7.641892017276464,4
16.730509644205526,1.9549499831281824e-05,7.890487454815392,6
14.339239270040846,2.076638784403939e-05,6.358949895550379,4
12.71857211328674,2.384233563415005e-05,6.63825752914947,4
15.566901095892815,1.480743608621383e-05,7.433263233287997,4
15.771301122704584,1.6372834061629155e-05,6.948654756087011,4
12.739624907496436,1.3007696499313198e-05,6.903632179875359,4
5.261251777301026,3.5097857927269342e-06,3.641318983176889,2
12.395792783150927,2.6245890531228495e-05,8.772482566697866,6
18.157477223319095,2.7003260043497615e-05,9.273470272893679,6
16.029962455948834,2.6687990931257552e-05,8.39199265334942,6
18.279267208065544,2.817653777980956e-05,8.969636238898985,6
4.9857240799683415,9.323987426665082e-06,4.091925742252116,2
11.979810763825164,1.904184473701692e-05,4.4177355959496865,4
12.508177894283152,1.3589488111993839e-05,5.4912969439210055,4
14.79348019433094,3.1206289268817496e-05,8.257981186453595,6
19.465861324371865,2.756116182312646e-05,11.039272527719747,6
14.300753687087239,1.5244383849971609e-05,5.888947079672755,4
14.202670263465311,1.8334325286405885e-05,7.551161857992986,4
18.7699792781491,2.68015032227536e-05,10.426827959803408,6
18.81175579248591,2.6439234302356663e-05,9.435156042411062,6
16.429341005090993,1.281222250044906e-05,7.748859574823791,4
5.159979201677443,6.8887568919785115e-06,3.933601795304544,2
17.051342309009804,2.9658230348950712e-05,9.275514097766784,6
12.287348733369754,1.597638125361234e-05,6.500915797342835,4
13.09699894135441,1.703309843974834e-05,5.968735596830792,4
17.24452998275327,3.4057946510221216e-05,8.41904755316945,6
17.368789780771184,2.6576374354515927e-05,9.247082142001103,6
18.78114953552987,2.6931550257949865e-05,8.793942802385565,6
2.992624380795439,9.62655679379183e-06,2.228687285315451,2
4.905690619429198,1.0260459934874218e-05,3.8324309215392205,2
4.89627591276944,1.1019433876267409e-05,2.749140545322295,2
2.7840985267578158,1.0008694709621579e-05,2.31100551040385,2
6.212593784990568,5.581840075076336e-06,4.510385567787068,2
3.6935821450925657,1.2483126540784821e-05,2.4995969950129346,2
17.382412400183327,2.2455867040552772e-05,10.486936056934066,6
7.00158694246427,4.455123938457488e-06,4.821784219521982,2
7.250101638739512,1.0173957933519565e-05,4.270546508440505,2
14.120435090980067,2.0326041828634592e-05,6.289978629678766,4
3.8612491383106162,1.1398000914933648e-05,2.694522254721819,2
15.925628051544953,2.3382703682067206e-05,6.864002596885391,4
14.452614718457689,1.4581587918530279e-05,7.465530326729277,4
17.553384873208223,2.8472746182898864e-05,10.47803175769274,6
16.691378237572916,2.5990377873062668e-05,8.583506209160387,6
17.36879525906444,3.285053471143194e-05,7.589478948055655,6
14.741231280965785,2.3982133998005307e-05,6.477657994693595,4
15.52479351071063,2.3567304265775464e-05,7.388392190341525,5
14.126250751489623,1.5185063194126567e-05,6.880097858933174,4
5.026216673707367,1.287105966822986e-05,4.17691523593531,2
20.716579453950835,3.0342583882441936e-05,10.497737579658509,6
5.429496945102508,1.2945921419659064e-05,3.2680486757830183,2
4.448487834498753,1.0820728378965569e-05,3.788317152404476,2
13.819561652667268,1.6164688330445535e-05,6.700164214662353,4
17.638023804061863,2.4934485771533284e-05,8.932769963300743,6
19.52532936756589,2.724774975906502e-05,9.370316185372435,6
6.0793619698853725,1.0130112935030674e-05,3.263482819149574,2
18.66876884520276,2.8020118624367236e-05,8.542373576962202,6
17.14389948334755,3.0321379138906373e-05,9.111257968496773,6
