8.473392939365464,3.567104959235417e-05,3.09961242717994,1
7.6232364793381935,3.180278604262123e-05,1.6769108131739545,3
3.0040407943618748,1.7391722196927952e-05,2.787722495400365,2
7.956513621134141,1.8777368603657667e-05,1.4148172887793065,4
6.166550711681119,3.587032024719716e-05,3.8486995471441205,2
5.250541363439024,3.794715908957864e-05,4.056803203818628,2
4.590655379727872,1.5965001597664364e-05,3.6244461003083894,2
4.8764651239913,4.200027990460202e-05,2.65523826462082,2
9.17203597257636,3.748456914918574e-05,0.9072364797965288,2
10.924664328962136,4.4559597682494715e-05,0.8889865516803466,1
9.147457711953408,3.3984362479222716e-05,3.1970772766639595,2
13.761436232247348,3.592352050843714e-05,5.221442260789681,3
11.79130189167715,4.598592196455208e-05,3.720192397314844,2
8.131054749151737,3.8905527595430134e-05,0.6633383943175335,1
5.244921267932215,3.07886806865736e-05,4.206441286882466,2
12.948912120649593,4.3202750853011085e-05,4.557001937082378,3
12.01660766913825,4.089628211522367e-05,4.313487994605203,5
3.6677140275679982,2.525951006148223e-05,3.1796303549590332,2
11.715677921404566,4.225702659998605e-05,5.4713282612410366,5
5.695938169215345,2.494718542041305e-05,4.109762115302665,2
4.531293223274513,3.493656167218173e-05,2.2036422193847063,2
11.817879245731156,3.8937300128191685e-05,2.5760802364193833,1
2.686360783983581,4.1850386237675903e-05,2.7312924911973235,2
9.374639861767424,2.784461271035983e-05,2.389853638050129,1
13.086009785838325,3.227449681478575e-05,4.098782305673341,2
8.092112393107747,3.391301545902172e-05,1.230115228705923,2
3.534892531724599,3.5441544166362085e-05,2.5496924976805175,2
10.300070958335962,3.2606937337337724e-05,2.6519153248638694,2
6.441030730973875,3.2438278332567846e-05,1.3083751201779936,1
13.790627046526573,4.16980708758465e-05,5.000701597120945,4
11.07453966814182,4.7089440765885523e-05,3.1445960889874662,2
5.040041121022662,3.598635740984986e-05,3.1849678554964944,2
7.864314185943375,3.085173213246004e-05,2.3589690744649645,1
12.1227201489718,4.101857358133784e-05,3.1611715854795364,2
10.134084924781359,3.332609390137944e-05,2.4038206222098406,2
8.960625878392026,3.261689952190847e-05,2.552914961219666,1
8.832777015007151,2.784107568667994e-05,2.4123542947551564,2
8.168912321363923,3.737065558294125e-05,4.853255441491963,2
11.606345010027141,3.597662106431915e-05,2.95797443113707,2
10.928504844164221,2.9258256524614562e-05,4.806762513719445,4
10.003735791926772,3.560017341767302e-05,2.722472473096273,4
4.999337518390131,4.295032190511102e-05,3.9764418009609823,2
11.10608305974625,3.7914798407358066e-05,2.869757912299829,4
14.455353394598122,4.648643334729871e-05,4.570053530370842,2
10.397809745684299,3.77967714299715e-05,3.0147727518928686,3
10.6590913760018,2.7678617439459517e-05,2.1762247055745747,1
6.2568209215528015,4.2110483733429976e-05,4.478238982499251,2
13.555800380954304,3.639974708740001e-05,4.2362497015555105,2
10.557154880519052,2.63509648424728e-05,3.752081680203355,4
7.028893841276172,3.544963161782483e-05,2.2591624927008693,1
7.734761471075675,4.088062550093124e-05,1.5198766622850772,1
9.098288162864804,3.3101789950346944e-05,1.8554921054175186,1
11.44545966566197,3.086759977489001e-05,3.215619309888612,2
12.129609333858328,3.6910844077137365e-05,3.874695102087469,2
10.85783743838536,3.912704321907053e-05,4.41957936532579,2
4.015342577440208,3.7060037669821067e-05,4.675253161077909,2
10.567856634202695,3.5034370621477576e-05,3.235416669877715,2
5.250409460384528,1.5321328682798146e-05,3.8937965764016598,2
5.187504861737876,3.146667449646519e-05,4.150152012702049,2
7.554374008017556,2.186583898623089e-05,2.2031641699561413,1
5.385308843783656,3.19268687312174e-05,3.6118488860883096,2
9.435149862652505,3.816330356696187e-05,2.924997079977746,2
11.696380069547008,3.511645290279707e-05,3.1617164672208897,2
8.743873620249698,3.3145778831110446e-05,1.0059844325332532,2
5.486548930233098,4.24834782187855e-05,3.403453787418807,2
10.086374173298267,2.012912099897341e-05,1.4150796777270007,1
12.45795692824181,3.3797956283663606e-05,3.624102356574223,2
9.225794646497697,3.135116859766787e-05,2.9666536994077557,2
11.432944370279468,3.6668154796116994e-05,3.1274834452571367,2
6.197794657622972,4.020525533726126e-05,4.886853466987734,2
8.04542720232291,3.604588182454908e-05,1.2226599539952163,1
11.333710620457069,3.847752375004744e-05,3.3447931185544757,3
12.664449538999799,3.785250428411784e-05,4.804078115663504,3
9.318132850149558,4.062927813045917e-05,2.8325368311342323,3
11.66082258345526,3.3565985588760136e-05,5.378998530507426,4
7.046398969124465,3.2203214239959835e-05,2.303412019893035,1
4.383045892599162,1.3109402825690743e-05,3.4044408015699803,2
15.186683654569345,3.718707787346932e-05,4.450479514809907,2
11.346259908496942,2.947020661337928e-05,3.1615723651757364,2
13.673530257031658,4.5195951027662956e-05,4.312735994756641,3
9.553940883022717,3.1583436010285736e-05,2.67742111085941,1
10.278392020421089,4.030000572598471e-05,1.4764003620303885,2
10.487736859268907,3.526512460379082e-05,2.56683183706547,1
11.342072977259592,3.348929839982196e-05,3.1459884443623887,2
11.22316590254185,3.30225286594509e-05,3.8427418365687407,2
4.540584704260843,3.2960605190124525e-05,3.388624309933176,2
5.010535027207393,1.6756276384802733e-05,3.2427991355034553,2
8.445276720683387,3.808677170205356e-05,1.475305319335584,1
4.910061787660523,3.7991478991643586e-05,3.7465084340873664,2
8.014973771107352,2.7471793704713937e-05,1.8032984115294437,1
8.240932497127966,3.016112877215259e-05,2.809065762866994,1
11.409727817545967,3.4649080458095644e-05,2.466253897483484,2
10.210715000105017,3.628091663094611e-05,2.9520687397797376,2
11.815771280661457,2.908271809910867e-05,3.35417461584851,2
9.920903895892257,3.077515508394637e-05,2.016376927730218,1
15.735525932639439,4.177439688441928e-05,3.540356801556655,2
7.38499942648252,4.108009326537847e-05,4.867463863214047,2
6.455935280508095,3.9574563529334664e-05,4.44193485255639,2
9.990390421075078,3.0846758136650825e-05,3.4661419546423358,2
7.966377021333338,3.2802289875386887e-05,0.9011199503661163,1
8.769551731437641,3.548296480750708e-05,2.3910073013867645,1
4.628907355936528,3.936542238792656e-05,3.917325182174083,2
8.569729110528897,3.628739228826359e-05,1.2410602265351591,1
11.020659502739177,4.5761080456859936e-05,4.002457197537334,2
14.042861436208579,3.550762734471848e-05,3.993372324655816,2
4.336373354232828,2.9592719244732678e-05,3.0864010311496557,2
12.973164866818717,3.3746306834118306e-05,3.408594804950848,2
12.250974126875718,3.3650210639848566e-05,3.1991500767545364,2
15.718534846477658,3.9992659616092784e-05,5.770495054647858,4
8.994353968766248,2.6043500326225408e-05,2.8181463839129073,1
7.198386097710776,3.415294960784669e-05,1.5306747011305244,3
9.612734605905692,3.619869013926817e-05,1.5177366394443357,1
6.2584659953986375,3.417599560894438e-05,3.644101721830768,2
11.393323940911603,3.9791149664332636e-05,3.5342316392054727,3
10.252349789751493,4.378525412101535e-05,2.4529579809843916,2
9.91783864279876,3.703671151742214e-05,2.9661194398972706,2
10.776542073561378,2.7473925621501487e-05,2.007439067650787,1
8.077206222497878,3.606524862170684e-05,2.3752686970024453,2
6.049158357096233,3.468566854868846e-05,3.7885120438744937,2
5.642352309874751,3.714386029477346e-05,3.079976002619916,2
15.740842150691638,3.582082475346231e-05,4.735186682713931,5
11.234906530534925,3.004244312467742e-05,3.9133551665282478,2
6.069716175406699,2.7990272594611564e-05,2.8439585592331396,2
5.057033833817229,4.095478150349076e-05,3.3012043532710322,2
13.951532304633504,3.4610923308117105e-05,4.0727106497616345,2
12.76149297355121,3.870744060694971e-05,4.219009950624118,3
3.309232868470225,3.5815000903517206e-05,2.935122743586886,2
8.457673018212962,3.4041885932158236e-05,1.5242825035911052,1
7.876546668676044,3.433326629799567e-05,1.7692628065297038,1
12.378646116408474,3.458064848607945e-05,4.881329136460925,2
13.807959409416343,3.938408963083018e-05,3.0941511338625904,2
9.36339270853721,3.572965974299561e-05,1.1814425000325268,1
4.551274142465911,3.513868070840033e-05,3.5565860273395247,2
10.892687298924455,4.007202832595746e-05,3.085444099011272,1
12.074707450008727,4.095927724933677e-05,3.9986159241745822,2
10.720225177592479,4.299421168739721e-05,4.756667494932139,3
6.69608240624746,3.1799740126702064e-05,5.1616429683153555,2
6.585132329912476,4.190480442386339e-05,2.766218907849553,2
5.678377318156633,4.0337440031010764e-05,3.0064591649932257,2
13.4371397065309,3.778462618381139e-05,4.24915657857529,5
4.6156621522253545,3.8819220074927786e-05,3.0585574926776564,2
11.411533598333934,3.527376099703181e-05,3.7700103631982973,3
8.507235463319613,3.420015360788054e-05,1.7126150790968333,1
12.129449931488987,3.8420654117090735e-05,5.080093094473236,3
8.777033500284313,2.097591689649079e-05,1.6614082032147797,1
9.416410098425109,2.8136229000141406e-05,1.4502443637447713,1
9.033487884522824,3.378605811320403e-05,2.420181013419289,2
8.773805888223027,3.5622157211498504e-05,0.9659789568927272,1
9.526750969003402,3.2629361607217947e-05,2.1024355317839003,1
7.773215884172003,3.89477788827538e-05,1.125877343039952,2
7.8860997332383995,2.648112492343041e-05,1.6165602351438009,2
11.885618086667236,3.86335352988877e-05,3.65419825142081,2
9.23693601956861,3.652351848463719e-05,1.8629283380009687,2
11.026895658895537,3.27187182230741e-05,3.74082460182027,2
14.34115992949846,4.006482295577421e-05,4.306317375137263,2
8.751856672737537,3.102795374405377e-05,2.6442370833890423,3
12.928376018624366,4.43406303567701e-05,4.024241143663964,3
10.72829537285373,3.927335217014922e-05,3.025027318813772,2
10.67477090877841,3.044730922059441e-05,3.0890752768514385,1
5.79666975950219,2.8845621534369815e-05,3.3502492451348056,2
5.776597148700212,4.4172219537356566e-05,2.9507616022328502,2
10.20288862385226,3.5170565189510214e-05,2.8639536449251395,2
14.471664654954747,2.6812100660590957e-05,5.714568435629097,4
8.301495814684547,2.7578470834340394e-05,1.5513937521387784,1
14.4595969972915,3.751452831695743e-05,5.066778266586629,2
13.02108557779558,3.565175407079857e-05,5.111797326298318,3
11.309784787029825,2.8266554576437676e-05,1.57400229099868,1
9.1992305074179,3.360355402122206e-05,2.420984024610773,1
4.9630134006241615,4.89352735802711e-05,2.7714857044253236,2
13.848500743973815,4.1072004575581256e-05,6.35579594604088,4
11.514015745722148,3.348617308998814e-05,3.9682769463759118,2
8.363771225251075,3.681336806940567e-05,2.8241868977801707,1
10.542257368568816,3.348100804363775e-05,2.6917122400506175,1
7.896038025213871,3.283880323507399e-05,1.3655085268087603,1
8.803919545740996,2.8758709591010104e-05,2.6444493453332223,2
10.670915757901332,3.142520692095871e-05,1.4546904783329375,1
5.66805517287833,3.430462725841482e-05,2.9623855481895194,2
9.971944578369317,2.1532654973118456e-05,2.84389438332813,2
10.820159385315037,2.3880487842288483e-05,2.0814895247840126,1
8.500113790453897,3.0201977608321692e-05,1.8663010006293022,1
4.431590205033072,1.3108230702771669e-05,3.6103825540052195,2
8.187701697053662,3.8214035633488765e-05,1.6821132341526046,1
10.881251425596794,3.663687869538596e-05,3.111052981432639,2
14.03259324846264,3.6924375735921374e-05,6.304658326674723,3
4.737609388010931,2.5861569232999233e-05,3.4095098517683,2
9.047856536056756,3.647915201571989e-05,1.8602065387601265,1
12.559128295695846,3.21013598198366e-05,5.220054697327307,3
10.432192362042677,3.353175665074898e-05,2.2373840967559113,1
3.5286926462558963,4.1198227574473095e-05,3.7673519102208575,2
14.579429727156914,3.8880745501036426e-05,3.9312572542157023,2
13.460340496401495,3.622277935753316e-05,4.969108376928031,3
8.96168387844935,3.677846961239238e-05,1.1704909602703797,2
8.35449866360603,2.7297748872266458e-05,2.356129529285417,1
8.674228947126071,2.6024612009967424e-05,1.5188863020313552,1
12.980372922252752,4.451616559326619e-05,3.4463236981031677,4
10.967871285034956,4.3417694878663e-05,3.133602894518348,2
11.615546763088526,2.9783172597745862e-05,1.5289351914227578,1
9.463296313104935,3.476604556923374e-05,2.5094578800800305,1
14.234005094380626,3.542348434221681e-05,2.570044279962506,2
6.951423451269719,3.6609657614336075e-05,3.961200023939628,2
11.529893347046038,3.0033548533929205e-05,4.127437886950794,2
10.390669471245193,3.382018893790428e-05,2.798428904880963,2
8.295355369932354,2.2865950001869538e-05,1.793748046372659,1
9.405811478925,3.807064019206749e-05,3.447801443739751,2
10.176289709090456,3.6810326966039125e-05,2.4896100755535064,1
9.269652486967377,3.5370246353923245e-05,2.219775518555736,2
7.502203617736569,3.265305519075165e-05,3.4352056695447235,2
11.970551490685141,3.672574966094834e-05,5.090602170841883,3
11.450371091182394,4.16960498634743e-05,3.7080904639570735,2
12.626352257952774,3.242587970008888e-05,4.582878673918155,3
4.899037856657331,3.665937263973667e-05,3.917461603991224,2
11.140585532405979,3.026710806186795e-05,5.089556176891107,3
8.400955249738166,3.994190623166689e-05,4.462824649757348,2
5.055529665284009,2.732312114705555e-05,4.366051314091466,2
7.0549521915281135,3.568439598308774e-05,4.1702060729954695,2
9.690994358688654,4.2703772917529175e-05,2.4690745325507613,3
10.194408664833588,2.977713636827161e-05,3.469032245856783,2
10.189574371133393,2.979717338010352e-05,3.8678833058753774,2
4.2554107727032076,3.909682943949732e-05,3.0383190155483453,2
14.074625177447112,2.958687687009901e-05,5.184402256063883,2
13.054493116305897,2.6853319977061637e-05,3.322771335782436,2
3.9519574925038796,3.019272739721589e-05,3.3653937900354274,2
14.080735049515958,3.712527487922612e-05,3.15237945413486,2
5.425115766934816,3.510767298339072e-05,4.30055196870218,2
15.447875077501402,3.610079846022465e-05,4.9443080994359185,2
10.872602013978664,4.239253132424666e-05,3.5121934833811608,3
5.751645989474578,4.077718250003713e-05,3.9681862265166377,2
4.9135571533334,3.25153532927339e-05,3.906667953460392,2
5.921312175020399,2.697540173674812e-05,3.7458936703151595,2
12.132301979800275,4.0837824325511966e-05,5.280394398379632,3
10.170139296043976,2.761818259649091e-05,2.0999834689891164,4
9.50817742686802,2.6546937637294755e-05,2.2269007475215687,2
10.281908454205542,3.033823546629822e-05,2.8430879182249766,1
13.939841343506451,3.155961329687883e-05,3.02399720494622,2
3.94960708931737,3.814956238069074e-05,3.4061743497381207,2
4.4994363653706415,3.207431856974698e-05,3.3313187660466137,2
12.08176248930387,4.893443569817181e-05,3.6213747662118516,3
14.112184523987311,3.651316004101524e-05,3.957037562056711,3
14.146723860497206,4.6657104271716055e-05,3.522761026643097,2
10.403572379000238,3.3925010914938215e-05,3.483262002616341,2
6.312533761176466,1.934142262312654e-05,4.34411905288213,2
6.707702082277475,3.0400595842427942e-05,5.449606965206476,2
4.30278023989366,3.6096306477675975e-05,3.64914533754526,2
5.398832493162352,1.4868614526312657e-05,3.023768674381315,2
6.251069839081815,3.3176916272851e-05,0.7516421705665421,3
3.5020418228278043,3.702072873719417e-05,2.4502922212767513,2
8.53996348152697,3.664771907056677e-05,1.4797143239706174,1
6.607518568325903,2.5026869591693013e-05,4.225771439321623,2
9.437481035441586,3.6425303268441295e-05,2.676149721705727,1
9.251740132992882,4.3001891056507914e-05,3.025573000864947,1
5.498048716990291,4.682727944714144e-05,4.281416597772765,2
8.973593293586129,3.278186165176338e-05,2.6522213494646034,1
11.314199915546988,4.489844455570848e-05,3.5071732804569766,2
5.160749103806827,3.1254815966647097e-05,2.017791847757313,2
14.548086633704408,3.900956523538339e-05,4.792454277196365,2
11.145148712735429,4.2017318976574484e-05,3.8156558282373116,2
10.079544046289948,2.628749380078226e-05,3.372384959780893,4
3.892235384372542,3.8878047053817605e-05,3.426402886981357,2
8.269041474137518,3.060549865739524e-05,2.3676931881865424,2
5.9336003686226935,3.7290249554519706e-05,3.9870716146056813,2
7.032616521068941,3.552481882619291e-05,3.978420555651538,2
8.879674028538403,2.9553416542224276e-05,1.9345255693231975,1
7.975413203946152,2.184956879334065e-05,1.2697559170319703,1
13.678842045127494,4.181639301921446e-05,4.524576577640304,3
7.367769614433269,3.182463246309978e-05,1.6818577348479282,1
5.767536979291546,3.8918460769551314e-05,3.823895836653857,2
5.535309056938548,3.22048232951815e-05,2.977081221017336,2
5.696430780735148,3.683471965225397e-05,3.495677503758113,2
4.044385388161587,3.5981545559465056e-05,3.1967513076509393,2
12.199406340354932,3.792172988600994e-05,3.629449669037844,2
3.5919420058350635,3.949670828920106e-05,2.9714372002769838,2
8.778770440394396,2.6797801235145608e-05,1.5401603772152468,2
10.974969473602654,2.454300288698133e-05,3.3488398860532396,2
8.602967270808136,2.9235590440021064e-05,2.2171400594064172,1
4.7356917665612,4.446375512125678e-05,4.296149500671087,2
9.521850673498552,3.069404764956496e-05,3.097791708054812,2
8.039882274389944,3.0258390062723895e-05,1.2984053492653458,1
11.16855024183678,2.9974818462768257e-05,2.586533936735851,1
10.517578294536026,3.61296019342265e-05,3.572762330853282,2
11.712809252333573,3.9806321170628813e-05,4.239585156781802,2
8.562665582808549,3.260920844793934e-05,3.090687853787771,2
6.51817118708701,4.450623147240765e-05,4.561102713659346,2
13.265596681723014,4.83924558273243e-05,3.9213828753545363,2
11.225396987280948,3.0758792196236025e-05,2.612997207934766,1
10.405117875630946,3.4648759434617925e-05,1.1629034301357462,1
12.609258829519414,4.3167804178692715e-05,4.139405651419553,2
10.010198925408464,3.147588366297202e-05,1.8727959762858901,1
5.89083482968798,2.3676411852356017e-05,4.4215712672521335,2
8.63023543309232,3.2311821481278736e-05,2.7135576059802036,2
11.635138526222706,4.2473494797540266e-05,3.692550888084012,3
5.651299948463677,3.755493965337895e-05,3.90718291753538,2
16.331265503916487,3.110629113086785e-05,2.9695183746150713,2
11.454053043986058,3.070281699696928e-05,4.3210693414656856,2
8.242272136596121,3.5312858023520855e-05,1.9205989383024367,2
3.408269925202253,2.02165428659861e-05,2.4653493923729926,2
10.068441890595626,3.641143893656319e-05,2.5642108631222658,2
4.551816530432328,3.790802394656388e-05,3.1192050174552906,2
10.00123214769136,3.6125284214935655e-05,2.6810451849174886,2
4.975264096028453,3.5015703280023765e-05,3.0185942318125383,2
4.534034311301808,4.364706494773618e-05,4.235483386385229,2
4.6459214034620535,4.276592126434464e-05,3.6027276218888327,2
2.0077002166813624,2.965921137271607e-05,2.2450865200579018,2
11.032583167628854,3.4603023880891534e-05,3.2168512463245347,4
11.690231978248692,3.851628100566154e-05,4.88526121855671,3
14.061309331566177,3.1619923600230845e-05,4.835503126927168,4
10.884292187261163,3.8950951416235886e-05,3.362497220188739,2
5.70778409291856,3.9025011788459565e-05,3.730091034674323,2
5.366911261866613,3.3182266913346536e-05,3.657639339448286,2
8.543548081212496,3.132701838986445e-05,2.2177570513127005,1
3.3878870364246834,3.5927471495867736e-05,2.6695818911744102,2
11.139941772215844,3.931603233817187e-05,3.312831083350453,2
12.151517163461603,3.687189245241724e-05,5.401163366674351,3
7.879891075121325,4.3783938854436215e-05,1.4460285051107424,1
7.5717506575302025,3.9416747382426594e-05,2.0280495942822867,1
8.357037352980095,2.9775542450707344e-05,2.2099888769187928,4
4.687937856161525,3.959834620090991e-06,3.815515042335089,2
10.410807848290526,2.840337716056195e-05,2.344230642690241,1
13.422688197715154,3.715382062190032e-05,4.116528674714971,2
5.035362881569786,3.562874300014637e-05,3.615191855182198,2
12.522188839091207,3.4524922329394056e-05,3.3981788572623817,3
8.162245841545053,3.378291075864439e-05,2.6442626702082928,4
11.910786415516819,3.7502335443609265e-05,3.4374388764851074,2
5.4144037143535515,3.399411171479968e-05,3.5634969251602584,2
16.016386776834835,4.33987195461459e-05,4.387344035116323,2
5.762605665409049,3.2738164306937234e-05,3.431560673448658,2
13.821650860466171,2.1779801992622055e-05,3.737390243388593,2
6.581451740280352,3.3589152190701054e-05,4.3637593471206,2
8.917090809524375,3.9007657204927626e-05,1.3754243235201378,1
10.790851337947409,4.25512315161919e-05,3.505665592366025,3
5.303880894501144,3.760259944535747e-05,4.00365509390182,2
6.04521098864216,3.2668228785126226e-05,4.023524090410093,2
10.67376343289774,4.2347927203732656e-05,3.5120801430928252,2
8.235610107616088,3.675198562473367e-05,2.3803351760768665,1
11.22094859431224,3.3371829660489625e-05,2.4398176051557705,2
10.633985775843206,3.053597995526268e-05,3.6436940212555404,3
4.332621953365741,4.519733388959579e-05,3.2257117436364853,2
13.753808845879078,2.9019680978906322e-05,5.004602139530682,3
7.339587585812559,3.828714372594436e-05,0.9685902214471849,2
11.988844354793441,3.560076111114901e-05,4.8472999425861865,3
8.46842754022062,4.298759762960999e-05,1.3336704298956001,3
4.38338505776772,4.391048237681114e-05,3.002509944257101,2
5.801316296762227,3.113315365151344e-05,3.5423970722669083,2
9.241379488822773,2.5991837783812446e-05,1.8384279239348653,1
9.894155648725953,3.615488471229392e-05,1.9904530938077636,1
4.659665022281315,1.7531275403298113e-05,3.914947292297268,2
10.90124300731378,3.271743499474105e-05,2.5634138190089946,2
9.816232413404888,4.338171763829564e-05,2.6491351143026787,2
7.334164497466647,3.8863584429171436e-05,4.235158532147073,2
9.122245686827148,4.2150613073510674e-05,3.1178496222514447,2
8.808357860349139,3.85963029977325e-05,1.5002851084769162,1
5.503719023601958,3.29860551963682e-05,3.9994312919091635,2
9.857237266551731,4.1505708398165374e-05,2.492445487656463,2
4.65093261758177,3.109022359961426e-05,2.7692475464964206,2
5.882159632422291,2.865484942780205e-05,4.342388430695715,2
10.860278137321465,3.2333935987567715e-05,1.7370548036504845,1
5.42803595655922,3.8061757464816226e-05,3.137910378669491,2
10.4233748488206,3.662267916980419e-05,4.356380259880206,3
5.4307682783978315,4.6189104481571616e-05,3.3621159256127386,2
8.144417280491096,3.6032010124983754e-05,2.1053257337794062,2
9.013690405531465,3.8193831295316456e-05,3.478583822899499,2
5.194548278771799,3.5849128602528985e-05,3.2660880862599226,2
3.6513390205261906,1.2504786482901362e-05,2.8091874499140124,2
7.0059320161182566,2.8103991543941824e-05,0.9593038318837406,1
7.678345091074427,3.6216149584670056e-05,1.6370369439614807,1
10.293142115250356,3.0568477836514086e-05,2.596947043997417,2
10.268801080982957,3.374116813086976e-05,2.2239965378755007,1
4.116045448158822,2.9594286602388443e-05,3.3093039044867596,2
9.974135054985439,3.422844888187368e-05,3.901230740970233,2
9.062863593524048,3.578602394455218e-05,2.0725207436062516,1
13.411539825588305,3.556990646971585e-05,2.8495351045269803,2
4.404257338516946,3.71076280317777e-05,3.690463036361112,2
5.01022514123348,3.3413001954785035e-05,3.219136277159392,2
9.972977202557143,3.4022446225696497e-05,2.3733977723219297,1
5.428016115125532,1.4862125599087145e-05,3.341913999782035,2
7.479761071604108,3.0221250860733358e-05,1.1114365688622092,1
8.19570947553185,2.5679423864432572e-05,1.9928827961089213,1
12.29603514106459,3.515809820213546e-05,5.524624546666986,4
11.397986808129984,2.8245479575916968e-05,2.0102408367233555,1
8.863191021186518,3.491369188401289e-05,2.516380250514807,1
4.035005697712071,3.415785038543187e-05,3.224458593774693,2
8.655427519979824,3.347679327719259e-05,1.9683306306171415,2
8.030558205797147,3.196759824860822e-05,1.8223721719662493,1
6.615804596960707,1.0383324819765859e-05,4.0094626415423855,2
4.194466495116997,3.2024292396079134e-05,3.2087292047818403,2
5.574818942511109,3.9069213060345965e-05,3.398061508007453,2
10.183756396584062,3.9955410980605904e-05,2.0781060449819257,1
4.887556502092224,3.935578488655101e-05,3.462022925340664,2
5.036942379808465,3.94257317507458e-05,2.8160367893114113,2
10.730002692111858,3.679798591749921e-05,3.312812107043199,2
5.034262573604551,4.302855570838185e-05,3.184921423729861,2
5.729171169667065,4.310014474701311e-05,1.1034703703789355,1
9.078805707221719,2.481823064908127e-05,1.7162858169752546,1
4.534817099566171,4.272856769325276e-05,3.4167699798581204,2
9.400396384382148,3.20869080957941e-05,1.5180629917736643,1
4.8416663000416715,4.0962428738918484e-05,2.943331882232977,2
8.655850503000286,3.3176263451990274e-05,1.667202848380138,2
7.965210620775949,3.5976254415786855e-05,4.813439710789981,2
8.083540664130439,2.857706406658949e-05,1.917971860027616,1
13.013778480354325,3.4648172369929925e-05,4.626294330325347,2
7.537744610115061,3.150751675418662e-05,1.7211906551366927,1
8.103776971877153,3.146034684907082e-05,2.2868343517665095,2
9.439348746544221,3.1767084947663164e-05,2.1759424585045566,2
10.596119394353236,3.774996282389052e-05,3.2296732115610958,3
4.71708668105964,3.445318659669149e-05,3.182573348427775,2
8.588534149457027,3.790277043516426e-05,1.7251844720680987,1
6.929032004334697,3.238255730517839e-05,1.0288658559495363,1
10.852749296191543,3.852194875644548e-05,3.445401745156401,2
4.809612803967962,2.8498081340605516e-05,3.006627999852209,2
11.889177826958484,4.7718041023129236e-05,2.750376527574643,2
5.600372772230395,4.677950705574171e-05,4.07027476525848,2
8.603823051206334,3.1866850753998814e-05,2.786262120144825,2
5.236677422050144,3.3325900222133495e-05,3.5570165125520545,2
8.581294631411897,3.334061920649598e-05,1.367943556163714,1
9.663575627544434,3.534196774963157e-05,2.817744377708088,1
9.315449365729906,3.5230728851024456e-05,0.9644160335636204,1
8.747174627541458,3.265725266364079e-05,1.4434652285975829,1
6.338097836013644,3.214070529694013e-05,1.1157352667136275,2
9.724176208943668,2.5676052473375986e-05,2.707285569687601,2
4.864486127116102,4.219773435373552e-05,2.997511634516327,2
9.204642975646443,3.425842414242059e-05,2.714406288450765,2
9.440260068336304,3.946603331367756e-05,1.9460089590788703,1
11.950509065895309,2.6527841167517997e-05,2.872211130895817,2
4.680572281383449,3.7090852431237534e-05,3.7062163628252183,2
12.170280759542246,4.1967451222689265e-05,3.7554617704244495,4
4.640032717069829,3.621994831439742e-05,3.6768409339802304,2
10.069560741999725,3.961060168001613e-05,1.4499058293099831,1
7.03290817438509,4.3856483400160546e-05,4.8853640573163455,2
8.875501583615558,2.958043610769043e-05,1.6251302426045662,1
5.804945051456832,2.152188715879066e-05,4.303408224031667,2
7.440717579566431,3.830541363907594e-05,5.236605864030989,2
12.840398775321647,3.829080568062234e-05,3.182357770619726,3
11.089474804686867,4.0481419033093645e-05,3.641116136839474,2
9.190116404568851,3.0083551863110487e-05,2.110892081938107,1
13.033747450175227,3.76204431427537e-05,6.134254539931053,3
5.252598226941839,2.4673264592523238e-05,3.856997097836986,2
5.34705695616394,3.8119714440261304e-05,3.66238038461145,2
3.63403151807645,2.8827894454889502e-05,3.4385986026762483,2
10.279410984299952,3.056588527154392e-05,3.220970206036241,4
8.03254357978317,3.625379314003233e-05,1.3647237466992408,1
8.398782361173842,2.824351557329832e-05,1.9250174721825524,1
7.273998886955143,3.461732298379182e-05,1.2563967000196241,1
10.882500965726178,3.581142587179398e-05,4.874306182299275,3
6.354331398783794,1.3613713009115737e-05,3.9316434298801255,2
10.820017446858119,3.248015207858753e-05,3.11943852522179,2
7.180453248270661,3.592700349733865e-05,2.0400845930001568,1
11.165326562219377,3.470231964302721e-05,3.7422851823736836,2
4.451567731640621,3.7601449265682756e-05,4.30338490227475,2
7.842027655184948,3.447715483547209e-05,1.1933434423484566,1
9.242007035905303,2.5249210566214355e-05,2.541378513451367,2
7.265826201992142,3.000515927701542e-05,0.9277042603236729,1
12.174034289304643,4.314286216980319e-05,4.047813490040898,3
6.300587772855216,3.575645394613932e-05,4.721648880881407,2
5.7365643885058555,4.349670158071236e-05,3.5706891229556748,2
8.882697543484973,3.8748366959946935e-05,2.097153695603875,1
15.634925856122546,3.058648425399292e-05,3.803973050671198,2
11.486661028674165,3.0630536491558545e-05,1.8081441396630469,1
4.085437574431535,4.7180161677286426e-05,4.162847811312778,2
5.822522599802545,4.035541653135534e-05,3.542793852957186,2
8.799004945883295,3.733953539930921e-05,2.9247604879039613,1
9.574059303665793,2.726739380574157e-05,2.7796642082115635,3
10.137698280868731,3.174817899308459e-05,2.963242288101097,2
9.321459446707376,3.132417544061071e-05,1.6307296060717107,2
4.924930308328835,2.8538696549694493e-05,3.665092925655461,2
3.7307626882630505,2.42047937469464e-05,2.954093494825776,2
12.395523109297244,4.25139734440505e-05,4.1244113349637,2
10.30889958065992,3.113252121780505e-05,1.8104183582567783,1
9.447135746613313,3.4806814547454075e-05,1.834433352001458,1
10.080646788987579,3.690378493276392e-05,2.1448471711940824,2
3.951340893510326,9.458006179318501e-06,3.0655251666577628,2
10.052816449788622,2.4639708190727028e-05,2.2597522315046326,2
12.643112604030216,3.0038731429975092e-05,3.045501997868976,2
12.242756887566005,3.7244306965961504e-05,3.897782887277491,3
8.564514742003198,2.708207536699505e-05,1.7452743198400922,1
11.436864209014718,3.2301595901790675e-05,2.349532314346885,1
8.72528028217168,3.168124943911817e-05,1.6054165503040405,1
8.450336961936344,2.838115168908676e-05,2.1102081962221764,1
5.583837366945548,3.809501236858761e-05,4.3753148389930665,2
5.403487243581351,3.0312070444082046e-05,2.640970322739442,2
6.118470059537393,3.5803984737051026e-05,4.751886622716293,2
4.422551568699302,4.4223675431632384e-05,3.4010321078985912,2
8.626666584037395,3.682596685759428e-05,2.323665131072749,2
4.001034374233176,3.8408290319504286e-05,4.312301322010562,2
12.115437042193683,2.8949602953929742e-05,3.656784448017467,2
11.729465168671812,3.457204184970821e-05,2.5164280254742133,1
11.258670965754135,3.1547216820167094e-05,4.0788283615221355,2
7.052515901618106,3.762575691852512e-05,1.8317961773375633,1
4.639962983288972,3.2289079336979845e-05,3.3209012915806797,2
11.886315068786573,3.747222189852971e-05,5.4961314378121315,3
11.833007345779379,2.7112504195441214e-05,5.374864579572713,4
9.044717944691943,3.199431172735944e-05,2.956301403086969,2
8.2668496211255,2.911216699744715e-05,2.2528944044384436,1
5.327574077248448,7.546429572527329e-06,4.063170930686601,2
13.142250955393866,3.8617666640469904e-05,4.063359347815781,2
12.17519372622619,3.9728406698340434e-05,2.703009604511956,4
5.226184259012896,3.305635696315981e-05,4.038861018144042,2
10.713535603905143,3.321373584709592e-05,3.3071324717857684,2
10.137185782818573,3.553921715203915e-05,3.321893933114959,2
9.580061655072,2.328344732970575e-05,1.4173658179779527,1
9.581543874662781,3.705412605224283e-05,1.7880893190520346,1
8.405202916749714,3.311131548441586e-05,1.2576342143794128,1
7.319829510272289,2.8351847375837247e-05,0.9583902583281089,1
10.744678928792236,4.0200260761805765e-05,1.857334881860675,1
13.37465226244411,3.562555429501557e-05,3.7864201153067905,2
11.556832843485797,3.830536848824643e-05,5.081769935591486,3
11.649674142572398,4.0872019900420603e-05,3.4017929165434526,3
9.553330418945183,3.123543492516397e-05,2.4320060838242084,2
12.268405532591402,3.6776464538953706e-05,3.3610954133828512,2
11.299397608335767,3.711214003329169e-05,3.52309885460612,2
9.67953099645846,3.768974471469128e-05,3.4470404148323825,2
14.103718047053716,3.2699691990599e-05,6.877800023663164,4
8.75215155705454,2.5133093803689972e-05,1.8207487096181398,1
9.466514668972149,3.5420279797019155e-05,2.6955068306880463,1
4.96558444808472,4.140213138786533e-05,3.543956969241186,2
5.345081305989996,3.060265684486559e-05,4.63627333695775,2
5.645718501691797,2.916192507191448e-05,4.0830397469469055,2
12.155841683183219,3.516357595573629e-05,4.559658989894627,2
8.83935497899889,3.514875459675704e-05,2.130118200791268,1
10.54147458411523,3.353852938371394e-05,3.187543362494541,3
9.976895302504245,3.727401804667959e-05,2.7614805839862053,2
9.919701233347114,2.563345012514072e-05,2.0164339304904955,1
8.801818285037003,2.728771817978586e-05,0.8022241155831435,1
11.41667495133088,4.756198585462935e-05,4.009747405128909,2
14.156568800266987,4.5370801805053234e-05,5.136098664466378,3
5.626310711148238,2.2461232757499456e-05,4.1844123467232155,2
5.135631342586023,4.323309431421137e-05,3.890383529594152,2
9.155564029207632,3.51547891398556e-05,2.3799155854212595,1
13.244173335255027,4.615101240901543e-05,4.645679481791871,4
5.827149211268996,3.440860991166664e-05,3.966019493788923,2
11.456808087421495,4.455609244335501e-05,3.5304325626090596,3
13.702603673061962,3.0442232561881656e-05,4.54326603284354,3
11.140817875456662,3.738387091442214e-05,2.9879342023653885,2
12.154129707912967,3.0681652897415744e-05,4.342905066263726,2
9.347173761954839,3.763078422781887e-05,1.312927853700923,1
10.116692146422471,4.1475451191455825e-05,2.8076934702488825,2
13.414612188629537,4.269913821939347e-05,2.8030225311468384,2
5.16599330499371,2.9342990840758482e-05,3.30665730958818,2
15.003130193527813,3.5190366645467486e-05,3.4527125020388705,2
9.423553650358713,3.157005706404332e-05,3.200362151812028,2
12.523323403646614,3.500450380452466e-05,3.7372618991856896,2
10.679104270529098,3.2937292277568555e-05,2.555658591962158,2
6.775845950044653,3.26921243643464e-05,4.322296699090834,2
9.512709279104453,2.694460125770027e-05,1.594204200693577,1
9.971048538693768,3.542113505804865e-05,1.9254516317949388,2
4.941648361514902,3.35968636782983e-05,3.3051763072895217,2
10.490569709661186,3.3236867070553464e-05,3.613985901655365,3
10.865463762436628,2.9362638205493442e-05,2.0876814284599443,1
12.075554014139307,3.802593285511108e-05,3.2158661095650793,2
5.827269027793214,3.8369728947328624e-05,4.326713105665418,2
11.802860930223979,3.257763899631418e-05,3.8824186938139125,2
4.300489383656769,3.525340519914513e-05,3.2873978490203912,2
5.532231576810043,4.014361795393828e-05,3.312336479745282,2
6.854105856930067,3.762977157226276e-05,4.31081575282387,2
6.747979700524435,3.0292450662997236e-05,0.9844774577631772,1
5.339625095013404,1.430534136259031e-05,3.4694579194117336,2
4.630497392910178,4.2672980834656036e-05,2.46399117560704,2
7.050749932146694,2.6854807137498718e-05,1.8578172516268727,1
11.905024974880122,1.7555331623662935e-05,1.5320358552833553,1
4.547609270932725,2.7854863059558822e-05,3.264598807474214,2
3.8076636323512365,3.120853403184914e-05,2.0379671937787682,2
4.27331151846904,3.844298852637842e-05,2.8402996395309748,2
9.89127817199417,3.10018325688638e-05,1.4790768890477206,1
13.484449247054926,4.719363617933376e-05,3.0870035394601283,3
4.0099714385002905,3.8580467741285726e-05,3.531855564422812,2
11.603390260278688,4.0876324107174875e-05,3.6567199969472957,3
9.479721433839519,3.379041191196112e-05,2.6917361131342665,1
12.918221823772036,4.136742812584777e-05,4.175115165150061,3
6.080582609354928,4.22441669293737e-05,3.5361920186047233,2
9.534260215954989,3.472009259709206e-05,3.4170120811812277,2
8.725192071923953,2.9220806797076387e-05,3.0136959584978538,3
8.668522366259335,3.064941117125878e-05,1.79599709560158,3
11.458719498475462,2.8521605236799795e-05,4.817615264201592,3
5.412896978519138,3.1675601209697367e-05,4.664549703704237,2
13.874007446272543,4.503623510963636e-05,2.067463958415779,2
13.832469593964497,3.187889384020115e-05,3.8468352416938387,2
9.370461461718048,3.026485098529918e-05,1.6588408166679391,1
10.56411498267659,4.118911309559629e-05,1.9363557736721946,1
9.628272018814256,4.058393100232083e-05,3.104782698455483,2
9.274333835540848,3.2010977199523564e-05,2.876204334747613,1
6.328130461222083,2.8719196449459263e-05,3.981447393076097,2
9.195613395654757,3.068578598483873e-05,1.8607622904609789,1
5.390910672536222,3.437452942112252e-05,4.213772133275691,2
10.334975040495483,2.6677596734149553e-05,1.5755578774588581,1
13.833268109488076,4.0565853900962073e-05,3.685988345193543,2
8.737380280704368,3.516860446569835e-05,1.5580747485353745,1
10.085587963651824,2.9933730565281776e-05,1.6808037863741192,1
10.607274991369543,3.8563204414065823e-05,2.305244863066288,1
5.940015551163525,3.5644422633674625e-05,4.3846331060664125,2
9.467661664300365,3.2300552755192095e-05,3.114516368856182,2
8.66145977117998,2.9026871510995267e-05,2.0143647624859238,2
3.1697057987349386,3.702930027420108e-05,2.785702434903218,2
13.122874954950827,4.1721560087206766e-05,4.026638354985035,2
5.95556131604951,4.510878990290948e-05,4.085294293883442,2
6.699509408596624,3.713835663334592e-05,4.685439392224145,2
8.917328273901711,3.414219710270339e-05,1.5655578117265476,1
4.781226146304962,4.436349762332824e-05,3.7448413493393904,2
14.740000079724298,4.199634404288593e-05,5.857297679780472,4
5.654836738770209,4.2529875742070175e-05,4.2043479598148945,2
9.67226296895651,3.919446326522901e-05,1.895167892160222,1
12.857406646217212,4.01210910064514e-05,3.93469698075107,2
5.496364187656992,4.236070904235588e-05,3.988077361479991,2
8.537541545560371,3.0667363779068775e-05,1.1718641739424318,1
10.897086757030696,3.311133098841222e-05,3.086248276642911,2
11.403728990437745,3.40961620543716e-05,3.6943148480498973,3
5.574381018723802,5.075521650629923e-05,4.119186078300306,2
11.817572774814138,3.1518912231079736e-05,2.336422611121195,1
6.295927477214363,3.281850018182603e-05,5.148726029689753,2
8.393868801205944,2.7332642433159162e-05,1.6494192014306575,1
13.045231338505534,3.758880991660759e-05,3.0602214070398888,2
9.287880364661472,3.444482149390718e-05,1.5499065444849867,1
8.655597463193676,3.56324247289109e-05,1.8717439388799073,1
12.755483410912678,3.6736934439846e-05,4.714267107643874,3
8.788623346611754,3.966038203312471e-05,2.6224703465559007,1
5.108726270422583,4.177910564822295e-05,3.91923673737946,2
10.98659320515664,3.5677404920522037e-05,4.129959151241083,2
7.728437347128926,3.0370697015054444e-05,1.9180034042232763,2
4.426537530893318,1.904704518837734e-05,2.5597802667006775,2
9.654872817485035,3.274197658256998e-05,3.2469707181922374,3
9.634998747063936,3.0199547926183924e-05,2.6625684246606136,2
11.51425794106459,3.813868390374405e-05,3.280403325258071,2
9.36475710097007,4.172238718181471e-05,3.5299344697774413,2
15.230760378123534,3.867947664527332e-05,6.3701918896837135,5
11.272095283092089,2.808507681132866e-05,5.168581360457683,4
12.369055861768988,3.806044901584577e-05,3.2725379769135996,2
7.224262983416455,3.921525624503381e-05,1.84527069083172,1
11.309423110478138,2.9454602522154995e-05,3.315964300765268,3
12.216002754234175,3.275849294151313e-05,3.3388612719008237,2
7.353047284090081,4.04642801104273e-05,1.6606089233581298,1
4.703589818235588,2.9611367669058446e-05,3.475628010678072,2
13.297354015213768,3.734412755093096e-05,5.293350232786181,3
6.762954757145066,3.057754149377281e-05,1.3379374635035926,2
5.0327941729384635,4.4713026499623205e-05,3.2942890086642374,2
12.699807433592088,4.7778644797713374e-05,4.104605165659099,2
8.248041893796756,2.065612609497322e-05,2.4404052119091233,2
12.037288107146114,4.619272396012177e-05,4.250347786267431,3
5.317685620144109,3.590846774951991e-05,3.0771533041573123,2
8.496262337575276,3.203892938810999e-05,3.3317108003587736,2
4.508300633305568,3.464958718679998e-05,2.7064161174229726,2
10.587174983231249,3.343947402130021e-05,3.362606832239761,2
10.472654819811805,4.268386768718151e-05,3.2915938231424184,2
10.097552175622102,3.2213982727979076e-05,2.0703689170361614,1
9.79855531874971,3.191207095552005e-05,2.3241940694150465,1
8.591981663293774,3.3002729534642935e-05,3.221233038596136,2
11.325414876433767,2.8858479016104906e-05,3.8671021423556393,3
3.9435768160870133,4.440798913542143e-05,3.6866334947708035,2
4.209434988513731,4.151882012841482e-05,3.538643916358547,2
3.572538014908214,3.276278595629662e-05,2.8594485598959016,2
12.842551165336541,3.693111855239166e-05,4.182029631817613,2
7.567355378773684,3.5862625889264e-05,1.1139932497924774,3
8.81645587265956,3.0158675754075775e-05,1.5055253041409793,1
9.296031266388088,1.767119632814936e-05,2.0215530382398743,1
11.00075961862849,3.580552081118211e-05,5.050858986563371,3
3.4207430311046227,3.343747467228787e-05,3.127529778294214,2
4.5091614677221825,4.943185436137596e-05,2.6519287619346823,2
6.179633512824561,3.736655709611749e-05,4.370521766363,2
9.289724461966673,3.696390933689801e-05,2.1416429413882008,1
9.344178918161546,2.6282976239251283e-05,1.3083889660121741,1
10.533129259372883,2.6894704924583722e-05,1.9458366334652943,1
6.921506638837144,3.208704174096695e-05,5.371727980573351,2
9.006959182697184,3.545206527685598e-05,2.512853149546446,1
9.967280275448864,3.628224618241942e-05,2.135499422105643,1
6.08349713595818,3.7798868596395004e-05,3.598115745825424,2
12.069833255771917,3.8655569766135587e-05,4.038317126717225,3
5.085060587678896,3.227443468787341e-05,3.875989464596776,2
5.818012784226084,2.7686976803850122e-05,4.833967048329524,2
16.656148748382368,3.3915023373247175e-05,7.017542444316081,6
3.4396011623363467,3.673327746234188e-05,3.1449284474617145,2
5.566293402027373,3.7758223137708194e-05,4.419771343289587,2
4.446907151508015,3.0817655483788e-05,3.3873300062113985,2
6.443153217234888,3.2271694002304656e-05,4.36340518497722,2
5.910059026930171,4.674448836569212e-05,4.244041175076509,2
5.3734749556986054,3.3349600215923535e-05,3.018687497476911,2
8.918838796848405,3.327540309146375e-05,1.8777374988153845,1
10.235082063582269,4.593305100760919e-05,3.524111325545908,2
8.045406873006003,4.498621774132544e-05,1.517240004180104,2
7.938323396858417,2.9004734137650765e-05,1.4717547571341483,1
14.011993314144007,3.22175474083976e-05,4.88669127408652,2
5.799937935349349,6.8941378812852005e-06,3.7598722037481345,2
13.503635854847953,3.631262562190852e-05,4.6425008315973955,4
4.2733198277172,3.232433465194684e-05,2.7749147870346063,2
10.593047125618838,3.390571172289231e-05,2.769905409529864,2
12.063452713150488,2.630066405531078e-05,2.7919888007417946,2
7.156378833664594,3.940094975218045e-05,4.896830159574019,2
9.703428106978134,2.886415176766661e-05,3.706042575634788,2
5.0621361775267095,3.165312185879303e-05,4.419863478925268,2
11.894191741737124,4.298848682062713e-05,5.246867153152287,4
9.27651912141793,2.9945460415013497e-05,1.4794806507243687,1
9.897449537471466,3.2571845531914534e-05,2.929427443433236,1
4.873732246568909,3.535414427165993e-05,2.341142897494864,2
9.214479407650712,4.3604177168578e-05,2.768354614818487,3
7.653561528001536,3.901297872374112e-05,1.5166020921275112,1
3.2934541545330283,3.627030808318893e-05,2.4934986376884503,2
10.454564409280383,3.412007096151775e-05,2.336020236347151,2
10.844200608540778,3.182599883105617e-05,3.530765635278804,3
4.069401692651759,1.2943099827931516e-05,3.478747160387493,2
13.646830331479233,4.2295316518483916e-05,4.135361768390198,3
5.4719535086248925,3.407337493634545e-05,4.0942486805726155,2
3.7792766945995044,1.1661014547066902e-05,2.614129276257306,2
5.147091988131523,3.877547467076395e-05,4.158181516459402,2
11.27569517980742,2.6923633297273278e-05,1.3047685877189328,1
8.60197446760573,2.9045680760603732e-05,1.687496869933289,2
11.33713451093105,3.29485939194974e-05,2.224545414216586,1
11.895578272849747,4.172357987615775e-05,3.7382825778390467,2
12.39354610713283,3.813466057963776e-05,3.4573677206806375,2
11.772060330684372,4.370685283283417e-05,3.569872728602161,3
12.129946085975178,3.869865917288172e-05,3.3432680045447745,3
2.467361155296427,4.557435244293359e-05,2.312480349781867,2
12.66256873212735,4.281522007519141e-05,4.441604429876286,4
6.4166075263150555,4.459398862515677e-05,4.523612015636422,2
11.994922328309944,2.956472816021212e-05,1.7169570576336097,1
4.291315203677051,3.2832829279226506e-05,3.627753409940781,2
8.371198326853133,4.065543063086709e-05,1.5064375544261102,1
10.552052990801522,2.6339944316911528e-05,2.1304113026562304,1
6.475579194718652,3.203776648172128e-05,4.465140030315493,2
13.242915168869565,4.6148671781175914e-05,5.9051485448284495,3
8.599974964076576,3.208215288543448e-05,1.7432896854234055,1
7.819627845162703,3.49459381569841e-05,4.555892558662451,2
9.824959631040784,3.524620298476629e-05,2.1265257384517957,1
8.46213667783307,3.3127814869088957e-05,1.6844560336385872,1
5.564770594396469,3.249297713862166e-05,3.7841563195153327,2
3.9425258846172038,3.8877345579980573e-05,2.8658120002082077,2
10.960738960326132,2.5378687751574224e-05,3.4543770444175923,2
4.750236217886627,4.233027032871062e-05,3.730386627153722,2
11.871488547033131,3.361888282993662e-05,3.8611966384971743,3
5.872873496380339,3.0212827094427335e-05,3.7237104884104086,2
12.6965217246001,3.129635556938156e-05,4.797481111361592,5
4.393780166665294,4.967274962011058e-05,3.434371524761615,2
11.47121874506146,3.468368597867697e-05,1.8975305036024999,1
9.603874795135292,3.175888140213128e-05,1.6025472884146401,1
4.746897615231736,3.489745187471823e-05,3.9587856684434017,2
9.396656962913976,2.8714769923589994e-05,1.8340640305250988,1
11.281772441370713,3.38053779847343e-05,2.406980399035207,1
11.912305588430632,3.888683284105199e-05,2.6183588645440192,2
6.339598458415853,3.4401930100996646e-05,1.6047790232937884,1
8.772724272432098,3.808721530463654e-05,1.0247224048365613,1
4.552194585183187,3.2938688385486196e-05,3.2245119587506053,2
6.970110317446181,3.434948022122242e-05,5.089392992645988,2
8.350424106018407,3.256982335753988e-05,3.1323450167792775,2
5.264985164603713,3.7053563178318785e-05,3.8858982846276433,2
10.338991438792817,3.808464143354183e-05,1.557051594970285,1
5.076503244452386,3.577930772280965e-05,4.200557503699591,2
4.353739741503112,2.6250859608909398e-05,3.4507656622616025,2
13.49708257489802,4.37308118680875e-05,5.797738539895676,3
12.825465530052885,3.714868930070944e-05,3.7573369822780682,2
14.423901158660268,3.144311032344024e-05,6.5386957038649935,4
10.564424933768015,4.990941539772301e-05,3.301798383089384,2
4.450433857720223,3.840750975266224e-05,2.8259977588493435,2
4.308588915830608,3.8537106759030416e-05,3.144346997691912,2
6.58474285918265,2.0907930034945688e-05,1.3604881168079657,1
11.550906339181154,3.4523728318341144e-05,5.956645876610417,4
9.47026515547004,3.5348619978753944e-05,4.041273889471956,2
12.177157068218929,3.412544516113522e-05,2.9229224056810734,2
4.250953352860252,4.246880562261026e-05,3.727807778493771,2
4.02021221210011,1.1056149127614995e-05,3.57817755552778,2
5.4558277063248966,3.9083842088120525e-05,3.9769086841408914,2
8.09377790475872,3.310958505648956e-05,2.1942998151910746,1
5.501193948799457,3.7525297739280175e-05,4.221930348836647,2
8.880019340675478,2.9843789338487143e-05,3.630797986951152,2
10.293950018097732,1.9685917862939783e-05,2.2398173235845737,1
9.707187616304214,3.250589965781638e-05,2.1160678071945878,1
10.890935140383297,3.169700278441991e-05,3.3678076647487485,2
13.044415051548073,3.1855812388341974e-05,3.9332356850967662,2
13.35670700965705,3.9362583913177914e-05,5.522179795330452,4
4.176247711386402,3.260530116116412e-05,2.8829817581352004,2
8.604917462423074,2.9287598341098936e-05,1.749699749748432,1
6.34616612939337,2.9407767409903597e-05,1.3296404725827888,1
4.544208991599785,3.1929517482677096e-05,4.147479184062386,2
11.916763352089472,3.1845854436516404e-05,3.6477286475804327,2
9.615846967257662,4.686131868771614e-05,2.3226892176472322,2
10.960773846087069,2.8560700554517416e-05,3.1241648395608435,2
12.331340776017107,4.0462666598189394e-05,2.7799222348182324,2
5.593204104307979,3.812802603394784e-05,3.404572495084876,2
9.730268712599443,3.182030542155494e-05,1.869186228895205,2
5.593537441750512,3.50953185224544e-05,4.121601967333107,2
10.237250194258024,3.301045056616749e-05,3.8671017934402405,2
9.297219821905863,3.1767962109738025e-05,1.4545620531517192,1
9.993553052054235,2.7420003647096844e-05,1.8929555461109817,1
9.883896676667048,3.262073387652745e-05,1.3034519594359328,1
11.095190625878754,2.9890655516164692e-05,2.851267757919799,1
11.916169177330087,4.024471649805705e-05,3.1941577619521255,3
14.767166125094814,4.062959836362433e-05,3.915317182137596,2
9.670619304432485,4.3191702202686515e-05,3.8550593829947877,2
12.85451813885984,4.114784503671326e-05,3.4282130590445243,2
4.944739316480719,3.635961136553119e-05,3.7679827839446096,2
7.295779516855742,3.721381251915807e-05,0.7092213505497362,2
10.188938127797696,2.89452725314542e-05,2.758630736930142,2
6.935045928489026,4.2527848425325635e-05,4.551394207434224,2
11.062165952194746,3.43537718430554e-05,2.364760400127436,1
10.1634751244838,4.462267142691646e-05,3.0341272671193322,2
9.59103234259544,3.0195316805895277e-05,3.32029728388632,2
11.707927125363481,2.6704146274942012e-05,3.48823248327224,5
9.121965086672294,3.6417584509357636e-05,1.8669955514930163,1
10.051740341225685,3.934462091289793e-05,2.23659432575374,1
13.928729629439303,3.9743604708944806e-05,5.032146971839764,4
11.461458693579377,3.801397025952588e-05,2.773869073614363,2
6.609916869849016,3.912296008937586e-05,4.1778625995054774,2
12.121426489267499,3.3546735337719284e-05,3.224636116779629,2
8.928300236595984,2.8772265128465164e-05,2.6597092841545806,1
13.459666742415163,4.283737704025727e-05,6.172786857944013,4
8.86427310394204,2.5979009222087652e-05,2.680326061670722,2
5.661197938597739,4.659757295475065e-05,3.522738902766133,2
10.760433772525861,3.4346333836313315e-05,4.2275323802669345,3
3.3591051303139596,3.820908249004649e-05,2.439030125443863,2
10.727977258387758,3.4593216737490496e-05,3.774103661983535,2
5.4343555819374885,3.814934108708481e-05,3.913690580838698,2
5.199211959614846,4.6542127952416304e-05,3.8096081523523977,2
4.771221265847549,3.684551132863105e-05,2.3581288322109115,2
14.467960433792346,2.7673665400163714e-05,3.248857160277495,2
8.036203462788778,3.605949753245617e-05,3.090379431130557,4
8.274944617528911,2.6506133442627584e-05,2.504752448228907,1
5.873935966221037,4.3661988671663256e-05,3.7450741386265953,2
10.011731040557182,3.239311615170505e-05,2.01375555376231,1
4.621610747411082,3.695299277481359e-05,3.730716809208511,2
4.775298426574077,3.3593015505633434e-05,3.608594413832629,2
6.740261383892166,3.488593612561095e-05,1.286547830415214,1
12.861860677388309,3.860542928363712e-05,4.710124273168436,3
14.610494612749207,3.7109928704614364e-05,3.221213643321346,3
8.711361806360042,3.147388527917686e-05,2.8618451987710882,1
10.702938679945639,3.9921418408112695e-05,5.22979036757622,2
8.481004120539136,3.304330352935013e-05,3.3270026229331506,2
9.46455388684653,3.636907099547192e-05,2.0478022729011585,2
5.103918144866928,3.9990540337347e-05,3.8947128985865875,2
6.887994916785377,3.2154672076404014e-05,0.7428576224819377,1
4.941262505183198,3.30842317241478e-05,4.218216706635372,2
5.822556958605253,3.7304518404582656e-05,4.607402767175046,2
8.618632587130788,3.906089436675486e-05,1.5428344580369038,1
11.207108568494059,3.793228592120234e-05,3.0816355157643707,2
13.091316222505345,4.5302823261356074e-05,4.138436225996366,2
10.272754504199895,3.721833581496668e-05,1.969293865195824,1
8.683551651539299,3.3618656141671936e-05,3.8018585041237998,4
5.406929860640939,3.540181226333448e-05,3.6464530371417094,2
9.499055582185877,2.9136040187180776e-05,1.9325948830758648,1
8.286357040155849,3.5914267271352384e-05,1.7424100233998372,1
6.540952541844765,3.4219379077341015e-05,1.4119694969436396,1
10.793342989580708,4.3303698630576264e-05,3.2309823778041373,2
3.216415777210469,3.435061079420632e-05,2.534937277716437,2
9.151685925288227,3.792012091611889e-05,1.9773389814004145,1
15.271845866071123,3.8834769324204705e-05,3.981611312512814,2
4.112160556252822,3.7087258664307684e-05,3.037144694984544,2
4.850161368084144,3.806832468591944e-05,3.1542004117075813,2
9.542373314210359,4.198793026540482e-05,3.064852231141182,4
11.48636789885196,3.338558228649464e-05,1.9227688832539087,1
4.748427260294376,4.309569486622207e-05,3.849860593566735,2
10.051520513344366,2.6826443775335863e-05,1.8291831229529696,1
11.373435722353726,3.5402327104010264e-05,3.7602222576584468,3
11.375463589813648,3.585439961414302e-05,3.524432646972407,2
8.631001953881187,3.519708033139161e-05,3.0759071559696034,2
11.677236350774066,3.6589495870967095e-05,2.9609923855763087,1
8.876054597475289,3.871598320531728e-05,2.3456473311498693,1
11.646338780138187,2.8119939946735124e-05,1.6262637911864262,1
13.027396606149555,3.1180681306549334e-05,3.202085266906403,2
4.716738779121498,3.277895473808878e-05,2.502358830069775,2
4.85386576068564,4.0763378398725794e-05,4.276466922231619,2
14.738039684265296,3.219689612539298e-05,2.888929963403585,2
5.02341985677237,9.997972465599542e-06,4.22147534870494,2
8.978980046424162,3.210983857181177e-05,1.739428668891262,1
4.367412974077234,3.557280104811459e-05,3.3451754218170837,2
3.3249844551484244,3.863868362317176e-05,2.6923469491429604,2
16.109469628174573,3.856559309320684e-05,5.862961987735046,4
15.220104930525938,3.918234308991255e-05,6.018871001624008,5
8.630715789154635,2.7891832845876507e-05,1.6417857322461071,2
8.104478709406466,3.650352273855959e-05,1.3241682273031576,1
4.532343052412978,3.622835084892712e-05,2.952055287598487,2
13.633800020963788,5.1277604439686024e-05,3.9812104750954793,2
9.287287008810857,3.147167246116017e-05,2.364863457748668,2
4.432301535791135,3.9616546799482376e-05,3.6740415059420357,2
9.14972083497222,3.296050290935838e-05,2.1015249158952884,1
7.297881813516556,3.546577387455189e-05,1.3159281971223846,1
11.49139411835737,4.576026162896034e-05,4.528444304257345,3
11.801811787029598,2.8828960482951846e-05,3.0457272782512055,2
4.360397338836328,3.940975459924319e-05,2.770003144358067,2
9.730192171816011,3.679363660936579e-05,2.9242400081590265,2
11.371239668699356,3.126148662422564e-05,2.7119260233625644,1
11.636913908319585,3.3804537281581025e-05,4.0019264385045386,2
14.04827341748497,3.724174516636781e-05,4.866826156736437,3
4.630313639414925,3.6095441126739736e-05,4.163068933339393,2
11.545659877904013,3.909404543416559e-05,2.8828137618252123,2
13.884283520378517,2.4375085946021892e-05,3.179257592267962,1
13.904146410427256,4.011693279385373e-05,4.43291086905367,5
2.1658627191299287,1.15446856140855e-05,2.8549969829700483,2
9.308454574350908,3.315421113567573e-05,1.926201781584515,1
8.473928398482002,3.2753280050597393e-05,2.046685024051099,1
9.206186608337692,3.1164791825790166e-05,1.6306913135339722,2
12.48523861760288,3.519747774537361e-05,3.9982928794975328,2
4.580890548549474,2.9168244435882413e-05,3.19978542534749,2
4.832056068118665,3.528818548923245e-05,2.912097766800644,2
9.960277692463185,3.65117755636153e-05,1.9861947065693393,1
10.232321903151897,2.9868252034799124e-05,2.6493507579216606,1
8.252705003186243,3.11711201211822e-05,1.975035549828335,1
7.511886736907646,2.787576790233748e-05,2.0833282540233147,1
5.751003002248318,4.5617412563707536e-05,3.295371697862554,2
16.004581155162835,3.573989304548837e-05,7.87203818895701,4
11.268134344088779,4.241527292016114e-05,4.569479162034465,2
5.625706874395822,4.218007256816944e-05,4.60964719367629,2
4.280464074533013,4.214462874207954e-05,3.831840316311971,2
9.98310648827146,2.5865937682021446e-05,1.7336771633652908,2
12.610889107136737,2.880895034286263e-05,3.02585080744732,1
4.182641859869327,4.5332143212495755e-05,2.0424514071305695,2
11.097752121463909,3.7388366445740975e-05,2.1102125884845604,2
8.482339804737972,2.7423376947328137e-05,2.5736633033124177,1
10.059952107754981,4.1673834293124466e-05,2.125966231169321,1
12.692717279529251,3.871891727127846e-05,3.670318808190328,2
5.05962740139726,4.425490231960042e-06,2.844219570313916,2
10.218829214181845,3.196522366147569e-05,2.7027629922900287,2
7.243891280904526,2.7084277011458866e-05,1.6737778266795822,1
9.469466145435248,2.9429107343013742e-05,3.394378571063718,2
8.318639080834984,2.9221994217399655e-05,2.0021053777476343,1
13.127159042275101,2.702015570699984e-05,6.05208206626858,4
10.787505830690861,4.284511072262336e-05,2.346801921916787,4
10.356333075694147,3.943827970417089e-05,2.9286050227438056,2
9.460015741114118,2.8638036657022848e-05,1.439638094573919,1
9.489488065787368,3.28277748188741e-05,1.8408639618819902,1
7.214138837316193,3.7793440929141386e-05,1.9376356245881328,1
5.2949650320143915,3.876967040243224e-05,3.9945943552829757,2
9.397163161239583,3.540868176496483e-05,2.519906315370599,2
14.630400912946154,4.132835422511438e-05,5.6486258998261665,3
4.253729269105655,3.7525174690842796e-05,3.3004695735602727,2
5.518816949638257,2.7806694130620235e-05,3.663701981631582,2
10.596615921052189,3.9688645967832566e-05,2.571257025658527,2
9.398642866730377,3.0163440677873426e-05,1.3124364922485166,2
12.110397514612739,2.803848433390392e-05,3.685544996400271,2
11.811188287664278,3.48458080318091e-05,4.752370552605356,2
6.276143715273223,3.6654754692641285e-05,3.9310996478481655,2
9.012110946045626,2.7260430180504042e-05,2.913508076059932,2
13.3131129131629,4.586179279787376e-05,5.388488823064153,5
5.448063654850037,3.905305090013179e-05,3.2685893168554254,2
5.505784763781312,3.6446212879732766e-05,4.055869942210773,2
10.637125387537992,3.0277098247036274e-05,2.916230452945201,2
12.040439835399754,3.164713629220465e-05,4.2175923243874545,4
11.610287747099818,4.5522022553522827e-05,2.9736295012285425,2
8.907616822342078,3.067222683360411e-05,1.470859428977497,2
11.728843275640456,3.7336304682997415e-05,2.532377099083666,1
7.5536810805475385,2.911864106162502e-05,1.5972366589262683,1
9.752270482135811,3.43314732682597e-05,2.5600551863010876,4
13.119955927700223,3.677566280248965e-05,4.138699137616134,4
13.198112900271063,3.94652864261907e-05,3.521194289462813,2
9.701257533709438,2.863666592544642e-05,2.6494973906357426,1
9.93803192495902,3.2738869212550315e-05,2.89215053990445,2
4.0914388878975885,3.02780250591673e-05,3.2317515178909035,2
10.12474009605137,3.459412497307317e-05,1.7039357628145992,1
10.2199448856522,3.21024804406279e-05,1.2289003721043301,1
11.205549649260547,3.8951381241109584e-05,3.625681095033792,3
10.44546740446476,2.8208392716803028e-05,2.3521317874176813,2
11.25333885151029,2.863604813442719e-05,3.4625077487586804,6
5.589560431008426,4.175712285746319e-05,3.5427472872752332,2
10.1232438647429,3.8324072895667754e-05,2.2602719956896897,2
3.746921142295111,1.4242890687298483e-05,3.2114496440751594,2
9.30118924583543,3.435516595200133e-05,0.9477161601453095,2
8.008124568349388,2.2561578405429885e-05,1.9128200520341647,1
2.8808593717736484,3.078432276415718e-05,2.356820711889568,2
13.641509679097249,4.462363757736818e-05,6.087935196562967,3
15.224666202106556,2.9405282248132242e-05,7.4056865382015395,6
10.95073704442654,3.3761711327155826e-05,2.7706753085859175,1
10.844307385119912,3.5508744918843745e-05,4.5497854392211465,3
13.87375641162167,3.8506740603930654e-05,5.992605410164897,3
8.372777411481124,3.915187407730023e-05,2.2020033156445558,3
11.613510172782421,3.171936342469423e-05,3.7422426781637492,2
4.68146840144089,3.5236209199980573e-05,2.475953315230017,2
5.106531943213131,4.22554007889906e-05,3.316767335843119,2
9.026744235622935,3.3229792933229605e-05,1.1846659006991846,2
6.130435851297505,1.4978948152522266e-05,3.675643291282123,2
9.450919081688971,3.270435550386017e-05,2.2070517979379773,1
9.138705860187386,3.436163446001935e-05,2.629400211181436,1
12.266762952213133,2.662975812072305e-05,2.8911400783634567,1
10.704779179405687,3.6937089767759695e-05,1.884070127692098,1
13.122535839930691,3.9247666985404636e-05,4.741978048923224,2
4.834247288346752,4.3412549984185165e-05,3.941605926480892,2
8.16044483092657,3.680913278147363e-05,2.5691278995272744,2
11.091656375092684,4.1439961785289724e-05,3.2472954060089045,2
5.55090093469344,2.7043947393930408e-05,3.611439130322851,2
9.930873407435348,3.394148559899808e-05,1.3952596654236344,1
8.937092033925406,3.710717586705474e-05,2.9446876323234052,2
12.680343420603608,4.309253569300369e-05,5.067021009649331,3
13.692701312449843,3.1515240195352356e-05,4.220938116501731,2
3.2442761990964186,3.571390405740191e-05,3.485086146149898,2
11.459185474853735,2.7983489471946776e-05,2.6775490101266994,1
3.873019065666349,4.389291125858937e-05,2.2560945537845702,2
5.326763157787249,3.809084099148652e-05,3.583908404483549,2
10.585808807961218,3.5627458540797336e-05,3.5934635041732115,3
9.002232218281192,3.671072510116233e-05,2.724807445374053,2
4.879367020755276,4.941489707962207e-05,3.6776194607735446,2
6.676529065430613,3.105971730277708e-05,3.9984160294494604,2
4.2473860087781805,3.0397533451989542e-05,2.414298594800056,2
13.735947353591435,4.504563269756361e-05,4.899496537625873,3
5.907450770710207,2.9803631327717808e-05,4.108952196829203,2
12.57254313609076,3.416313584602263e-05,4.924347562788569,3
11.638762708114982,2.6003408897902474e-05,3.8906815314842436,3
7.627189501379808,3.0468705500062366e-05,1.0777062098089258,1
5.84738511073354,3.8392931032494096e-05,3.8869943251071852,2
3.499946663395137,3.0233404937297052e-05,2.8614907330535555,2
9.525195408811376,3.0783133382864466e-05,2.8182934309091983,1
10.60519273750742,4.093717449657364e-05,3.798086314369818,3
11.339642508534777,3.636421557451641e-05,3.21567764222146,2
12.887407542372701,3.801042677350321e-05,3.227993092580549,2
8.910126147947453,3.930831105163197e-05,3.627995628301754,2
10.660318099326755,2.9956001438960732e-05,2.357315013016499,1
8.443001009745041,2.3736781512904566e-05,1.695134677584576,1
10.29986952631093,2.7709068608126252e-05,3.9105038025527445,2
5.22399489347645,4.114797296747131e-05,2.7216688258219692,2
2.5009488884379127,3.214152011650882e-05,2.8431703947327263,2
10.38170066832457,3.5773232493227555e-05,1.9625504896283104,1
3.8184818661751683,2.7908534439633066e-05,2.3786604437251886,2
9.165281572492338,3.428139954958299e-05,2.7870613866714216,2
10.466183283723216,3.860190376487524e-05,2.6276604333460716,1
10.276301611166986,3.189606291155049e-05,3.280278275632334,2
8.767769886477858,3.512596199028937e-05,2.223315688759043,1
12.298665009404537,4.9059498496718926e-05,3.7430984281909856,3
4.266746422935978,4.325439015263638e-05,2.9887644171555587,2
4.784705487093714,2.848465827391919e-05,3.152109526939668,2
8.445975069173059,3.0555318410637105e-05,0.6338798378190347,1
8.797276339131638,2.839084849768926e-05,2.018986981280381,1
5.660225117790391,4.281946267539242e-05,4.277298780050646,2
12.789476094375116,3.5547661704557023e-05,4.614570569061751,5
10.633823464223333,2.9403462852508893e-05,2.0427821812914697,1
4.749964840134509,1.9525560335781244e-05,2.7249995902588635,2
7.904825589768523,3.0696613388295864e-05,2.0903644482377817,1
4.094424385121998,3.446418291755059e-05,3.289808296095856,2
8.087853159133898,3.861463916804917e-05,1.8211715199764953,1
10.988667335506301,3.583790964236228e-05,3.2152375027955244,2
2.891145834026249,3.474364798241893e-05,2.59460474227884,2
5.607269542020347,1.0436485856171758e-05,3.7741913504114777,2
6.2884174939802735,2.916924512385815e-05,4.596413954737657,2
13.021546847776442,3.544600787975861e-05,3.847838754487858,3
10.340807139251844,3.597456548610206e-05,3.039802645071104,2
15.50617640202956,3.226984920096472e-05,5.072891472101448,3
10.201932458200261,3.9927707210641224e-05,2.8000035248472677,2
10.367603065770098,2.6826284287116475e-05,1.7396407929302173,1
8.946232056073375,3.586736180516426e-05,1.2197187183915377,3
8.042152484435077,3.09461532350384e-05,2.960846564943024,2
5.338371189621564,4.0923381534350494e-05,3.9567344064128065,2
8.348669952856044,5.243165132062092e-05,2.690116603322286,2
5.6422156087342685,3.563496301562596e-05,3.9641653694432764,2
10.523025040876618,3.269730645367879e-05,1.7889029463155086,2
3.4556991621919315,4.477813740627541e-05,3.376589949992836,2
11.805857691657653,3.15230816947302e-05,4.420779289363862,3
10.776104450862913,3.582974875328299e-05,2.644504111006304,1
11.567610011626401,3.0058570028438516e-05,3.4349704676210964,2
6.839264828147293,3.4941670577673525e-05,3.670920494368745,2
13.818836615265353,3.551891505719081e-05,3.2565550228325604,3
4.541480959533575,2.977258174955045e-05,3.6929127829292656,2
10.260875845572713,4.050918710438289e-05,5.220995473834131,4
5.637307742594114,3.896046919599645e-05,3.7955839955040975,2
5.055727861309367,3.504022935069262e-05,4.0986972406107345,2
8.655790328702825,3.5664454261376334e-05,1.9366685853446794,1
12.397686153920041,3.8765968753259854e-05,4.3278173849364965,4
8.961218261173109,3.107252747853576e-05,2.079293817967136,1
7.793410553859251,2.6032028851723562e-05,0.91957875889678,1
15.268468180337425,3.6152063379716015e-05,3.6538765223962093,4
11.591835880532745,3.3890274370725266e-05,2.6504650860321215,2
9.489635410128939,2.3786168684023573e-05,2.7426629411922585,2
5.275466126636001,3.904021733332112e-05,3.59384637560175,2
12.547626471094786,4.011537120929297e-05,3.8721337959931432,3
12.785562575705606,3.508888344932692e-05,4.063789128535236,3
13.204031715901717,4.4423724133471114e-05,3.9710854496075934,2
4.522142149231308,3.18609200457354e-05,3.17337964058828,2
11.283766153933186,4.002347852051198e-05,3.309317543968378,2
9.662063794161813,2.7246043800568254e-05,1.9045341271146878,2
5.7377615546014304,3.971839702633725e-05,4.1661505009457525,2
7.987212901841059,3.175165544483767e-05,0.7986817193319815,1
13.742294704823712,3.788765512514967e-05,3.888212255396991,2
8.960453524825084,4.2446331136184594e-05,1.618530271316865,1
8.71033455268934,3.208179299303472e-05,1.2461541910159437,1
7.384077660136142,4.16962863260444e-05,4.835719730467391,2
11.336345675018926,3.74630457170515e-05,4.060798394929263,2
10.955128402133194,3.3296602215767746e-05,3.028759323400949,1
9.925682767378323,3.620195190626257e-05,1.2769819983599624,1
3.9299588592199424,3.726741597039805e-05,3.1117752415727553,2
8.80659732844667,3.1927748203586836e-05,2.1024920362037767,1
13.787375278623163,4.087709741201523e-05,4.777847744125437,2
9.625008743341832,4.1111010011378865e-05,2.7344770325367804,3
5.596520924596169,3.8351061573524626e-05,4.417513584260148,2
10.238870826233903,2.185349266103608e-05,2.2062710242265213,1
5.070964999480143,4.001623950660538e-05,3.6924695324705343,2
13.08430262922748,3.374959268975017e-05,3.4766556343251214,2
9.044939169820378,2.8684657419540856e-05,2.738221080976941,1
10.12200554326533,3.705332657873092e-05,1.8011864089683691,1
9.218870836641162,3.271291069245913e-05,1.4442799015048138,1
6.0575744548749215,3.5385320238415336e-05,3.759350325937786,2
6.253687849972003,4.179641697061049e-05,3.655524482073063,2
7.007844692253994,3.7873731577510724e-05,4.7745248630345,2
5.188470539360345,3.3166032260000485e-05,3.7418569239307056,2
12.67856988125632,3.13639471625221e-05,3.6439077366110144,1
7.758765782037907,2.43534726645287e-05,1.7751486261189628,1
4.900203197316013,4.193576876948871e-05,4.135973304086567,2
9.511720851005308,4.1486181979152615e-05,3.339926466425077,5
10.40483290769807,3.0081537194053318e-05,2.17344240433641,1
10.835128759703656,3.854858135750809e-05,2.7982036138360913,3
13.843104127605532,2.9760448828367507e-05,2.7926144839612834,2
8.28766664430619,3.375829895669861e-05,1.23962183638452,1
7.911591506082974,2.0160643169894944e-05,2.426806733209853,2
5.418986983104931,3.472412159567109e-05,4.933183942522154,2
9.331548259540819,3.851775678523291e-05,0.9772282016075843,1
8.720973867443623,3.173758063819651e-05,2.794622378000015,2
8.149316534717949,3.330029352778457e-05,2.156930079354277,1
8.918060142272223,2.9940166542819826e-05,1.8745369298702197,1
9.631292479795292,3.457205603910464e-05,1.5915547732292394,1
4.48303658514996,3.4521698277757546e-05,2.9961939040798526,2
8.833314693125407,4.33100775869166e-05,2.2206205315998018,1
9.937311029707596,3.778412202754253e-05,1.9254537278578328,1
8.338589977626835,2.8985435494551328e-05,2.8823253798266313,3
11.23239127245227,3.338048339371182e-05,2.248220546203494,1
11.641900003977648,3.6262860035660885e-05,3.299174222611291,2
11.974757596362132,4.379975808914351e-05,3.5730284654761557,2
8.231484105914946,3.449768865180932e-05,5.493779372079536,2
11.533942312935519,3.308372000840677e-05,3.547734925512983,2
14.096602732804179,3.547258513397572e-05,3.324699369245863,2
4.217113874427066,4.9058059294892134e-05,3.692759843214522,2
9.764545925427512,2.655115897661756e-05,3.2431143756238567,2
8.253392199750754,2.9791902955710494e-05,2.1020550168124252,1
11.576679853378979,3.95359733927321e-05,2.3447764690992274,3
4.821378989088802,3.401405881897062e-05,3.3516160520761815,2
13.778636675232853,3.9242661654348066e-05,5.342677897934802,3
10.042415028168843,3.246423009295919e-05,1.6616016146482748,1
9.841580465762204,3.107423375271086e-05,4.291878495096758,2
11.746510996879547,2.2724864038240547e-05,2.197935695281292,1
9.135126402468062,3.42169460414382e-05,1.6325785933829626,1
11.734692756688204,3.5515860508061286e-05,4.663630943880918,5
11.584097744425653,3.308943270946005e-05,4.630430011711932,4
5.54654541505845,3.848663731049566e-05,3.8716557324203036,2
10.344723944101176,4.1950158834187546e-05,3.784600441088351,3
7.750062933097799,3.645077756493225e-05,1.4189185028953148,1
7.935539360668384,3.256682479933187e-05,1.0872008194183944,1
11.92909155963906,3.34404002681742e-05,3.4931138989158717,2
12.84301187821241,4.021295038734002e-05,3.620731417476109,5
13.785891966907414,4.5082354058092604e-05,2.854072877445437,2
5.333923275123357,3.870716095126098e-05,4.012956097264144,2
5.99644893412874,3.6445763796254286e-05,3.944810601865747,2
13.718740694286229,3.645059474716855e-05,3.751788067187161,3
15.67576557205729,4.0202080637783145e-05,5.003643001844859,4
8.810540582403739,3.650385922986342e-05,2.0319786921317764,2
13.763653903638613,4.7511204180924704e-05,5.924609557734222,4
5.164422580076543,1.429102441070789e-05,4.7119569299502295,2
9.455692335877991,2.250677839198654e-05,1.4387713133653057,4
2.9423150528295756,2.083942952174665e-05,2.7651928782555286,2
5.187507292541065,3.3583228004035886e-05,3.4403359285210264,2
4.245620394659462,3.926650862638059e-05,3.091708672875807,2
7.628343220019076,3.6204390664818564e-05,1.7598461348827656,2
11.934491179257876,4.087845555537489e-05,2.4636131413410096,2
10.273196460313459,3.900967801921019e-05,2.824100499751438,3
5.579190879956118,1.5146226430798899e-05,4.286337160044615,2
9.382492618594483,3.6441044347813635e-05,1.680074490174374,1
7.706648541281153,3.775915023337177e-05,2.830328055637602,2
5.08424899351287,4.0178100501511593e-05,4.740851917038419,2
9.431602725171945,3.359369169582971e-05,4.1047638379851685,3
4.0567599327852415,3.390120366980563e-05,3.0587665857431423,2
6.29316308786613,3.980330126760221e-05,4.541934767111645,2
9.744713124933641,3.033389913760852e-05,2.6941338587088595,1
5.800538177131723,3.926264731523697e-05,4.264999805710367,2
12.281624100152305,3.2837828548764724e-05,3.1974691141449902,2
12.588083666686218,4.5005772721998327e-05,5.00610379364845,3
4.525539286822976,4.552202021037388e-05,3.0749338472834666,2
6.3787363038773695,4.1633639725114366e-05,4.44705098254057,2
4.373657691949803,4.100802154484161e-05,2.9661268466394786,2
8.126962646111199,3.566340583661044e-05,1.3615736706779802,3
3.1023201448737043,3.6315955010610015e-05,2.405805470898909,2
15.361733258202197,4.157269584957408e-05,3.6773627891945915,3
10.373015830987434,3.1396389561946126e-05,2.9812510886901826,1
10.758313414338422,2.6293469078034615e-05,2.1186013392541327,1
11.959359025123788,3.307677059997558e-05,3.3389065532641915,3
9.0447819502422,1.3962673443345271e-05,2.798871712581681,4
3.9136438103445355,3.548260228678393e-05,2.6474292056334443,2
5.497932699505732,3.266772481092161e-05,4.497170869036468,2
8.888138583267537,3.305366859752009e-05,1.9561441709198812,3
9.6202099287852,3.0364427381749256e-05,3.2920118607628277,2
11.834009122414912,3.3917448909017605e-05,2.6499654827653396,2
10.735201951425546,4.113514991457932e-05,3.617699585618632,2
4.033677751421176,3.942664260351485e-05,3.56697758242857,2
7.018673406936127,3.931168726524752e-05,1.7381500558125587,1
11.53048223464953,3.6405629443530936e-05,3.863719100808548,2
9.8947718328658,3.26387744696294e-05,2.323267753851827,2
12.136175546252828,4.0201823859520755e-05,3.3746800036454125,2
11.735324395477402,3.344405220656294e-05,1.4393700572653727,1
6.394614391204547,3.8275463180812886e-05,4.307205357912602,2
10.691805601077093,2.8787737502955567e-05,5.438346784083121,4
7.812578923789962,3.6141292175936804e-05,2.3480881679455954,1
8.806329433506265,3.859147532450993e-05,2.209352639150702,2
5.317251839787089,3.176342429765288e-05,3.426765259107917,2
8.18618995108361,3.7827730459271285e-05,1.9962603937940453,3
6.575538474713887,3.318477842341886e-05,1.6181613144244806,2
14.879243922958786,4.3876976656061205e-05,2.781711299142211,2
5.250712068241807,2.646729284460094e-05,2.774852355838646,2
10.616025805536985,4.5265447677020936e-05,3.3957382268563205,2
8.259369602535259,3.101057047559842e-05,2.018472463061853,1
4.915314922689477,4.151418676299511e-05,3.1314695995251753,2
4.871952051401029,4.034628155046831e-05,3.672422494079551,2
7.581410496184091,2.7556501611592596e-05,1.7846058390052475,1
12.30127776308938,3.038133154848906e-05,4.52592757157681,3
12.294217591953558,3.42249045731741e-05,2.837731511849628,2
9.111201008025908,3.291885718894554e-05,2.265760342557994,1
9.376940219257905,3.495327504338485e-05,2.0833137751053856,1
13.426468816537016,3.4885255125799666e-05,5.347102723961118,3
8.6030230751808,3.206485254751614e-05,1.0151521365084029,1
7.512894292554007,3.377204679060766e-05,1.609144242669461,4
4.841714931044731,4.067733202935948e-05,2.6883831324767344,2
8.286208370407016,3.519447496867851e-05,1.523762855935508,1
10.094837700554478,3.4766429245226405e-05,2.0633323368025644,1
12.496822857321547,4.327555613065621e-05,2.9292330058145755,2
4.2390167773347684,3.529229746431433e-05,2.817055464829391,2
11.016616584096816,3.9292149606621595e-05,3.963595426815207,2
13.060200919539783,2.3802390071943215e-05,4.0074689036518105,4
14.222960167258869,4.103678741855269e-05,6.193409728226806,3
8.555962551928125,4.347757020996951e-05,1.6848848981041729,1
4.895905907564725,3.507707775997806e-05,4.234447499289502,2
10.329273275477147,3.5545622860423916e-05,3.2015842392205762,2
12.220197735253784,3.161380422834002e-05,3.3945353584381737,2
5.032774118886775,3.389131752730514e-05,3.772992507567333,2
8.694409550649384,2.989539676198387e-05,1.748516976656081,2
9.79243131076152,2.7439826564180862e-05,3.2113948446527565,3
7.848195608446241,3.2445670010443453e-05,2.140328711504223,1
7.667739969138392,2.690638536887092e-05,1.6006975227360534,1
12.352889303692436,3.142367533485941e-05,3.3031314588833975,2
12.150153526464981,4.080371497430735e-05,4.414498919118573,2
11.09514841584115,2.9933321009031066e-05,3.6041745704625847,2
11.094820967544338,2.381854979208632e-05,3.48840459099943,3
5.64821461962873,3.8943078308165314e-05,3.7259314918027084,2
8.864767301112085,3.529798407891975e-05,2.250137439331078,1
8.257101729794062,3.1712821686994505e-05,1.4408953218518525,1
9.389932538335941,3.0450722981919075e-05,1.5962810614793201,2
10.621371638853498,2.6949421606489733e-05,2.7216227902154677,2
6.531926844858579,3.297133656660918e-05,4.557287349069179,2
7.318186397266298,2.630054751420502e-05,0.6282782684285766,1
4.165111196193162,3.658254713114472e-05,3.4169561862704114,2
4.666408892158274,2.9199422290175955e-05,2.9328787124120055,2
10.093965298405859,3.604784268648682e-05,2.4951793444201873,2
6.184761173403764,3.2346444864867856e-05,4.028275460636871,2
10.1502729097428,2.9682142371705325e-05,2.5068839075940397,1
6.753940463503172,3.759185753892729e-05,5.022843989287253,2
11.083812574249048,3.7616110156842476e-05,2.4292886876710162,1
2.486814454545443,3.7688434691580775e-05,2.0954033106446848,2
9.649678504483537,2.9967434591836747e-05,1.9623660184551333,1
10.132634468483865,3.173410074257668e-05,3.1973141254118325,2
10.81231317202541,3.3905636211623844e-05,2.598550311168205,2
9.526213150442814,3.787439828157458e-05,2.293140814615953,1
12.33874684005359,4.535859487433139e-05,3.56657125334695,3
8.069741609895335,3.688151375629804e-05,0.6429441032756766,2
9.64396813842772,2.9979790571050297e-05,2.145038138691457,1
11.985092786084357,3.499320911576359e-05,3.8431850023266385,2
8.2795734048355,3.60793895177583e-05,1.8898511895248686,2
18.068561338244898,3.675569291833688e-05,5.4063017291229185,3
10.592964027838752,3.0846501452015635e-05,3.804672992124649,2
9.44279813229079,3.3324770541776586e-05,1.7814704409082074,1
4.40418362041576,2.3610277620544225e-05,2.81878938729151,2
9.711972288734366,2.5340719919112647e-05,1.5151760248848105,1
9.42575753551862,2.7697195630939365e-05,1.6833810063567598,1
15.428865636010585,3.400477277942876e-05,7.388297023403455,4
10.099733072553391,3.798965458327466e-05,2.7301729019471295,2
9.846660501864324,3.406926239007547e-05,2.612611090134696,1
10.134055030019308,3.271592799105295e-05,2.4112135106904113,2
11.572894835557781,3.572388864835946e-05,3.152014370617827,2
4.944148523391183,3.2211416658639936e-05,4.060173211705269,2
3.8953173497326468,1.3850211060333491e-05,2.4270626318069546,2
5.3930157917565555,3.242980199839482e-05,3.3830379552135774,2
10.347659984813898,3.857761149691571e-05,2.7620804217854538,1
10.463672063171213,3.744048019734279e-05,2.9736601493300423,2
3.613685747877449,4.2655256729551664e-05,3.0874095782438893,2
13.048568115427823,4.2396851192564294e-05,3.3634144788505784,2
10.981664094895367,2.994068047479127e-05,3.8312616595431104,2
9.312828457411193,3.2644066498954036e-05,1.5672038257403753,1
7.075843196877003,3.259426134968532e-05,1.4857849561450909,1
7.62230355254046,2.3805083115699348e-05,2.444065222348604,1
3.8011546226765933,2.99488290980159e-05,2.005041550015013,2
13.28562125150981,4.049965352307354e-05,3.6355995205596554,2
11.127650511554416,3.278287405238162e-05,1.9854765075932876,1
3.1812335143529338,3.4239779921053415e-05,2.8004673690294037,2
12.825753757751107,3.119867866790247e-05,5.587994353402678,4
8.255407074740713,3.610572499062186e-05,2.131053704735355,1
11.875844232500445,3.780780508483105e-05,4.438139887004996,2
13.184218300068187,3.2482670361851944e-05,4.095300460867055,3
8.867652951370006,2.8054857577595562e-05,1.2119660429640735,1
14.05576453464869,3.743736218871571e-05,4.718740641656866,2
13.426984308915266,4.5031897250314645e-05,4.148259807348792,3
9.274004887875371,2.9131962164391356e-05,1.7139285030564244,2
4.83203541815605,3.469382530668909e-05,3.5264196256203704,2
3.86369631012549,2.9617455177279885e-05,2.2464509306921387,2
3.354304402101534,3.1636706470896886e-05,2.1464055921778993,2
10.486332923444504,3.250440801267794e-05,2.6898551884994713,1
2.330940122350412,3.935967097868627e-05,1.815715352210358,2
11.48321851057725,2.70602289004832e-05,1.7997979386735286,1
10.827427816050234,3.403692521734156e-05,2.103300260555972,1
13.44022659300778,3.8769548050038336e-05,3.9472456636687996,3
9.906499345114984,3.662976567406715e-05,4.055746963414581,2
9.214973494983036,2.7525248283247096e-05,3.483310612452456,2
11.611188320412069,3.5550295188271033e-05,3.4866585832648225,2
10.457083989507504,3.165555189549384e-05,4.105875591666271,2
9.698624896346438,3.3280173229308766e-05,2.573332762580171,1
8.906344314405796,3.087889578546623e-05,2.1959802880546353,1
7.02495226306634,2.8277660440866936e-05,4.6233660906812775,2
10.651465290148682,3.231450165428936e-05,3.62288143340223,2
7.3201110158227145,4.936699162998583e-05,5.168237560986583,2
10.26107452247754,3.297146665253128e-05,2.0070655307636147,1
10.819339692217579,2.7080931630587554e-05,3.2475923106052895,2
12.450584257393052,2.9308882216461574e-05,3.87910425252956,4
8.705649924036539,3.2273541429068186e-05,1.195067910619962,2
11.257050518509798,3.7449451551555885e-05,4.004091714237414,2
9.640313425523143,3.431223109412152e-05,2.36416699667338,3
10.211507130122598,1.9054763689955673e-05,4.305697545645,4
14.3533256211944,3.901602811979383e-05,4.625288978379844,3
10.251550554847043,3.753294073691249e-05,3.4873913840535646,6
5.987981265603281,4.190980425449226e-05,3.5816757761616245,2
11.995704628183454,3.7011842009746597e-05,3.481831469246681,2
9.040688596826355,3.415438736109271e-05,2.439318204531547,2
7.373622374380325,3.535494004757478e-05,1.525304044757927,2
5.090672905222075,3.325655449249935e-05,3.4171631783893828,2
10.738327606623985,3.8332685950850054e-05,2.880580506817907,2
5.221063722596641,3.527501806568998e-05,3.0237587038673834,2
7.948202393869922,2.610697730022142e-05,1.1181323136778203,2
3.4868602713558334,4.4395768380543e-05,3.047248716510439,2
8.970442358757552,3.0480404622801925e-05,1.6678216240373807,1
9.238715110276623,2.975391747688858e-05,2.080206671384762,1
8.255727750985045,2.8256392087295115e-05,1.3336143248444332,1
5.883933251278775,4.026083846290351e-05,3.6151056152293313,2
5.790746918380108,3.128296551766191e-05,3.936727056242532,2
7.949152926554302,3.506321579586562e-05,0.5072616036424094,1
8.888695737383664,3.39493247385264e-05,2.6929061141862545,1
12.581076832977487,4.1303175898805105e-05,3.293056975327459,2
6.190718072662794,4.185467319130967e-05,3.7794790486839234,2
10.06386252778773,1.9699833374962947e-05,2.3553201674680864,1
4.548516466473397,3.89310794052552e-05,3.398220414003905,2
11.68482812082912,3.822931452593289e-05,3.163230508782312,2
13.95750277503356,3.1070018527544407e-05,3.2084072103488013,2
16.613977609063927,4.235769658813197e-05,5.967510971605956,3
10.974096674115929,3.862564505750609e-05,1.916222085240047,1
12.229526848397336,4.3747231709357044e-05,3.371879866141217,2
10.11801412554776,3.969996586426647e-05,2.814998959855754,2
4.503369063070088,4.507215970400034e-05,3.1354046563973,2
7.733289213105626,2.6065478029981666e-05,1.5913052799884237,1
9.479552923889566,3.491665105117831e-05,1.4195641012606137,1
6.6777486929092404,3.5377742425643895e-05,4.974584120945149,2
11.0403042749903,3.010485701015648e-05,3.1193676830986536,1
8.390064875175009,3.352740697147018e-05,1.3555322264624743,2
10.445579035247848,3.6269868009721515e-05,3.323173089145829,2
6.11857131894766,3.7090868595456396e-05,4.1886649873193935,2
5.850805227319126,3.775309441556829e-05,3.4601813027115957,2
11.055586734821912,3.370522217921256e-05,3.715787646127901,2
4.67282328232407,3.761778990349817e-05,4.194312896355961,2
11.444449032620188,2.735201289804821e-05,4.536702783575578,2
10.497585815887359,2.446791254273593e-05,2.623622353268047,1
8.671671134369184,2.9767049527620054e-05,2.5956940156928625,3
10.088435491487623,2.8380419668174103e-05,2.3727368583757844,2
6.503392676832983,3.6829614838781365e-05,0.6361083117812429,1
10.52442859154316,2.6268459271976918e-05,2.3578419578462846,1
9.755358417243949,3.029934290217261e-05,1.7762010013429848,1
9.208322602201028,2.7614295088170208e-05,1.886692047836302,1
10.39541286991063,2.8053596857811754e-05,2.9593104445656584,2
10.543703145551008,3.7961086277628994e-05,4.640412003861524,2
4.797069829316781,1.619163394027574e-05,3.581567205977109,2
3.864369287959347,4.043302510411784e-05,2.9680147237106205,2
3.6900695823760974,3.8266987619322914e-05,3.1489585949020045,2
15.845578890251746,2.901759991666953e-05,3.222487836654623,2
10.0413074563993,3.095436983412967e-05,2.051216496858445,1
12.477085989619889,3.750401053267843e-05,5.600608659665152,4
6.216534263017238,1.6568289149044485e-05,3.8967093990630817,2
3.945105847539552,1.628757219495438e-05,2.250080906678813,2
13.738724080272963,4.691705304830942e-05,3.644763893305325,3
3.0774768042567677,9.536722725153048e-06,2.4935815301624475,2
6.038023067422386,3.695806703631386e-05,3.479554400954269,2
5.2119400417419355,4.240435365485032e-05,3.8265080819309234,2
10.016592356741981,2.5862929720197216e-05,2.0548298421901228,2
11.842504899418994,3.88895095168792e-05,4.161634111833537,2
13.659869438864728,4.6249063768036164e-05,6.230605177162273,4
11.481180584400878,3.8336850845301116e-05,3.0246276490361836,3
7.653386414935306,3.7436238165287336e-05,0.9368371792808374,1
9.015815321065254,3.386567437731872e-05,0.7632547391268052,1
4.360505164885021,4.080940876900998e-05,3.287987589676574,2
6.534190622456791,2.9970013244161125e-05,1.2426851217560113,1
11.895852288483592,3.7530397465948786e-05,3.2812401720327853,2
6.125499066560641,3.949185650252802e-05,3.615308946479046,2
9.450378109603216,3.216448125086279e-05,2.66337712181997,4
10.858044955322988,3.6931429133735047e-05,2.837667547887592,1
11.91339387298619,3.026750740274683e-05,2.703976542088409,1
5.406409913034783,4.0694548656242136e-05,4.03740818001777,2
8.585070776519835,3.069607909188455e-05,1.979882080460742,4
4.020427364284723,3.8214823690824454e-05,2.6705385630075704,2
11.051632381674047,3.066957072175995e-05,3.450604483084115,2
16.125612511961354,3.273456616902492e-05,4.930350801131679,2
10.9441957563787,3.466700293692443e-05,3.2371894353818202,3
9.963461733622584,3.273023997168405e-05,2.8182326509609954,1
7.961416144299241,2.8297660871825475e-05,1.170530406247095,2
6.6206635865524905,2.8909759200615745e-05,1.0481766825291314,1
10.440642031265824,2.814781578217554e-05,2.112008146875946,1
9.830998426047502,3.889637200229694e-05,1.3966359111053168,1
10.583307441149321,3.532861936101846e-05,2.2524747179944993,2
10.894524600843937,3.330625483893845e-05,2.981769468401441,2
3.861807672751734,2.9631959644808396e-05,4.088689174189243,2
6.8660326396308875,3.206489402567957e-05,5.306364562805037,2
11.074913907119004,2.80549086710938e-05,3.973357985931207,2
11.684750294699203,3.9212640277439497e-05,3.7744450922750734,3
8.68191883443988,2.9879263840675188e-05,1.4260820134233436,1
6.030534173020309,3.410494066176989e-05,3.28806284316157,2
6.341912303941806,3.284114488765015e-05,4.53075927272776,2
11.902767680211493,3.629766099470969e-05,4.0390159284991505,2
12.26434364625742,3.724264263374038e-05,3.1261259458170434,2
8.537669891538112,4.125031088049863e-05,3.1202036583593067,2
4.076606540576633,2.9909014916472454e-05,2.5973588749613503,2
8.348319924837199,3.1718462506238085e-05,1.2152296825426385,1
12.182524398671129,3.485803895911973e-05,2.7995933759174427,1
8.133791348801196,2.7411201863004935e-05,1.2374042491620514,1
9.75308713167234,3.4286867918577993e-05,1.7094727433136234,1
12.24960656068595,4.269766636689213e-05,3.882582166957442,2
8.36000761526633,3.3405979001268877e-05,2.36782117253375,2
6.722985627103642,1.2819354537393937e-05,4.103900045014335,2
9.10102086170934,2.6954081580906913e-05,1.9769171288157303,1
10.453551491538501,3.460788618275021e-05,3.4919580477241743,2
14.643822609770583,3.997157519408479e-05,7.236854055573556,4
5.594129793924542,4.196377426888074e-05,3.6965068081801595,2
6.271175490794066,3.0347168024450974e-05,4.305754722152351,2
5.818703792647321,3.238672108690275e-05,3.949114121767298,2
6.549663900024318,3.728485206009723e-05,4.260257119817634,2
8.491876554907568,4.364857241169278e-05,2.421834268988335,2
10.377134143039937,2.880235832910295e-05,3.1164424180114128,2
10.92169367373781,3.2795250052029376e-05,2.354540569730967,1
8.761264841203554,3.1983967243493194e-05,3.290628702269739,1
9.49125774681122,3.287720426099796e-05,1.543399974658282,2
10.841064352648152,2.883933761766127e-05,2.0142716178073194,1
10.179532618544002,3.379601276047442e-05,2.8806414422401234,2
10.653892818132919,4.199944070735093e-05,3.362415411648077,2
12.822879168663782,3.9422514504506006e-05,1.7116394244443771,1
6.806873588051167,3.4856915990603916e-05,3.805636821110045,2
5.332137476915449,3.551673534273177e-05,3.961398534181651,2
11.356880190773277,3.345977283761729e-05,2.788584436024247,2
5.296384097499231,3.5256425908579715e-05,2.8541043037617646,2
7.083231220629178,1.7793730404113616e-05,4.701256831515721,2
9.70742942364202,3.6617338018870874e-05,1.8119135432369804,1
4.723310335609794,4.558451336068204e-05,3.2565172330209706,2
13.221148107296473,3.7990168415526934e-05,5.748407747756959,3
5.038187349368915,4.059496966292093e-05,4.163146306866567,2
12.202021004933204,4.167150049864162e-05,3.5939590281496736,2
4.9910401776627396,3.560497964341968e-05,3.8024521806629017,2
13.70314099363264,3.620585669357621e-05,5.556684851952612,3
9.156029386068667,2.7372643922669825e-05,2.1988502729495307,1
8.748395434112835,3.0046860549002056e-05,2.1532238900150356,1
6.6778404148011905,2.893045754594105e-05,3.8739283604723753,2
15.66727070698153,4.085735553784799e-05,3.7288141544643243,2
9.043481074659615,3.700871307782656e-05,2.5825046459267917,1
11.837810283554184,3.8772084192478483e-05,3.831478936840285,4
10.75892922129561,3.361891219958562e-05,2.299778453024137,1
4.969721622052731,3.915101594991064e-05,3.263910326021795,2
13.27497279245395,4.112885313744868e-05,5.978098613601082,3
6.941585979677601,3.8023678246014614e-05,2.6893663037608695,1
12.816023504396462,4.102884889621881e-05,3.2702403105869844,2
11.374427566459218,3.444515398353674e-05,3.574262989925471,2
8.359354598628979,3.309630826555983e-05,1.8555230311226987,1
11.4466445508286,3.405859513382149e-05,6.015304188334294,3
11.726461369225095,3.147862569393796e-05,4.025863218176249,2
13.066034773340728,4.1603389797289635e-05,4.175163405804002,3
10.219045896524012,4.345261071423693e-05,2.9840096290046914,2
7.741428221389306,3.541025041534662e-05,2.038788219169269,2
10.534063994855611,3.8703113117043725e-05,1.1588151068627504,1
6.501613553986131,3.5613444481941615e-05,1.0398417253841266,1
14.982291877101357,4.222310732694837e-05,4.524649813088741,2
4.379654236368047,2.4985992236168157e-05,3.1955254667157593,2
11.02576944888963,3.746623716453147e-05,4.538516277459795,3
8.199298362856688,2.8075836461431364e-05,2.663959152286749,1
4.555395295642659,3.7200674612554996e-05,2.4494544027779206,2
16.982821206112074,3.55518306921015e-05,5.907694470983829,3
10.185774871165085,2.5802311142929836e-05,4.074032879028291,2
6.662689676888723,3.667404131210176e-05,4.571715625271375,2
8.077178390286075,2.882317603654137e-05,1.458992345194901,1
5.104464437271691,3.3461534029673297e-05,3.858156800148067,2
11.157269498141607,3.6880394203981726e-05,1.6202148079097796,1
6.532171793901957,3.263519567700088e-05,4.387488992372276,2
9.019746114853485,4.0286595500861825e-05,3.707504359304189,3
13.225047528437067,3.540935571134052e-05,4.274702615464634,3
12.341025234479833,3.8769628349438325e-05,4.045449768212567,2
3.4140700825924144,4.013262953069056e-05,2.6973815188937005,2
10.781478602887777,4.334969398195685e-05,3.462334293876257,2
7.2683821879666946,3.683649204601073e-05,5.302786629656133,2
5.51570779764422,3.4764102939556755e-05,3.8602970174685716,2
11.2372867615055,3.198227702700831e-05,4.9413633103898835,3
8.351928844384911,3.823246512518359e-05,1.6026906302629476,1
9.226215545876146,2.599564941249063e-05,1.74480314741974,2
5.966594570871211,4.6451563640534636e-05,4.496397740303405,2
10.386732823631272,3.9929944598919886e-05,3.7139641581540284,2
4.096722122681626,2.8875715653408683e-05,2.1118744334279116,2
9.034513454692778,2.8273997375401105e-05,2.7913724209176305,2
10.596895919193264,3.37193538597068e-05,4.043748515652059,3
8.547011871661773,3.222492408399059e-05,2.1777973250784664,2
7.922604683512661,3.269088981491935e-05,1.3586342450570708,2
9.532375858400549,3.443460341500575e-05,1.6238509283080702,2
5.494259458841672,3.514511270034816e-05,3.8918556380834355,2
7.795450666471508,3.550758159509076e-05,1.4865073021016426,1
7.932134416012465,3.3043697008465026e-05,2.1246529259307683,2
9.710787663622517,3.2728657313114565e-05,1.2785806630659433,1
9.182274922942234,3.414058198154586e-05,2.6492634661685934,3
10.579758639570212,3.5400639676224215e-05,2.5669567946914076,1
11.248727694035715,3.407539558932987e-05,3.5658925243352013,2
6.349439639152148,5.617068490099994e-06,3.7072348863700695,2
5.494855748540394,3.075295773325663e-05,4.004410148702427,2
5.39652087815626,4.87284008829004e-05,3.9666140107983465,2
9.486005345807442,1.4306297808232815e-05,2.7398582494913066,4
5.809437642746012,3.087411059888038e-05,4.024293839390451,2
11.152553279984222,3.657183860004623e-05,3.239634737660986,2
4.087593482480415,3.2114684337152746e-05,3.4067483397978453,2
8.790655909628418,3.859940286789075e-05,2.1234260537965284,1
6.059275658149206,3.4668897240383276e-05,3.367992774417903,2
10.680232613606467,3.311216054134173e-05,2.09935944914226,1
8.69342682511877,2.7789742583840286e-05,2.7350356422423587,2
5.646607774417658,3.925187985792007e-05,4.282299261998352,2
12.609710286527758,3.313061952049121e-05,3.7169938398302644,2
10.227402169624911,3.615257851217826e-05,3.323012636132159,2
14.065958425169836,3.8769081938983384e-05,3.8253636119071586,2
