4.8365701911428465,7.967419838855067e-06,3.987072727766414,2
9.488157911860506,6.066231361140769e-05,2.08469463533082,1
7.577616555159464,6.033779450490891e-05,1.63193683533577,2
11.30040968290984,6.037657712635605e-05,3.9758554238925,3
12.46573911051463,5.6083745708768015e-05,3.342728219220956,3
10.996337124005766,6.52122954680223e-05,2.0688236140188394,5
5.812932856566244,8.38893276498001e-06,3.589142213230185,2
7.9590194044260745,5.7829106034045346e-05,2.0525958183498187,4
13.795829008967525,7.081777048916242e-05,3.7246544672860367,4
3.9432055735494123,1.899250727756e-05,3.2748625285523776,2
3.338540250447582,5.1865141207414386e-05,1.1572670517763979,2
8.0266560850671,5.7719035353879676e-05,2.330247448568948,3
12.865990335348739,2.4709584822172623e-05,4.8454835550761635,4
8.650183911744358,6.416842272290003e-05,1.7286761907808577,4
6.276350206403009,9.364517263781003e-06,3.54135059098731,2
8.657228478912938,3.571130575299026e-05,1.8034130342276946,2
13.32521765576334,5.998057216366202e-05,6.062606822377249,6
9.95175731986083,5.820303082819061e-05,3.3958438752674422,4
9.355581908489864,7.81242824510339e-05,3.3038033444550026,3
5.478837224106768,1.4514765248411114e-05,3.9212354173371806,2
8.631078835640565,6.192427566661779e-05,1.323723379948878,2
11.94474077662879,5.5607456856527765e-05,2.3026742224047023,5
11.551589211667407,5.397396492424777e-05,3.1834975051487273,4
5.985689870057852,1.3641433140873434e-05,4.269184654771956,2
8.227865902549249,5.742276698810059e-05,1.6370086202482916,1
9.76178056181669,6.027808560087048e-05,3.8146863079774893,4
3.8158659047138315,2.7249768377154085e-05,2.425764872871695,2
3.2110238487108065,3.0375624185650855e-05,1.7114753670027534,2
3.1730925566229726,7.186812246384504e-05,2.798801898417823,1
8.655365873872924,4.5239990670657757e-05,1.4646734459569937,4
8.97640506057737,6.696424773986456e-05,1.8584102268590172,2
9.138097458815993,6.083253953769838e-05,1.5708741791584588,3
11.999826222173828,4.626473845040435e-05,4.6531029968155915,3
11.65265728811641,7.570959972470455e-05,2.251437869253401,4
3.154398408080038,1.0822496644972817e-05,2.639314336105101,2
2.9234079984351817,6.445090078250311e-05,2.547281369125434,2
11.31931632212762,5.9270456565157954e-05,4.038135707134251,4
11.762640231918905,5.0441328088255484e-05,3.571823735215432,3
10.241723742221286,6.427827818163682e-05,2.2197636786502826,3
9.20355512433806,5.776470518126914e-05,4.4898634313468415,6
10.921324534869816,5.744860306280874e-05,4.042172233245904,3
8.979964762805087,6.20349839169633e-05,2.7297226243870485,5
6.802292018024701,3.802969951774391e-05,3.8450189718649943,2
8.44033830092565,5.72351777733232e-05,1.6695480670810878,4
14.890836114404172,6.49892970018658e-05,5.190931848668638,5
4.1454062515341406,1.0321068194948252e-05,2.0531197227029456,2
4.626850631453219,3.57504967466655e-05,2.239696649573177,2
7.576249072744931,5.2593044673388364e-05,2.3346519931293854,2
8.874885459827963,6.937087206285652e-05,1.894586065770642,2
10.501123636590432,6.715330991651316e-05,2.979171521048175,6
9.404497168804943,6.294123895700137e-05,2.9167708384607285,3
7.5624782794838215,8.8089853445172e-06,4.744615763783857,2
9.508369091432957,6.160350955345692e-05,2.5496765057265565,1
11.874488857835892,7.242567060593317e-05,4.185004747659841,4
12.614331549946105,2.039259972162357e-05,4.651456146141262,4
10.829699466376841,4.8515931402023886e-05,1.8095064952011681,1
11.195869139727144,5.232497597622168e-05,3.9026171182499674,5
4.78506709046616,8.553970505797292e-06,3.778022488991877,2
9.011339635562386,5.841238012531579e-05,1.046321902751308,1
13.26059164729966,6.150966995461163e-05,3.1827815062221703,4
4.312940518483293,1.0389662966165193e-05,3.0130546979416875,2
2.227301430570534,2.5428285327396216e-05,1.202206205667577,1
11.889764463515512,6.445739220636062e-05,2.315933622607309,5
11.435372759081115,6.731075542854469e-05,2.419291710486254,5
10.986072316382508,6.505873406036727e-05,3.1498678456677824,5
7.211274334191348,9.041874511520357e-06,4.412672360691137,2
2.9257565584128185,2.88137812190413e-05,1.4934430357795316,2
2.2098601790141914,5.62811323706817e-05,1.6552158118986489,2
7.5055132550139305,5.944872299557589e-05,0.48307715848559707,5
10.79900234488947,6.836558182736421e-05,4.258118301762321,4
5.399283398057652,7.154660483503876e-06,3.5017262284800994,2
8.123692848580074,5.464151840003868e-05,1.782429936402779,1
10.711576642312517,7.005307959082613e-05,3.410565006245876,4
5.798199152001927,8.878684031718819e-06,3.5123769236921203,2
8.872935305695883,5.443188370988982e-05,1.4117049163178426,1
12.011141948704964,5.0445916010321986e-05,3.5652781120068,6
10.471953591868495,6.330329628161373e-05,1.907978205872096,4
10.798696866716044,5.657670659059899e-05,3.213665749097328,3
10.242379097364516,5.644047988739936e-05,4.153085901227583,6
9.048235622973998,5.896651537504561e-05,2.48934536532832,6
11.634607184710259,5.6347655428941285e-05,3.7340798973610823,6
9.369361246386276,6.283472065966785e-05,2.678308155684033,3
10.131519665173116,4.041268933976213e-05,3.0530650667319748,4
8.266255439421641,6.572215091765368e-05,1.2209824212109348,3
5.0676554153479945,1.8094320149215853e-05,4.039223286037768,2
8.392495736771648,6.117077389489154e-05,2.460772190948009,3
10.73110766481528,6.301091677973058e-05,4.283011843504586,6
6.9971792105767205,1.2024593752591863e-05,4.256240945217303,2
12.053726520163272,3.4310106211093145e-05,3.0400272766356693,2
9.63769778470582,6.423768548361132e-05,2.922388220719875,2
11.491528094314083,6.14147083210682e-05,3.0514026004998156,4
11.545296905559136,5.898017783113032e-05,1.4810115422014363,5
9.194400621332129,5.4889843125313634e-05,3.035292783498356,3
9.691079696195516,6.462345425748962e-05,2.730075190331151,2
9.128429758192965,6.047097827162889e-05,2.0141443641355132,5
4.581767109279809,3.540260307872634e-06,4.154278158068126,2
9.863872634614609,5.528336475951038e-05,3.8064463927715986,5
5.9830007733830595,1.534610214448837e-05,4.298119040974006,2
6.6987950668317,7.20999735047619e-05,1.5669224039741851,3
5.280837524158602,2.509631771861632e-06,3.5750032783290604,2
10.838446627123759,5.0848434927267566e-05,1.8778671359109314,2
2.190751882047711,6.523584129457206e-05,0.8036938167056604,2
10.486471723691407,6.3382405999672e-05,2.730423664551116,5
13.34719759824047,3.949750660488118e-05,5.975316053538326,4
10.756183143845305,7.855845431233435e-05,4.131948808308332,6
9.01152241565456,5.792507451629745e-05,2.367984516996513,2
12.866766888068733,7.217572354452015e-05,4.448078255252616,6
9.659510773788295,6.969480369911807e-05,2.7618879733475854,3
10.233388818489882,3.2624789887730376e-05,4.026199058607096,4
10.896181960075367,6.0621291929931185e-05,1.5194998338456358,4
6.516539573687531,1.5724806853798632e-05,3.958675124345657,2
9.045309060580333,5.533559206409304e-05,2.298962153693777,2
10.116951079514639,6.290337957459526e-05,2.8903482795760835,4
10.020391174537636,5.847084451229359e-05,3.388661859838297,3
12.138218692561031,5.325628984225052e-05,3.565545686044509,6
12.233692628850022,6.296892425344067e-05,4.957734748914062,6
10.268048674932585,5.7582097644948285e-05,1.8437314688888675,3
4.583105896488245,1.0839940256053507e-05,3.6500784177965606,2
7.305071128667026,7.203298569092033e-05,1.7812306668767819,1
4.782293960181105,6.470474595402138e-05,2.3539391149467566,2
9.734613480892625,6.46383137649816e-05,2.717505782190977,4
12.11896497743042,5.9570897821190834e-05,5.119027483220328,5
7.871409285367486,6.445489045332473e-05,2.2139401326104355,3
9.637120335723365,5.7762436518315405e-05,3.0354729503244418,3
10.441064980039958,7.464537502911048e-05,3.9002952189588442,4
9.92423660305074,6.211019923032974e-05,3.519625085701694,3
9.746657834932227,5.458474540802584e-05,3.8586464044269997,5
3.3822176608019836,1.0193488907201896e-05,2.9401750079804794,2
12.301159149756625,6.01048075375716e-05,2.385895637156284,3
5.738154055881038,1.3198123648107085e-05,3.5896780151149965,2
8.915846625931833,6.231849097848222e-05,1.7540316009187213,3
8.66875205113808,4.917821674469797e-05,3.297500824791439,3
9.897675148631537,7.176155973891843e-05,1.3550044092163522,6
12.21078118943218,6.462740643180098e-05,4.291572982856255,5
12.6550261089168,6.257609627928745e-05,6.3326359947067274,6
12.05520929442548,1.1995016837934733e-05,5.418060226120458,4
11.259739738144532,6.981016249003408e-05,1.2864917147356134,1
9.26697736861279,6.690858709739333e-05,1.6639842870544417,3
12.598623690477236,5.744527947003389e-05,4.516203011200416,5
5.003702585144096,1.1201553883271783e-05,3.198984653624046,2
9.228879225841094,4.313194730641377e-05,1.6427767481442472,2
14.571430863093141,6.049050246936149e-05,4.908768702461232,6
12.60392306746902,6.468893711748863e-05,3.804644245367729,3
8.010891633073742,5.789081303070179e-05,1.3078043075966472,5
9.76897865560483,6.988621910236416e-05,3.718488216634245,6
8.648414538650274,6.062206342209004e-05,1.9884658782897922,6
8.778431219701186,5.9191752637202856e-05,3.2076865700426964,3
5.737793934128737,1.904043577318843e-05,4.835917969405941,2
10.580709228422354,6.450085420180485e-05,1.4172318579211851,2
5.140944081292416,1.9218504552122902e-05,3.165894936188633,2
9.602999253478856,6.0012238597656024e-05,2.5585962193569287,2
6.455131119538444,4.929893066023297e-05,1.5662351032897255,4
12.570848315723735,1.976685134886449e-05,4.691927732420965,4
2.698031541015605,3.4371674147937845e-05,1.8475838014507853,2
4.736110162746979,1.52205617164083e-05,3.2717977385495445,2
10.714248073552417,5.998212072049724e-05,2.2149862491270684,2
11.168917058174372,6.834279447593151e-05,2.5975583774304614,5
12.113525382987877,6.024839579546793e-05,4.484131156904956,3
5.359551403739672,1.2992474018543201e-05,3.641302012010117,2
9.138661387021584,5.199626367967828e-05,1.6827362729154483,1
5.485381526437533,1.5538869847173568e-05,3.9172117865711473,2
2.5847700050783624,3.311988812291814e-05,1.9425193883106402,1
12.637678120785953,6.468508152690649e-05,2.3941225918818487,3
6.271060257441909,7.077680443184838e-06,4.3293104762176675,2
2.9809704748556065,6.436595970199928e-05,1.5135656339243069,1
3.645985603937295,5.057878023499352e-05,1.7375392916147194,2
10.68365081330449,6.438817983836514e-05,4.518066347926883,4
15.438255585764939,5.704676318317453e-05,5.116041621202647,6
13.302267601530746,6.412144125177327e-05,5.2553927895909665,6
9.69824222015901,2.3025731560652274e-05,2.163416531599106,4
7.999391630863116,6.318765196981936e-05,1.6793099360519719,2
3.181865460515544,2.8342438374432983e-05,1.3429044745642955,2
13.745644237992636,4.139771411868261e-05,5.103847785548892,4
12.920726314549555,6.932210489085243e-05,3.808436359631422,6
5.4602265023774805,1.5290224186522066e-05,3.509484571152366,2
3.4087214948613673,3.202779588941019e-05,2.9574017964057044,2
11.183021917058495,7.391318932030511e-05,2.965712409672772,2
5.975988891911089,1.4907430907277062e-05,3.9408728286858374,2
12.389011084485372,7.611211957485568e-05,2.61570814102931,3
11.42452892399934,6.843569786706555e-05,5.73920320998791,3
5.568555431307665,2.2788378461541738e-05,4.812660937730607,2
11.0164934900365,6.030421083546783e-05,3.700955553953621,6
12.23247255592408,7.013318517161466e-05,3.414381774197949,3
10.083352572975297,6.081714071359305e-05,4.188933593738817,4
2.5817471587984246,1.9165829584780167e-05,2.0216751251721035,2
11.74470266950849,7.067819948359669e-05,3.2363975024869407,2
13.179984038939338,5.893607974629883e-05,4.9201905009757985,6
3.744465261786903,7.770873201895436e-06,3.6516182647780866,2
2.835603648360674,3.208313703746629e-05,2.3119530469539322,1
8.917852498597188,6.512840798302265e-05,1.2272166794302823,2
8.430066666767974,7.292206906256868e-05,1.8656003342762386,3
4.288626264905769,6.851001337291737e-06,2.321501496557965,2
8.647700229706341,6.880715533748769e-05,1.5047886414205884,2
12.26834952496269,6.329354849420086e-05,3.140944720514222,3
12.439979446865149,6.24512089256827e-05,4.4158065143414085,6
5.251975291433242,1.1015413693888023e-05,3.555976894763482,2
3.5196562251168833,5.581733858275251e-05,1.6393657349202406,1
5.438724196302643,9.714097487806485e-06,4.267836284008622,2
5.194069890806922,3.411549262356946e-05,3.9669031481469563,2
8.75831501531042,6.173376141768984e-05,1.9803136039920908,2
12.238159310534726,5.689413852825174e-05,4.023228332025577,4
2.810722965560484,8.404174428513032e-06,2.6205045598067183,2
8.60517295489771,5.779617139799176e-05,0.9604117465414939,2
11.701166448739931,3.371506028223816e-05,6.036220268924906,4
5.591707879574418,6.864340773118981e-06,4.7615355029550885,2
3.5325955574813315,2.387256154632456e-05,1.8494684698350392,2
10.84121643366968,5.896601765894851e-05,2.324571010697846,2
11.402258735270376,4.6248559316544104e-05,4.048018631052349,5
4.687175110256982,1.587964241604493e-05,2.822469152906098,2
6.365529124488361,7.461249673808661e-05,0.819955245345354,1
11.423138745582838,5.937181042350063e-05,4.146324979228858,3
9.886393710808779,6.31454918059648e-05,3.6156859413916838,3
11.740804850121972,6.48744054588527e-05,5.099940910079399,4
12.225868468577712,6.094139097991027e-05,4.066688280989617,4
11.477505034627658,6.335134116136848e-05,3.5385311006184668,3
11.957633252557013,5.8549560258319065e-05,3.025344960143342,5
11.919025683014862,5.9896770927761906e-05,5.220293400041616,6
8.805832384015298,6.579770985086558e-05,1.885168336607175,5
9.618119236177286,6.52237492528141e-05,2.765015214523281,6
10.94603255688487,6.517933798358003e-05,3.436553705168675,3
10.516415823745804,7.349000913412845e-05,4.20628101338632,5
11.066484533421166,6.875760549390963e-05,5.514027230775724,4
13.948383506257862,6.648984085442002e-05,5.840628732911934,4
10.539302804946006,7.236287055167831e-05,4.774073016369546,6
4.796598479012424,1.747631594532723e-05,3.916758086848387,2
3.8409654910895736,6.052573094274719e-05,2.1121661158026583,2
9.425163111212498,4.497182581120823e-05,3.4854845030781747,5
15.003940011131322,4.048121842512522e-05,8.21361904567495,6
8.30824653164671,6.727959165340385e-05,1.6106739416713913,4
9.017549171554073,6.60687260918776e-05,1.3093634207106433,4
12.070595012747601,6.804270585540379e-05,4.537350680005026,6
8.186190470413163,5.956777317472033e-05,3.63701032859795,4
10.709756872720842,6.087936500295787e-05,3.183608764026733,3
8.618270999545185,5.542969288645019e-05,3.504134464934743,4
10.00653971543698,6.370869152209503e-05,3.0178107277502475,3
9.932432082635643,5.9784545926797274e-05,4.18324523959765,3
12.514803680060933,3.477408705858474e-05,5.0209837481464445,4
9.149895512526781,5.9271019098572e-05,3.8449818004108245,6
9.777534376729383,6.15120144474561e-05,2.9411980486511635,4
3.563935748178584,1.2746091533258877e-05,3.2926844636744512,2
8.331162209431819,2.806043428403183e-05,1.7517483823433855,1
5.146671679184094,1.6858765149872193e-05,3.047524978859385,2
3.8770142007494997,1.8261960309211376e-05,1.9170228771601172,2
10.75464871481216,1.562253776315457e-05,4.446516394810735,4
2.8269634408032926,7.156889569995162e-05,1.4457512222006574,2
10.175828678860901,7.270625564918545e-05,2.856618397398142,6
4.126259968211604,1.970597045819958e-05,3.4465300124053897,2
3.6067716025726413,6.251924377879145e-05,1.902439770561627,2
5.431023176802793,1.248070552071286e-05,3.9071327717730586,2
9.113737807611074,6.63444843091993e-05,1.69862319059529,1
3.4920866225910636,2.1148643700769307e-05,1.342150131027144,2
9.60259382858385,6.278922788650941e-05,2.7399866608366588,4
9.341431726779307,6.866560089644992e-05,3.105862263262823,4
9.54439096036586,5.9376076786512074e-05,1.8106886843525807,3
3.83616984217511,1.3158406251961941e-05,2.9206906173501386,2
10.276221228098322,4.72908756911559e-05,3.358040929791455,2
9.733159009700138,7.282080753029733e-05,1.7931883922224499,5
12.400742199844988,6.201627324334438e-05,4.607967117980271,3
4.445349255784097,5.6533939847631506e-05,2.9375950369641326,2
4.374053413464497,1.7231051590055437e-05,2.7600175496232513,2
9.975136426975922,6.912258647044e-05,1.8005340579858273,4
14.21637383733391,7.081884130040129e-05,4.80660252790098,5
5.841755783238823,9.739187012881305e-06,3.9912324503032544,2
10.473925337848954,6.197162836300821e-05,1.4219459118820392,3
10.67332963721421,2.019325093725282e-05,4.118803052175187,4
3.403799914875408,6.754322984791682e-05,1.6217578140766777,2
12.3031668739371,5.900717729819591e-05,2.7952993179367285,4
9.98108176122809,6.254968166267765e-05,3.39005818148048,4
5.573767941747228,7.1003029513005136e-06,3.843027868505281,2
6.306787300292179,6.209258956163961e-05,0.62680051018096,3
12.336676324643797,5.988419435866534e-05,4.814957858690121,4
3.344456726635811,7.434791906214009e-06,2.785575550202078,2
9.335378924192069,6.125632689041086e-05,2.217887536939412,3
10.397639997501336,5.4456967816657994e-05,4.100325648467325,3
12.056294821115515,7.138260978450021e-05,5.132328686595392,3
10.816202915786416,5.0481217403137125e-05,2.62806676423772,6
9.4178314308193,6.69913799741809e-05,3.4607617989058483,2
14.650536093001076,6.451129747810058e-05,6.17551264244505,6
3.5478015708718837,5.736867373192746e-06,2.7513307486142673,2
9.743743611945867,6.407691524077903e-05,2.2829898363952768,4
4.436429148725276,1.3571705278786672e-05,2.2038694088255166,2
4.124880472089728,6.982041804021322e-05,2.4536201204761383,1
10.877627583858011,5.506349754277956e-05,4.44866267169151,3
11.818404661859844,7.444171376786202e-05,2.683793723240772,5
9.272410750738233,6.718711977232128e-05,2.19226018513949,3
11.746854224028487,4.897943860220445e-05,6.222689853224655,5
14.052694073917648,4.0744715020865746e-05,7.463176764145651,4
10.942353283501173,5.866596677544761e-05,3.8104157262654974,6
13.781520004603589,7.144730819512806e-05,4.045661692260956,5
12.612361447098074,6.950997448198661e-05,2.3834784443303594,6
12.161042713608069,7.298737640185609e-05,3.136715976684475,4
8.801159430795135,6.724974246940125e-05,2.2961939685971986,3
12.395377984080756,7.230050277544088e-05,3.476054359877879,3
4.073410565889895,1.2314478540539403e-05,3.2226463184284455,2
8.50262408855214,6.947392929298713e-05,1.9654318095603716,2
11.435583568918497,5.788763734008129e-05,3.7599456387990893,5
10.648550783968076,6.109847714096364e-05,2.3651474058909496,3
5.49581426726197,2.6066909634028373e-05,3.371730889968359,2
3.3220858427314415,7.177353697057757e-05,1.3497882281511524,1
10.12286808647277,6.487808754380575e-05,2.4920100542247394,4
9.228228526368111,6.395348215153462e-05,1.8458186096395806,3
4.556880261918062,1.5652425731946006e-05,4.257395806158595,2
13.082334140095524,6.857207292956608e-05,3.4818504740305976,5
10.358439892020687,5.630990043095047e-05,3.280074116674502,5
12.744812022480776,5.985911311555034e-05,4.682941209212165,3
10.891583316899808,4.834542999774515e-05,3.7525270732135327,4
14.070665237782617,6.587166796433008e-05,5.481347617572204,4
12.493089878610565,6.600050784587368e-05,3.87609296907397,4
14.805702595143948,1.9760149744839918e-05,5.798150327907491,4
2.3246890725580878,2.1259483732438926e-05,2.3455562155403276,2
9.06935670565058,5.0352351337112474e-05,1.9157857253382766,4
12.912834396435878,6.271597501158273e-05,3.523347635457558,4
3.8431147794840843,9.980563464097593e-06,3.707547211025247,2
6.58089521808521,6.294831787414874e-05,0.8929204221454483,1
11.893932576705517,6.547193728172876e-05,3.1275284300368904,3
4.9786232840493785,5.0597018875997476e-05,3.102882078928765,2
10.93294260472854,5.583089880703937e-05,0.8676889405241528,4
9.804813995591324,6.530364454123974e-05,3.9199416187668703,4
5.184778019344152,1.2516537956496452e-05,2.073356193368023,2
10.47081708009116,6.435487960704994e-05,1.961025950090241,2
11.368594839305251,6.286181482602017e-05,3.108734871305142,4
11.710833822355351,6.853058890327987e-05,4.697196631860962,4
10.316576851489096,4.5363257830310574e-05,1.8738437240385255,5
5.364534702005208,1.1687740649926469e-05,3.438115706250291,2
9.80257622359523,3.5031723778835135e-05,2.4816368738931067,1
3.4493382783118234,1.9493603640307825e-05,1.9866951286649288,2
4.492993451689222,3.516392671565479e-05,2.9654063819131604,2
8.005779606882504,6.0266530779149415e-05,1.7010540800875233,3
8.65541057337817,6.23018981191947e-05,3.9229437455144414,3
13.081605535710597,1.648065674510539e-05,5.881117172992093,4
7.8831858766401925,6.511523145408554e-05,1.905254065913662,2
9.389642252656696,3.926848770010128e-05,3.104049650819641,4
3.3018674552828933,1.3587911325117121e-05,2.429505582151349,2
6.910147609940404,5.687102841846647e-05,1.6703027864582383,2
12.525168241663135,6.858076870392646e-05,3.844399014077961,4
8.885728070809567,6.789121085521568e-05,2.8818647344328294,4
5.350960196741266,9.066231284472017e-06,4.046525120330493,2
10.354862939905022,6.566081523111069e-05,1.4667098070774145,2
8.5656166744565,6.23417267881935e-05,3.112570356867644,3
8.997994269460651,6.656173747061633e-05,3.0953556243359976,3
13.839789450544862,2.3961498700492597e-05,4.249100669234643,4
10.421511304019248,6.0529203754921785e-05,1.5787779701904179,3
11.770220928679214,7.52615552112525e-05,4.086953109638557,4
12.308513291774728,5.919208962405676e-05,4.672455243700075,4
11.515249384382972,6.0550876523129436e-05,2.2922809477356916,4
10.810996024951187,6.16070577674011e-05,2.466360442816873,4
6.7273064241482,2.8495279917559988e-05,4.5177325850247545,2
7.80537929272624,6.551895280693962e-05,1.2421108240646757,1
12.688969751173408,5.734376960879353e-05,5.194238212459448,4
11.67368365960786,4.510989485483311e-05,3.5231571827672745,4
2.716417462431389,5.543528541592141e-05,1.5839580350746123,2
4.529113353378453,8.412381009470644e-05,4.017184896637703,2
4.910565007409534,1.4675259246550184e-05,3.863634458352032,2
8.010519722402208,5.587891590244503e-05,2.1500461634876507,1
5.465108999927977,1.4923559007358113e-05,4.060030941461436,2
8.714992048393245,5.376856947284463e-05,1.7224504636408813,1
3.742913978682573,1.044290106127289e-05,2.107026584925748,2
3.957993102840185,5.4345701859523397e-05,2.278140321934027,2
13.995100321779937,6.677061702375609e-05,4.766503003068787,3
9.666786004175695,6.916038609737383e-05,2.548823505562857,3
9.438344257456453,7.063633856689348e-05,3.7592057656657287,4
8.044684633916564,5.144147411955093e-05,1.9397332065972794,5
6.507579999944665,1.6740801435842806e-05,3.953927667452077,2
9.205920162528145,6.7135666642217e-05,2.6269814063709296,2
10.306295495836766,6.202458207211067e-05,2.143621160983538,3
12.38463215624651,5.647404937418425e-05,5.09002988575589,4
11.293199172178754,7.072713781068734e-05,3.3578734832188166,5
10.227324172004035,6.62581546647698e-05,2.4776281371421183,3
13.375622222390056,5.5336106012210946e-05,4.755194084230011,6
9.922885349696813,6.273019977782001e-05,2.2441111424117692,5
9.51488033499847,5.475874640299153e-05,1.4165928837452308,4
8.725444869934767,6.878922200541731e-05,3.0475053484068737,4
10.239174057344734,6.324661419720969e-05,2.8484197285404522,4
10.097631113169417,6.930272593168935e-05,1.5834510986872121,4
13.003816720691335,3.615768071780872e-05,4.495130790468756,4
6.721096447092149,9.78719739417223e-06,3.4964549166389594,2
3.698204195201313,2.488742924539599e-05,1.7008130051253836,2
8.67170929017732,6.429602688846979e-05,1.8310604100207002,3
4.20324318509132,1.1628435285019446e-05,2.809238127731932,2
10.778633206885479,4.9099526129525504e-05,2.005430739049543,1
15.064713279186412,3.0534940684871994e-05,5.707748575632681,4
3.5302234167259865,6.088277377345703e-06,2.531098231493506,2
10.58098768605313,6.118240972995915e-05,2.6829362614555636,3
5.150377604959394,8.04171534430128e-06,4.093253134823425,2
7.421734692522174,5.136351657602275e-05,2.4393708526622695,1
6.985953865679878,6.719926629287654e-06,4.534236560308427,2
8.704511757237952,5.4568757939690946e-05,2.1547279470523346,1
10.227642988430249,6.712434215752787e-05,2.9896870633194945,3
5.331032334991885,1.341615979902805e-05,4.229398096608384,2
9.50312851241946,4.770406722737762e-05,1.6179820055451248,3
11.315873793970775,5.681659081753823e-05,3.6304743244203843,4
9.480332013527494,5.688192805669217e-05,3.5757411652222824,3
12.446177400396264,6.331668820746523e-05,2.889250477840524,6
3.8441984855824693,2.8002559989231615e-05,1.4468553345483814,2
12.057976740844929,6.484947406745602e-05,2.4785908009350477,3
4.842277760367617,2.013197761488607e-05,2.7485820438440904,2
9.192587381232045,7.008487674436858e-05,1.3445492916696054,1
4.597694944849316,5.964917662524848e-05,3.116976027284803,2
11.527191603556695,5.4852372483423645e-05,3.9426611885141405,5
10.705957264287864,7.601743294344183e-05,3.0672616760098634,5
3.859911869263653,6.863404464814783e-06,2.7212080235681837,2
11.309254340006149,3.7519853210099e-05,4.1154744667662815,2
7.894642473813546,6.165154469997701e-05,1.9758422569752345,1
5.109001606094143,1.2506492766970994e-05,3.280500269525392,2
2.2967035016450144,3.34198124250853e-05,1.3113333726065857,1
12.802226866214617,6.520742305569552e-05,4.056191127417119,3
11.891889766618897,6.679759655866811e-05,3.529829581953349,4
3.816945061436617,9.475799070795318e-06,2.6880747680076955,2
10.741874666555429,4.6546448342892845e-05,2.2706458082047307,2
10.889866689698547,6.094705253428194e-05,3.232985856182501,3
11.320058227770417,6.712147533356949e-05,3.3918384264960566,3
5.248238593864734,2.5907222564840416e-05,3.5212803692846495,2
8.261300076257648,5.984795381876841e-05,1.5515052487300989,2
5.3850404364841555,1.2464804912080604e-05,3.270114199699882,2
8.943523625731583,6.742983475371755e-05,1.7892430181552803,2
0.9298731170224487,6.195708264514704e-05,1.0210616375815864,2
13.122536390440583,6.522476097723214e-05,5.4150941195666515,6
4.2574520520648145,7.309249953825063e-06,3.346564023546775,2
12.684250458497289,6.313339611378612e-05,2.6736589464892555,2
4.906392660645094,3.687213535672516e-05,3.9356898738365995,2
9.365977625259596,6.720681348568225e-05,1.681707726792465,4
11.42786352734482,5.37407009740692e-05,3.6425673485213506,5
5.309570725886465,1.1365196042043429e-05,3.3784959250945796,2
9.590593596745919,6.656999689781681e-05,2.153209562363562,5
4.171912087203689,1.999868892777725e-05,3.627304864006358,2
9.419146221998254,6.319489680282249e-05,1.8996244397593827,2
9.440663137096918,6.961669338473437e-05,2.3287202442805954,4
9.685227569342091,6.425628860328223e-05,1.9167742779402954,3
13.043427878311245,2.0332371390043276e-05,6.2079981314376855,4
8.904833623000783,5.7270246733526594e-05,2.2232862413586973,1
5.41695113581959,1.5232778338833266e-05,3.924749774839376,2
7.4136628820979755,5.722408151176887e-05,1.1770314024709623,2
6.5094492793347545,1.0003776984667133e-05,4.911540366085097,2
10.178616509590741,6.003257258585395e-05,2.89100520655985,2
10.322605265160972,2.370394050318141e-05,2.4915901759884194,4
7.442383708269845,5.948791731932711e-05,0.9857253707638317,2
8.257435167332947,6.417908582952526e-05,0.5231785734050853,3
10.617023167476445,5.371289069933516e-05,3.949339581007078,3
9.114389003405881,6.364176404873964e-05,1.7672090157720237,3
3.9704170570606294,1.4104769516392402e-05,3.854932643211244,2
2.719821187617133,2.5088608031522434e-05,1.7638925064807978,1
12.070224169418815,5.403460428950744e-05,3.240582878376965,5
11.838704852998056,5.434855272051338e-05,3.3420738618830903,4
11.098676360242024,6.2041368035058e-05,3.748666969546209,4
9.792927590267215,6.286111152829401e-05,1.625968451958133,4
9.77720721095891,6.357656996636594e-05,1.921147173714419,4
9.2720775170792,5.931076286854951e-05,3.4617747083446453,4
10.521788931473058,6.0364210572166413e-05,4.384169683731017,6
7.116241322478388,7.866441816912065e-06,4.046558449247227,2
3.339179267634246,2.7803804480301722e-05,2.069274021428483,1
10.693384423985547,6.904449298522793e-05,2.368285831530474,1
3.8833550714031344,1.0988968700448067e-05,3.5568109733254167,2
8.84883238315366,6.972703548728185e-05,2.753522143623421,1
5.416022156733815,1.0658252576281223e-05,4.4006962215716765,2
2.313552108773325,3.100110489157521e-05,2.1148753195992755,2
13.051958087714887,5.079990412504185e-05,4.079079969268515,4
11.096331772408021,5.526075646960127e-05,3.6886999519923727,6
11.000843715850724,5.493797696606613e-05,3.3174249102024564,4
7.861484369170703,6.419931442732691e-05,2.8135484139492792,5
9.645957629604766,6.420642643597155e-05,3.4063732176468937,5
5.854463144694101,8.278543124254309e-06,4.062152522552738,2
8.087515719492844,6.956601132514307e-05,1.5991789313455675,2
11.376328279425966,6.300442328451277e-05,3.523070818152492,4
13.4751835818065,6.215073697636887e-05,4.575914260583569,4
10.348051037941016,5.0395982668104705e-05,4.171835260168928,4
5.167179680193084,7.360686315695408e-06,2.81304640360372,2
3.8541621991313892,3.2512781978876945e-05,1.6410703856199378,2
3.527630958708917,2.124946387558283e-05,1.3571458889986374,1
3.2372918299558178,3.629414194976162e-05,2.1262887789583376,1
3.7356557347248853,6.127075839384187e-05,2.437422567166759,2
3.7310176802101873,1.5175197981003112e-05,2.683137819749606,2
10.08479750853708,5.7247916032854004e-05,2.0346160378305025,4
11.89360609555691,6.673553617855375e-05,4.153612617731942,3
5.174347087350533,1.3396640015088926e-05,3.978127819862859,2
7.898659391818349,5.3062434157652146e-05,1.1349806245248801,4
9.8302625406846,1.790405690798967e-05,2.4027595815448395,4
10.892079749265681,6.293129597152193e-05,2.500806790676791,6
12.323716258978587,6.082118952032677e-05,4.257982845936448,4
7.762997628424868,5.6219196858507006e-05,1.8963574538249341,5
4.1543964369489075,2.8071033737486582e-05,2.949421825700072,2
10.612457642644701,5.5364976371232176e-05,1.840101263684446,3
4.213956842925124,6.939990192960894e-06,3.4849094539641507,2
9.953697584357117,7.142955763956382e-05,1.6103164427044532,2
5.3215899121830805,1.0305019789326963e-05,2.336025691294862,2
10.559679319819791,5.0461173151801454e-05,1.3324894545693857,4
3.020592267962601,6.138868129361115e-06,2.300614408062732,2
8.477322728760635,5.8289422644419784e-05,2.0893078428474436,1
8.482526885118626,6.677234246076822e-05,1.3175420630532926,3
10.89975976965402,6.14593340972337e-05,4.890023361384009,4
10.82621836628264,5.1014145048970945e-05,4.81313363790208,4
9.249495514780325,5.232145014979935e-05,2.538088151763969,3
11.347414304718335,6.217954747311899e-05,4.318244302937858,3
4.431219352685021,3.2825191328336026e-05,4.412064378521109,2
6.867087702781083,3.366956746862184e-05,1.9067787137446237,4
12.39957276058988,5.78129780609051e-05,2.2580356912748574,2
9.146322513537893,5.749674648000853e-05,3.552974284630336,2
11.64581700186306,2.1857801724637763e-05,4.537323420109883,4
12.842355941969483,6.059315303524324e-05,2.3718854513348537,3
3.5338918554154586,1.9753376439104886e-05,2.4921728034857735,2
10.181246475345699,1.4794386445575495e-05,1.408746637466804,4
1.614866880191732,2.134986116264864e-05,0.7367562275246955,1
5.834686343924846,9.80873218392007e-06,3.961312609028943,2
8.43236559028176,5.925301329742996e-05,1.6803342271625592,2
4.773844118020673,1.2993611643170684e-05,3.3691796625854495,2
9.604929165741124,7.044044823793143e-05,1.2593903827018993,4
11.245478594667546,5.725806217417611e-05,3.8246177156868884,6
9.831350252435396,6.682622412732475e-05,4.2562392157919,4
5.850136254295739,2.6550877141294156e-05,5.271504005673645,2
7.54159163925069,6.496773314990357e-05,2.339551558790206,2
10.575843123531218,3.58350075725025e-05,3.1746454094246284,4
4.497102017215348,1.0106724766292711e-05,3.1560700095944174,2
8.359353387431339,6.274248357421255e-05,1.658303636377942,2
2.9809674733540064,9.193381005518822e-06,2.1272661365682155,2
7.541542672638306,6.02116423849067e-05,1.150796462554996,2
4.6648203613689585,2.398922182253632e-05,2.7363632118973618,2
12.126138585803249,6.26014206368555e-05,3.2957709404656015,4
14.764173269422349,4.743606353827783e-05,5.819389226809095,6
10.080414581547121,5.147806695962754e-05,3.560771906396946,3
8.625630739189353,7.363675586651097e-05,3.5143708370975006,4
10.23193008981929,7.244314826881842e-05,2.2820862739114465,4
9.373094782123308,6.0624999809290996e-05,3.42415830809425,4
12.776695931833627,6.022465994512874e-05,4.050956183500517,6
12.206686337553354,6.657958304792048e-05,3.6131042722251134,6
10.109131591636089,1.870372072353078e-05,3.6627930092719625,4
6.848388373627964,1.2407338688184945e-05,4.957707155271325,2
8.118802775602578,5.985765011085502e-05,2.2235420305498454,1
7.0440093142914435,1.5467147385392152e-05,4.096992658146982,2
9.83399809402399,6.804280243814517e-05,2.1147399078846143,2
4.21167909180221,1.498144218204868e-05,3.2466354399096713,2
9.227796864880666,7.745367069821002e-05,1.3796507010462427,1
4.879525817858855,1.0646208317568019e-05,3.0046551853465227,2
3.3560534945158254,4.944621392421465e-05,1.9890906540690751,1
10.700848373841222,1.5384074155563435e-05,4.11059253171319,4
5.492777340293205,1.897668705974765e-05,2.3934543000839583,2
4.969182037518243,3.6288270873058916e-05,1.9468083377621774,2
9.3487506265712,5.469767616665073e-05,2.337632749254925,1
8.026136338086758,5.7629926030784985e-05,1.8250469449099285,4
11.78392943525349,6.214626341890478e-05,5.535991252279192,4
10.17094031976478,6.66100092848494e-05,2.207301599285341,3
10.20271883936186,4.933939213272119e-05,2.865518777558515,3
10.072010038232174,2.216467383669742e-05,4.119808491743002,4
9.091203743341993,4.6758568268270516e-05,1.7660486600941872,1
4.32516671671738,3.02579585316996e-05,4.008561809959962,2
10.632190624324128,5.839461646588795e-05,2.7496251185796643,3
13.147039044595083,6.134890208159385e-05,3.685146950324853,3
11.3281326337783,7.591398477534341e-05,3.40647988213951,5
4.5586581419842345,1.5921998272749016e-05,3.2507321589645795,2
8.805686776383364,7.967260495806826e-05,2.072398982583197,2
8.892343751680412,6.166034828678958e-05,2.222578511838208,6
3.6085338849624664,4.7577924675381344e-05,3.350475665372633,2
5.109482646854802,7.264885949742725e-06,4.343487758410997,2
11.211735395825933,6.779515484712614e-05,2.2667636930794455,3
5.348691252112114,8.330451173159752e-06,3.790231673583709,2
4.500915938510481,6.166118172589387e-05,2.0121190335588293,2
7.378886076620907,1.1348523279941902e-05,4.834914719464994,2
7.049908869426612,5.9078813694331755e-05,1.8680484994197957,2
11.13999104668787,7.311651311757567e-05,3.8799819533454576,4
5.70398578901304,7.325116271430411e-05,3.6801379869146587,2
6.66064486819798,9.365921141455121e-06,4.795089978561384,2
5.200812785240214,3.2605799388549106e-05,2.5511120197505424,2
5.988463351013286,4.518231776215195e-05,3.920410249993182,2
5.232072299621848,1.1574237839191438e-05,4.850994519537586,2
8.653030082788849,3.937670727427547e-05,1.9141190257209773,2
10.502578621237955,6.966632908406515e-05,2.2346167633240204,5
12.263113105023738,5.9885441365670086e-05,3.9610426206940437,6
5.803545520334476,1.0131705091808705e-05,3.2726005024741998,2
10.830582760282638,5.940513190823519e-05,1.9835690142189186,2
8.57397789637205,5.839093354778015e-05,2.5196343667692913,6
5.0539170799632185,9.143154302550031e-06,3.4804347131571918,2
2.6736079279207674,2.8571783985408258e-05,1.8346995696785315,1
8.670295309916527,7.730416433857788e-05,1.5717347261406798,2
9.73995883919502,6.616836098975273e-05,3.681272823162569,4
4.407647473901706,1.4193865031933929e-05,3.0409899734156083,2
6.741838047608693,5.627411930495092e-05,1.1101387646696,2
10.263981417669623,6.04825346449229e-05,2.944136011166975,5
6.033295440104986,1.355641038178751e-05,4.051635026092547,2
8.748431700052446,7.062615812336133e-05,1.2035529548739703,2
9.887826094399394,5.3164917424512845e-05,3.046639936667738,4
11.209884832435623,6.0940613722748677e-05,2.733633201183416,5
12.242459790359236,7.675465116242822e-05,3.65298847164902,6
4.26635531021404,4.6875129538346615e-06,2.5465243401624535,2
9.986007883741644,6.019229669873148e-05,3.0992131746405867,2
8.176115930096993,7.376287503514167e-05,1.9886296944125055,3
8.362476386681001,7.309448101872892e-05,2.218607684354887,5
11.586089670560536,7.274479179315926e-05,4.921837011949222,4
4.142161377608888,1.0644944248341526e-05,2.6498598859153555,2
12.524245087664632,7.733664052596565e-05,5.116158438083102,5
4.139801340552129,2.1445243491016536e-05,2.1629192894491105,2
11.877336246124255,7.741245307933234e-05,3.4861169239479217,5
4.028538584390436,1.907092416219271e-05,3.3713578107025475,2
8.789976671447917,5.335981637528449e-05,1.8428008163609246,1
8.265072605234257,6.170733854531054e-05,2.382272266144136,4
12.68371609101518,5.477847184356447e-05,4.519566976318384,3
10.353658111083561,6.675795246178143e-05,3.102180073158213,4
10.737655810471255,6.067522204285109e-05,4.4543285660492735,4
6.216952429799075,1.0859506245158992e-05,4.246547027684564,2
9.538498366344598,3.5209391735705094e-05,3.5829677360989347,3
11.254346015705329,6.463350661625972e-05,2.607727008750656,5
6.195435059884227,1.5892041858654868e-05,4.619947578853536,2
10.278368611565087,7.301738415167214e-05,3.2591267915306537,4
11.2398778206062,3.365056027403068e-05,4.516965658952992,4
8.170340056250367,4.8581156151358047e-05,1.9566674890838947,3
12.864417455720643,5.544118736180468e-05,3.6207138627137776,6
10.753974396196075,6.476566935751932e-05,1.740734149078831,2
3.775233170404551,1.4154464027268975e-05,3.0974062630795722,2
9.418453679650366,6.680751685373081e-05,2.076635986424094,3
10.581611867566473,6.872027472118557e-05,3.8589270863669687,4
10.16608122813236,6.089539722489323e-05,3.7820320840692134,4
10.074530397869239,6.182024380482637e-05,3.255381455893959,6
11.22928389955819,6.54445727280246e-05,4.275710840899051,3
14.498502143802202,6.693005246657855e-05,5.3343868147933735,6
10.403539018693774,5.8620493006135656e-05,2.3697777426803266,3
5.283760770971582,1.3849301014270844e-05,3.578234147266649,2
4.218928289073375,7.053302159484646e-05,2.300163117868701,2
10.708942616666114,5.960375563185575e-05,2.7589402286857014,5
8.643617673755797,6.968612189142122e-05,2.7053215928802885,3
9.611228274503109,6.109589592879151e-05,3.1687637039780485,5
3.961966006420499,2.1548949113674105e-05,3.069218927286961,2
9.35898393064548,7.121714169744733e-05,1.4142187172364549,2
12.284846213671923,5.979607362312068e-05,3.5916147846315747,5
10.330890144855973,5.791298847509419e-05,3.120156546759438,3
3.8936453895443313,1.4150425455444623e-05,2.4931634039368715,2
9.78731042712865,6.276557016873052e-05,1.245786802490958,1
6.551200784977604,8.46506353744639e-06,3.550011670179307,2
3.09074881834671,2.861424335577582e-05,2.18185099887775,2
1.9770804657683436,7.733743934865573e-05,1.4415433064142535,2
4.631491556775299,1.1979131650319791e-05,3.811190673312387,2
10.598581968350231,2.904754908881345e-05,4.065619569553592,3
9.31759342249717,3.701625680211093e-05,3.099260534971919,3
6.972895402612845,8.295969194661637e-06,4.662745796988366,2
3.9461964674562617,4.359625754141854e-05,2.164076262766033,1
14.01317805877816,7.430566465489014e-05,5.069726115880008,6
13.363599586898737,6.0521464585366806e-05,4.496228895784187,6
5.878704699962275,1.9366569174474598e-05,4.873772519490659,2
4.009133911576051,2.90320531081545e-05,2.2046128141096917,2
4.69466473283407,1.0284320690651648e-05,3.602395024227002,2
3.3965181099962045,3.065484190888689e-05,1.9070065847043791,2
3.7714458581833292,1.8941659572595732e-05,2.3424871771104567,1
12.268187622782394,5.443576098989824e-05,2.269789702758882,4
10.85094778090352,5.902966459827587e-05,3.856940946793391,6
11.372936966978315,6.063319856525246e-05,3.030896575221495,4
6.651461680085703,2.25247847006561e-05,4.244489271981195,2
9.868309818746361,6.82676808474709e-05,2.167051042750968,3
9.295339194897267,6.104604199319413e-05,1.6029662138137155,3
10.046831169115903,5.850783902478806e-05,3.1398367912766267,6
4.113007875775447,4.373422420193541e-06,2.081854136031927,2
2.345064982269465,3.230223186133329e-05,1.0764374322820127,2
11.448573284669106,5.959960301163765e-05,3.5188865881307567,2
8.53624325011722,3.006590969486326e-05,3.157221742281613,4
9.899634094576985,7.156184708253969e-05,2.804027481559973,5
13.405558474678616,6.625571037361888e-05,4.289698093418668,5
5.679741315815781,1.7989679323665703e-05,3.846512070206672,2
10.226002032317092,7.478853661302003e-05,1.686909009589914,2
11.33584531884998,5.725978337003146e-05,3.864241547579385,4
4.115806490079455,1.1327585231393555e-05,2.93793900382558,2
9.4844488116007,5.904328008693343e-05,2.2359430404950684,2
5.436224898212492,2.7873423021617703e-05,3.541869085594035,2
11.886156349522917,1.9988184205266257e-05,4.8671343458489424,4
10.92232721980507,6.786688083955827e-05,2.061167216663862,4
12.466288588927787,5.7776328537949304e-05,3.032311819803268,6
10.238293485496346,6.149234817013222e-05,1.721656705143296,4
8.73285547920159,6.146741460739997e-05,2.7753186366060154,3
12.255523654603493,4.810889700406884e-05,5.4130331517623835,6
14.483608154961003,2.1777425846374502e-05,5.826835676341405,4
4.592813061279573,5.493958653233523e-05,2.0516988404150207,2
12.942019372851057,6.0730734942364375e-05,3.5690340789402657,4
10.656574316788523,6.414878923352761e-05,3.7926068053778286,4
13.78958303649578,5.838313116767148e-05,3.4492264191663886,6
9.740327856460317,5.733807561831252e-05,1.5998382998805056,4
4.352375472370785,1.5059359148028794e-05,3.8673370164510708,2
13.411802079578385,6.197089645404501e-05,2.250645085840385,4
11.234167223425105,7.030170526207135e-05,3.202015949832197,5
13.48314551770288,5.0554208506926505e-05,3.8780426327229724,6
10.785183101983723,6.015543992672307e-05,1.5040966004769558,4
4.828895532008628,1.08367225327048e-05,4.196057922341874,2
4.007421646008099,2.010647195006085e-05,3.0669973583884786,2
9.330535669635399,4.5450030832976004e-05,1.6792645662263261,2
10.444226889549743,5.6347359895466775e-05,2.7858706263006026,4
10.354220569749042,5.9331950951172555e-05,2.8846032068663776,5
12.091808495678343,5.695021009799652e-05,3.8511299612917087,4
4.4365318880022295,3.634772655078033e-05,2.401075127016063,2
9.4909699367512,5.735843764397271e-05,4.147443881203472,4
5.937086953176779,8.668880218879302e-06,3.7703030657396743,2
12.389384169973983,6.153948656061035e-05,1.4079214505715218,2
13.901929793279416,6.046103303590778e-05,3.6071840104970585,6
16.0802413932225,5.5055266519189714e-05,4.4253445667392,4
11.342690591884235,5.213809541360228e-05,4.754871831185117,4
11.29125293693043,7.057656488203734e-05,4.301605020090989,4
14.383946192692518,5.448015480234616e-05,4.4498032206553795,5
8.269084982391982,6.461827927567047e-05,1.910604185262379,4
4.420657200130451,8.076901955692556e-06,3.8262002526814207,2
3.896620011090803,2.2693103442521816e-05,2.307248325415629,2
10.499828155078834,5.835036465766888e-05,3.4748537511705324,4
8.615153916325248,6.278786697571766e-05,2.0897513997530215,4
12.711390353459638,6.3383567108756e-05,3.6600498383692317,4
8.214196186375629,5.5879976364654495e-05,1.6213414343758652,3
8.133362538310227,5.0703281622936714e-05,2.615187259362555,3
12.995142928439353,6.446185919099079e-05,3.6612064210329116,5
4.462503116875864,8.391529859697633e-06,3.1717188952178343,2
12.885694686857695,6.0757703779528376e-05,2.302555937339805,3
10.88407137290435,7.208764044890681e-05,3.166895244500527,3
4.318745765297281,9.249551578614648e-06,3.137950736714136,2
7.431182453063659,4.8608605235056835e-05,1.5437544407216455,1
12.072978754500824,4.097593333955608e-05,3.5374031642912547,6
4.578947953443354,2.3108661740292333e-05,2.172547462095525,2
3.2278762074793126,1.1158093110342365e-05,2.597881638775256,2
3.345034756076152,3.5962156351516646e-05,2.5450565469754096,1
11.056440511946384,4.63970200677206e-05,5.054948725767404,4
14.68227418442283,5.3543659429446485e-05,5.580115586714417,6
11.00756966937584,6.408256336563045e-05,3.1507783696012126,4
12.624760236669175,6.218119676493827e-05,3.364080745309436,3
10.662449236327092,6.176551297089564e-05,2.4971658377537325,4
10.246237749601642,3.5850373607390444e-05,3.281112951995482,3
10.559843198502136,4.9144508941515826e-05,3.020783635040976,4
9.520148613026338,6.313554539848377e-05,2.7299616649823983,5
11.271095389539887,4.7781174072442274e-05,3.4643292783274378,3
10.431287898647902,5.9626650078909596e-05,2.110157770588531,3
4.557934541096705,3.230120612228953e-05,1.667820632811466,2
11.50621419053432,6.511824237076878e-05,2.124132611699379,4
4.478495405462952,1.782255323416884e-05,3.4681843635076923,2
9.042266629139236,4.3885692713904125e-05,1.029833763567217,2
10.543545249099301,6.79440123507639e-05,1.9563299132677032,4
12.92463527991001,6.555684165170129e-05,4.766384838343187,5
11.526865211851666,6.883327860290436e-05,3.563851789128279,4
4.853217338807824,1.2509759837213424e-05,3.0436222282669023,2
6.2223354013090715,1.1957946807849954e-05,4.439013129391974,2
4.165630073556534,5.086897720433444e-05,1.8993349266549526,1
12.421084491653389,5.952515711602712e-05,4.351227883279266,6
6.292601124946199,7.86806366386796e-06,3.141279801999308,2
9.669979813596917,4.246515715765243e-05,2.6965828522389694,2
11.431625921225264,6.810654075262032e-05,3.800485695568608,4
4.757329387582671,5.8874924201919106e-06,3.376444885380322,2
2.7426961815333417,3.4550491165164624e-05,1.357858630515472,2
7.473945369183038,5.4406570300807535e-05,1.4247723755039123,2
11.083692351844274,3.958593109997409e-05,2.530895487871101,5
3.733731052067591,1.708988877535049e-05,2.2362379578773854,2
11.62859458218043,5.9722522714663e-05,3.31879653397671,4
8.607663506680437,5.9281205656352215e-05,1.3361115958500331,3
11.497988371281753,5.494957011224234e-05,4.352208018210012,5
6.8147903160228545,6.302627889378994e-06,4.106388050767254,2
9.863606676862876,6.129734175990811e-05,3.733721574870552,3
4.053517758204805,1.7646712214026165e-05,2.8769527474814995,2
8.460762703263875,5.939348134012211e-05,1.4697270309466555,2
5.480923629860171,1.0493697760385511e-05,3.0535206700492767,2
9.420680000185925,6.09986753527436e-05,1.2977680412762846,3
3.510429765374196,8.036518891133271e-06,2.343865480550448,2
3.2583057093240644,3.3260808741995665e-05,1.6507065629720847,2
12.261130651800018,6.135029790198939e-05,3.8457323473358427,6
12.718968011772771,5.690529592485393e-05,4.069102093613221,4
5.133859644563304,1.1094711078567175e-05,4.010214470125098,2
9.62202619723458,6.612539681173012e-05,2.057516139478976,1
10.044063966905753,7.308022738259001e-05,2.2169127399046475,4
3.5658942806196627,8.626889899182943e-06,2.3366125558212625,2
13.549962850620442,6.010387781758236e-05,2.6060302503474215,4
3.3449360702660655,1.3708976733887905e-05,1.5665417628107756,2
9.972183152468958,6.849857785454054e-05,2.6211704024659994,4
10.094750446420033,6.0521178220452074e-05,3.674945741558858,4
3.1775987427684504,1.1629271544731143e-05,2.693819607426231,2
8.448218802421138,5.5229092036596554e-05,3.748507137901926,4
4.2163449860786555,4.057550856014215e-05,3.475839812259208,2
10.17290860545701,6.803063933422691e-05,1.6469593393170086,2
13.721549051494218,5.9334498727851455e-05,3.473138979473267,4
10.600769256278891,5.932445192840457e-05,2.279337449030037,5
5.701688205425121,2.2567239275517144e-05,3.3732630305953095,2
9.815482186142027,5.6716434380056715e-05,3.254460852319728,6
13.35864905934061,6.419583048159901e-05,3.963871947013348,4
11.68078860589819,3.6359800595658224e-05,3.2671823230750365,6
12.67148178441865,5.6082587758370514e-05,4.1535745734479175,4
5.218416717187047,4.6693952632382194e-05,3.5721559238449494,2
8.098326406734563,5.211406155281969e-05,1.4080084662029735,2
11.202126077782783,6.45023306319115e-05,3.191207967019505,4
9.704531530503957,5.879786466653587e-05,3.8506484148650064,4
5.454511413076185,7.049104924087907e-06,3.5587288084232283,2
4.603112075242955,3.232363816498521e-05,1.3721800411616139,2
8.857542792187562,6.606996466976375e-05,2.097045189784836,1
5.153521464482072,9.445459477066514e-06,3.428360662844111,2
3.224373266846933,6.638033099905359e-05,1.6037312187034245,1
12.292789618299697,6.61012456360034e-05,3.1319942315064413,6
9.60654226841917,5.8225120335426694e-05,3.241435968779344,6
14.798737278024452,2.3572637986939022e-05,7.338548769019548,4
9.245041442683755,6.146875281485139e-05,1.9562002399297391,2
12.582141608203854,5.6823795791791704e-05,3.1799572820931408,5
4.472338314105632,9.120345753357542e-06,3.71306262682692,2
10.77698145822122,5.30483674007376e-05,3.420957737037064,2
5.1853258766058925,2.193837582393489e-05,2.6022364219141165,2
9.347564578960277,5.7276800068371964e-05,2.4818324239263507,1
10.393757809563624,6.406374888203066e-05,3.7333050329620527,3
11.16972748244345,3.626510306099795e-05,3.6516629051453906,3
4.012568350717773,1.3464796804165846e-05,2.5444985648588174,2
7.107662159719141,5.943223077218427e-05,1.6963587546313534,2
11.23142906981187,5.610546837889438e-05,3.1989997857408934,4
11.419676173175038,6.181946159038274e-05,3.989076403985158,5
9.834157445606866,6.444888271531961e-05,1.2728072751211252,5
8.484133118098201,6.793477804608126e-05,1.7894588621873204,3
12.018066556892522,5.7391584893323986e-05,3.784621547137521,6
10.535481137212448,3.452569416081316e-05,3.5361775092377057,4
5.108512418380991,1.3833817882915919e-05,3.596802210396196,2
11.664125109089102,6.290818385999941e-05,2.773700296485603,3
12.697493628829344,5.791286157698757e-05,3.218917653378191,4
11.88187375181575,7.998543381300974e-05,3.1491512743123096,4
9.90105857890797,2.619336279870835e-05,3.4019477329774572,4
10.451160506993464,5.8905671196639134e-05,4.001432657842358,3
11.820199457733459,6.310574704765831e-05,2.9743166830510566,3
4.793161615355863,1.817468660852069e-05,2.947406621446107,2
5.507899960384668,6.242311213671874e-05,3.9862763586849495,2
11.263824869975156,5.9062167124283005e-05,2.5024424528566493,6
12.833710387750813,2.7686502718565085e-05,4.318271758652527,4
8.663788319038133,5.689047470007278e-05,1.446993284853547,3
3.9774429128453956,1.3562036063929275e-05,2.1956794957464782,2
3.3910854766526426,3.4208281341630286e-05,1.214385634796234,1
8.328875222606719,6.592538109874007e-05,2.013061622573505,2
11.20066755063348,2.775641496151759e-05,3.8466812559332375,4
7.8428315203305194,5.3488982886105106e-05,1.2290553449435748,2
13.114195603515217,8.930831947534308e-06,5.47131460406434,4
7.549018048279359,5.451236882196394e-05,1.1681452281647626,2
11.766776006936656,5.3279560946894027e-05,4.187241885407721,3
5.364698658885952,1.1166861677123708e-05,4.664174893828484,2
3.5420912934284354,3.877664026144766e-05,2.346577717958383,1
11.656587028026857,6.306922546906244e-05,2.3730227635923202,3
11.86256101938807,5.569311373080081e-05,4.580044936297252,2
10.893648848721035,6.519750514603621e-05,4.013851863165747,4
7.932817742373658,5.2742154970329434e-05,1.4748547588224479,3
14.17481738334347,6.335928565461674e-05,3.0593899881503974,5
5.210247965724382,1.6981264410547187e-05,4.251615992663057,2
12.047982859402925,6.140850320416751e-05,4.313591330444326,4
9.79561540627449,6.506624097514196e-05,3.1788962044473905,5
13.940796516473815,6.725925018824218e-05,4.335165896275411,6
13.019216223835869,8.550724664083123e-05,3.19792275593654,5
12.102502117351671,5.4449119696888563e-05,3.843843971787434,3
11.05076929612392,6.747235615952442e-05,2.923346161378707,4
2.9255824195724154,1.2484781565166025e-05,2.0991513528414156,2
12.82547183572215,7.35321491699838e-05,4.761888846271487,4
8.889127016261568,6.707043847481206e-05,2.262341495524025,6
4.293854556282876,1.570640775374854e-05,4.181703946961384,2
2.8795330881213306,6.06706154706822e-05,1.2813916255141753,1
11.66791582939189,3.575053980094165e-05,4.101810991437736,4
11.056893562175912,5.5316767704589593e-05,4.483426831452126,4
7.517064530634223,6.950061395558557e-05,1.7678048947770253,5
6.948785277901584,1.5071062080300309e-05,4.4149319505735445,2
2.4502225753152946,6.47825166219589e-05,2.118945952489876,2
3.4590779941546153,9.106343154469452e-06,2.6704967163468876,2
3.0291579837535036,2.600861377388281e-05,2.765534623252601,2
5.1948666148201905,6.689016992370187e-06,3.436276629989649,2
8.314450572465258,6.32865017611151e-05,1.2329537796650485,2
4.754842317011503,1.286033092176028e-05,4.405322461215359,2
10.2123436847801,4.7798427418404433e-05,2.5857116597520187,1
7.548521154587045,1.1859328970852415e-05,3.87250804828749,2
8.812229518512824,5.594297672192082e-05,1.877680362702538,2
5.670501358428813,6.735715118379015e-05,3.860980833285368,2
11.034295825909878,6.557021655200151e-05,2.285138468765905,6
10.262760863014858,6.3426061888605e-05,2.8795829486737454,4
11.88066274692612,7.007801048378919e-05,4.263436012312864,6
9.434074621817343,6.34304012449398e-05,3.8063838227115125,3
10.243009353664027,5.5880168497039265e-05,2.4039917459136255,4
3.017260972528878,6.322450373440302e-05,1.3868722057113636,2
9.57488580392264,4.6508941825080025e-05,3.9072801120826295,3
9.638117627461394,5.983532616524511e-05,2.1571764623206398,5
9.30558862920476,5.392239648764363e-05,2.481503662790538,3
12.374898935443372,5.839863088500862e-05,4.1338523071092315,3
11.866981798133246,3.337122226260798e-05,3.305403523680406,3
10.249002288916811,7.224271533704125e-05,3.8976203605328625,5
4.884366643621154,1.6818777458425445e-05,4.2650263789688765,2
8.95940745432867,5.89866084709586e-05,1.5127451728424408,4
12.818426652024247,1.7018374156519534e-05,6.48002440650494,4
9.84279026939962,6.331878365130054e-05,1.2707022157645635,5
9.554038821278784,5.733184025637595e-05,2.9367017400186066,4
12.659380194711822,6.918770783626046e-05,3.3060435134359727,4
11.491784661976038,5.5074299557080186e-05,3.6392840360077825,3
13.310382006278346,5.652494494940427e-05,3.9174774954977236,5
9.168364735172553,6.878922866882894e-05,3.873956337106835,3
8.754660551777581,6.432838623530162e-05,3.49841198075189,2
13.296607078070174,5.4501308759030684e-05,3.250087690643321,5
11.704357801130428,6.247165968236997e-05,4.362425209137999,4
8.609064439372839,6.856172294913447e-05,2.8741085023968,4
10.152433188766429,7.752614382761787e-05,3.544813909507446,3
10.259585641445105,6.393431055015897e-05,2.183973564603327,5
13.063749218664782,2.34622771812401e-05,4.046504918235673,6
8.889391884928964,5.600462812416509e-05,1.5567292889943798,1
9.667679117924461,6.605262307485145e-05,3.0810591193718966,3
8.81373881820819,6.2586935590639e-05,3.911677582094603,3
4.657734747354529,1.2240449964527308e-05,2.94508413340344,2
8.397804108703294,6.597656708310104e-05,1.5490699713784966,2
4.519513142381105,1.196623080282439e-05,3.119953223375964,2
10.975103122302333,4.847893702057513e-05,2.6355143338406215,1
4.130791770624596,1.2732431606828791e-05,3.089230425258952,2
11.226721651510147,5.9335906029234196e-05,1.5990319758739013,2
6.090085874533972,2.0571613002215805e-05,4.652300878518872,2
11.617262760515207,6.068710916496844e-05,3.547592929542417,4
6.199832523952579,4.541606627786702e-06,3.6377897274067856,2
8.581522352771458,5.175281019068173e-05,1.8399551580366365,1
11.892911037470203,6.561045687434417e-05,2.928535702704195,6
3.462987287273147,2.1968011298405473e-05,2.9148949327847724,2
2.6691523997227002,5.1125850527877534e-05,1.8720068099462281,2
9.313103486205407,5.931683861497603e-05,2.3397210206700905,3
13.274280292577103,6.617883317966715e-05,4.827123052579269,6
13.430277780050886,5.9175033344029843e-05,4.961261972583663,5
4.17243652507444,1.1794206190189128e-05,3.251843677670265,2
8.805347644512459,4.1915687620648275e-05,2.2461955372055504,1
9.438929521980516,5.795925962121068e-05,2.6186530015574734,3
10.348605323269071,6.137695884311887e-05,2.3847772204404962,3
11.094107976350262,5.591948260571331e-05,3.837871693055999,4
12.232129518190437,5.0539973974787654e-05,3.9602745198729634,5
10.285978336434246,7.011756682758931e-05,3.30029754757951,3
7.7332897042594695,7.755741182910134e-05,2.0583059265162067,4
11.902864151985485,6.365564837608642e-05,4.666873119562183,3
13.385254194286247,3.950653322814166e-05,4.999840415322287,4
3.7467468870618506,4.201485643992787e-05,2.0418708429642027,2
12.592717331777564,6.503997873854782e-05,4.229610689783005,3
10.316592660726293,2.5591110709409318e-05,2.9938545312512135,4
11.232821308289608,6.768256862534827e-05,2.433277667933249,4
12.624542359115658,5.51983029863933e-05,4.548738848908016,6
10.44777642471516,5.665489552729791e-05,1.6219688501895946,4
3.891770386124391,1.2515563157348972e-05,2.6504876645868802,2
9.453466048489604,6.659254327066343e-05,3.05980102242164,3
11.283451312476862,6.923618926173957e-05,3.450146218893674,3
5.4638103191371075,7.857171316374021e-06,3.805232856700759,2
3.2256512143887233,2.754126210719331e-05,1.541992833337328,2
10.417564875311289,5.543241178660973e-05,2.795521711934107,3
9.240945347566473,3.2906928998094794e-05,2.703798923833832,4
2.3601418128918246,2.743796163847842e-05,1.1667965607883404,2
13.386086897115302,5.116694480853026e-05,5.154611436193028,6
14.42694011751194,6.097076703388077e-05,4.014103093294056,5
14.329779517519448,6.550820338663312e-05,4.101595333945884,5
8.979019952924865,7.256880272466747e-05,1.9396974837685153,2
6.622128391105809,5.0948579576750485e-05,4.038978000650295,2
10.248036945177159,5.924983085782627e-05,3.452020914258311,3
13.065485915036103,4.9651303737185064e-05,4.723438467076032,6
8.675609484291675,5.755363085419711e-05,1.9845724857500513,6
11.484318963088118,6.0339858165582425e-05,3.3025779890596043,5
4.091572425024788,5.328065679559626e-06,3.432063068343341,2
4.34739751153278,1.560633656885191e-05,2.7051753621419077,2
10.865904512741412,6.560255215499215e-05,1.7597752876374329,4
5.760900435564812,3.974995175941322e-05,3.8965359970831557,2
6.527884665821061,9.106782783591484e-06,5.064127580943913,2
11.295125689376173,5.6910646474082595e-05,2.746445249580785,2
11.064656013274762,6.580676491496531e-05,3.6848056910731444,4
4.736610546839003,7.723031875485665e-06,3.1917646655670397,2
4.379804144008547,7.37054751108603e-05,2.7172014429280074,2
5.243268272692842,1.1589747467732681e-05,3.4763759350742762,2
4.941685661682792,3.5995652129212335e-05,3.508562555252346,1
8.731031066445498,5.888371094308107e-05,2.2412866451782696,1
9.111499957441222,5.904607177851464e-05,4.2132690812589235,3
9.837233686513317,6.72247844361051e-05,3.5684293522622665,4
5.130875321550789,9.09131691434042e-06,3.1481497539356424,2
4.36691601353098,3.622077791097829e-05,2.8697938640612586,2
10.562463733120639,3.612725097146282e-05,3.1265620225873443,5
7.7148830565220585,6.84877104291577e-05,1.6782192839306838,4
14.491406017121644,5.723532219707284e-05,4.5841366807069654,6
13.249960052200725,5.332031079483898e-05,3.8837226151805817,4
13.695520821584342,5.944807211468111e-05,4.1134044446411675,5
10.127522211560818,2.415682129980293e-05,1.8412958074193218,4
10.095082799240403,5.8969371831863216e-05,1.7635841738239537,1
11.768518291005966,5.897646773530167e-05,4.444179966216534,4
16.915920673893435,6.849811084974733e-05,4.855708995348604,6
8.66237819299446,6.908602082989428e-05,3.030005675860583,5
9.84973585882846,7.658722847660202e-05,2.9509893833661804,6
2.989094802701957,5.9107193603496734e-05,1.9325748565778347,2
4.104973787640799,8.879356361050468e-06,3.189142902611554,2
8.582685660993873,7.22658450131163e-05,1.5044452555981094,2
2.9340574910303285,2.3851545078667003e-05,1.7483306933726497,2
4.327283989954368,1.1602099927927786e-05,3.2222230323497882,2
2.557632305494616,1.494469026992225e-05,1.426754097068161,1
6.857647200507277,6.831305689951011e-05,1.0191021692338358,1
10.542355464701089,6.186636388517515e-05,2.774092965061123,6
9.959164770262333,5.470070390131243e-05,2.4003998756985583,4
11.87531008824479,1.694755779226619e-05,5.055770603972656,4
8.04156095129796,6.213713685480549e-05,1.8311754457095581,2
10.738422124386503,7.12996522972628e-05,2.708795366969665,6
10.992647146335699,6.314058864632231e-05,2.9828676534111476,3
8.772173789359906,7.064083297834713e-05,3.1109886187352935,4
12.355754007596675,6.550701278336766e-05,4.202580382633887,4
12.073150671223361,6.806721440913821e-05,4.470159749618313,6
3.657010568327544,7.609074450734538e-06,2.7141548177010115,2
8.753809571311908,7.182427307592542e-05,1.7811112167172478,1
4.572647405416658,9.761861505465807e-06,4.408310982308027,2
7.548127926466387,5.9892145183363746e-05,1.70122554548425,2
13.117826551494588,7.179237924570006e-05,2.6608592161644835,4
7.226263661764012,8.657579822872406e-06,4.555811507109604,2
8.834152657745523,5.341011107672126e-05,1.6975059741030927,3
5.164305558792912,6.323754583961208e-06,4.118968566331314,2
12.405834673762293,6.455797365557443e-05,1.993057253097278,4
9.276350604825593,5.237367006809135e-05,2.4323299044372533,4
10.282254412062661,4.861536256979718e-05,1.7093603661418937,5
14.344871283402684,2.793216661558751e-05,7.258637925175819,4
9.722833492382316,6.387626405885976e-05,1.236268986986047,2
10.354774625535327,6.400699007885962e-05,1.8652411952030923,4
9.697370701793204,5.887308991143662e-05,3.9386531421242923,4
11.013057115419674,4.038678671038573e-05,3.679402691702508,3
13.065220931993263,6.05434972723435e-05,2.470331275787567,6
1.9383826000052624,2.4385985153672538e-05,0.9284239636304484,2
12.746936033552052,6.062599051546418e-05,3.2897120445956634,6
6.717868761773774,6.160084104331932e-05,0.3754755952120248,4
3.9489593944709105,1.1176316614179757e-05,2.2658436904302324,2
10.745949721142491,5.421487041293882e-05,1.6485230971574758,2
9.277932600825446,5.342692619783744e-05,2.1391754237468734,3
4.8715271085692295,1.0450786102822813e-05,4.118241980591382,2
10.660433648786722,6.2248278405667e-05,2.661926450103522,2
6.8937777065431955,4.717624750144829e-05,2.1044687118228103,4
10.395259879024032,5.527693422327355e-05,2.8380182304863992,2
11.063808361852294,5.6199512361802916e-05,3.7836446922458657,3
3.8583937542695095,1.1652593630673473e-05,3.08705616786272,2
8.54320402484192,4.364331001385105e-05,1.929781483639314,2
2.7156027508517218,2.0642299993403528e-05,1.7350366298781155,2
10.269163038690404,6.831628026081961e-05,1.5376835727764748,4
14.204585794321755,6.233184904124546e-05,3.7679613875646814,6
10.520997217643698,6.35275960822735e-05,2.4937373972304977,4
5.422431712177994,1.1927253811998331e-05,3.179001319322295,2
3.5608609918441916,4.1812020882666106e-05,1.9610007622947694,2
9.563419179689555,7.891549695411343e-05,1.9398207870771682,3
10.403026603568913,6.287096344309013e-05,3.224092617778406,3
9.437560396959677,7.780849475582057e-05,3.093144851973096,5
11.402190267088272,6.337577118845966e-05,3.6222038923545474,6
5.5269515965389715,8.636860396493421e-06,4.430273242828701,2
7.442974450457452,5.686811143345598e-05,2.0302331233949773,2
11.56965627248677,6.89550141368215e-05,3.47353407132747,4
8.078495388347076,5.56050298184775e-05,2.8323317538288295,5
13.011125644292761,3.97358994627451e-05,4.496786456273812,5
3.229441257599122,1.7841378495065192e-05,2.5269397207379436,2
4.964845001277568,5.9007174865952216e-05,1.9434297192393464,2
5.136240614228388,1.6947412419718245e-05,4.464290464182893,2
3.691023074950748,7.023628848325387e-05,1.9774730584200886,1
11.944239432043277,6.812993612829989e-05,2.9507959969361215,4
2.6284224036509856,5.228964260688062e-05,2.1856715520659598,2
7.627577459026448,6.792225198463432e-05,1.6880727086449876,3
12.867402836526493,5.845113962327713e-05,4.86941456300579,6
4.11534018469214,1.7103659061522844e-05,3.1174782099559417,2
2.919990587893959,6.165473913194138e-05,2.790878570859706,2
13.396593223883617,6.292012948382992e-05,4.771416884129367,5
9.467695234287909,6.723596355118002e-05,3.451756471351132,4
4.261735913238505,6.439937018648835e-06,2.3255637290729814,2
11.563889704956534,6.0857573224483346e-05,3.1995475390004886,4
4.8039162658278,6.685257012941814e-06,3.2391312222136186,2
8.164070085959278,5.6249485933795274e-05,1.3776859567725226,2
5.073374130473196,1.1234001609383941e-05,4.129548678753195,2
12.6838594549215,6.266611143119328e-05,1.819582513407251,4
10.367761169281021,4.827200777267194e-05,3.7809142169463477,4
5.658891699560448,5.920734896445001e-06,4.189929294897689,2
9.881805238771657,6.659025462485681e-05,1.4395752536158826,2
4.3448599160392325,9.5802217658914e-06,2.3122346609766278,2
7.327342754330999,6.0368024367641425e-05,1.1663821391698732,3
12.847640281940777,5.4589920702015586e-05,3.5078153230846203,6
1.971199047227283,1.6933566400359244e-05,1.261693321027673,2
8.091362065733815,7.183431143930489e-05,1.763096398286015,2
5.240073431267559,1.3401063768941824e-05,3.585430354051412,2
7.937637237435236,6.10674177846302e-05,1.4483758960304312,2
11.835509029446309,5.429620481137926e-05,3.519775355683529,6
4.250089691084782,1.6850076027521182e-05,4.069586507959581,2
3.5522424724092443,3.2364839393675915e-05,2.1181985185276786,2
9.4854751408144,5.453343509476778e-05,2.4671844173732507,2
4.998562364596985,1.5036921309122545e-05,3.212500327966146,2
8.081453878432097,4.1243830032733746e-05,2.447914369591561,1
12.586629454353844,5.384167313512732e-05,4.608631531536863,4
11.137558336210603,5.1205111477718544e-05,2.7582576761162327,6
11.171783431541368,6.388540693607402e-05,2.959071325638397,6
7.194190004533016,5.707542952113173e-05,1.3827825252000885,3
5.725004519279795,2.5003716698019682e-05,3.5959577386520607,2
9.33833193165435,7.115255564494371e-05,1.5961566087040637,3
9.193276363673252,7.480555406522432e-05,2.2983734808866836,4
5.63004471050156,9.811897593133654e-06,2.8332669527018557,2
10.623762013496954,5.8487309941966e-05,1.9906111770778196,3
9.001829295652913,5.688033797783802e-05,1.792589008311157,4
10.697701672251894,5.983636839972601e-05,3.586775199575775,3
9.153623150831454,6.354447059451384e-05,3.247794474322946,3
4.607403493442887,1.0204971922241645e-05,3.4216238738720284,2
11.728758439562476,5.2687599150841115e-05,2.9049847457895215,2
10.314792451482834,4.086103556110542e-05,3.0160677461564798,3
10.086623151402929,6.363047135844461e-05,2.3558196936376277,3
7.625224331290712,3.903882026097258e-05,1.6161442007791156,4
8.860770052852322,5.882471035019789e-05,2.7770370960200763,4
11.538648718126751,6.476273951161074e-05,1.327751587363743,4
9.97020466562753,5.7598717183164154e-05,1.4021661469411568,2
9.466325040154633,5.278872062920307e-05,3.4727762883161377,4
14.923147747948004,4.790022564593427e-05,4.555615447974516,6
10.61489852985364,6.106211548725381e-05,3.4624662885612967,4
10.902891931611379,6.843000121105145e-05,4.0038594663893186,3
13.944745162508644,7.046228416415318e-05,5.517198641587745,5
13.4766628309639,5.12769867462712e-05,6.4760715833483955,6
9.621671031094937,4.6648340150408983e-05,3.4069576424965176,4
8.458330071352412,4.5453898069738374e-05,2.6753686722485686,5
12.96698732623043,5.924266686761523e-05,3.270012136054809,5
3.8346849006121424,8.255761903359674e-06,3.719125774933431,2
10.644666910916536,5.6709018718857656e-05,1.591767235813322,2
12.690822499487922,5.7520641504701964e-05,4.450294686757152,4
4.691818154280487,8.267478479942558e-06,4.40895646612838,2
10.305356795848114,5.5073931217401224e-05,3.1636889835596835,3
4.414717898128116,9.749245295341328e-06,3.1583528294893823,2
6.506808002918911,3.8663753038927946e-05,1.7821924105794427,2
10.024599196715757,7.066957141783598e-05,1.961136419313192,2
10.243025062485039,6.96043280783909e-05,3.046619543051837,4
10.699299991827553,6.833228136743614e-05,3.228273939254659,3
13.266319417574302,5.949811591766803e-05,4.59846526281232,6
11.83484017760646,5.5564507401645675e-05,3.421381675880435,3
10.617337598352924,6.586238017922689e-05,4.2735176258574645,4
10.04102270537464,4.974722971701002e-05,2.21575062929956,2
13.411829150516827,6.601328682308471e-05,4.563161228373285,6
5.3500623822730695,1.1332129418224756e-05,3.859180737417689,2
9.873122145077181,6.158865036617503e-05,2.5169800736122006,2
9.424000326187107,6.896856456380644e-05,2.8906142271306647,3
9.806482743159485,6.325026013739343e-05,2.6921615040898597,4
4.111746888835738,8.08148056348241e-06,2.9472916415139707,2
10.0983420616226,6.154455437771517e-05,1.9744362480288669,3
6.087092011510146,9.252737241908319e-06,4.644856994553555,2
3.8841082991659035,3.0111898702672895e-05,2.979750643990525,2
10.79149649080382,5.8675339156805535e-05,2.903962492237209,4
11.495708354916852,6.926249615350239e-05,3.6029780557650475,4
10.911448264632822,6.788681287645836e-05,3.9989048610384756,4
10.062055499361342,6.919980224224319e-05,2.398106973953007,4
4.9572800635633705,7.069440457650771e-06,2.889098626548526,2
5.122608761167024,4.092553529086347e-05,3.019695933084988,2
12.438923892213104,7.063317801830287e-05,3.9774665466864185,4
9.511564712200622,6.522117892181243e-05,3.194853214396722,3
11.258862357234237,3.999125812753599e-05,3.4373378538152597,3
12.094387059598105,5.6008519134020436e-05,4.105047949065838,5
13.589433000493862,5.511413600611703e-05,7.126734936274162,4
6.930983090019765,1.181023145949653e-05,4.096723257141665,2
4.3923900690671545,5.749776035026863e-05,2.292211826138395,2
4.771031937434014,7.0828910705127594e-06,3.1873506726897487,2
7.906871893454626,5.671514149694402e-05,1.3050865426323897,1
10.723889749027322,5.9797062261928025e-05,4.260083413630733,4
10.213620151085568,5.4419185141637124e-05,3.421163759962717,3
7.523126030379538,6.923103871765854e-05,1.1450533142916441,3
12.3202205537723,5.620077066864878e-05,4.512965085873977,6
3.39241151724404,9.968853895944521e-06,1.875588568208652,2
7.93748587275547,6.687268519186603e-05,1.159575565321259,4
11.95901701799605,6.713689729070127e-05,3.3387739860417245,4
9.63267718402201,6.348396443920191e-05,3.0562471989577604,6
3.9698415193004184,7.96038208886307e-06,2.6648271558484504,2
4.352779311521903,1.8774979025348865e-05,2.538453460964463,1
12.252291877781202,5.665340237777587e-05,4.061884630162791,4
11.054154286374722,6.351392883037145e-05,4.770770358647508,4
11.551953619556977,4.557514296680604e-05,3.359039729681818,5
6.606589687185578,1.1881238155427237e-05,4.310812927341802,2
3.9900938566578796,2.061848440872665e-05,1.8070075537569543,2
12.139850546682728,5.3786157634545346e-05,3.8418787284785774,3
11.92007749344219,5.822447622612481e-05,5.325701672956318,3
4.015169754297489,9.22044708423027e-06,2.9495956204995872,2
4.326450545346346,2.7110391982379572e-05,3.718488361365732,2
9.381527209093399,5.0519198283919925e-05,2.778545477339452,3
10.906325146854803,5.472881666941056e-05,2.7851157075341386,3
12.270751187781038,5.9176385624252125e-05,3.8809313829997283,3
9.937622797716868,7.120326617655953e-05,2.6893686773121517,4
12.514308210578253,6.565850274013671e-05,3.641333301641544,3
9.852807586725671,6.81769524321542e-05,3.332711157381276,4
11.933430097666475,6.544397591128955e-05,2.7943360110409428,5
9.140355023604467,4.537122259145285e-05,3.0134876797615466,3
5.224645542796937,2.5197896109173474e-05,3.627680991433091,2
10.83703259166454,6.149687966954066e-05,2.64960283814277,2
14.707422109316969,6.393438422159123e-05,4.625318800537986,6
9.762279657892941,5.823054411988904e-05,2.8271720263718185,4
10.848345216939142,5.6361090290179784e-05,3.5062272706289743,6
11.070398294093925,6.616893314718864e-05,2.3902451656716424,3
5.9674988746286,1.1176116914495005e-05,3.4444303973267827,2
8.935766154137253,4.844253480761518e-05,1.295654739631878,2
3.203672189491871,1.2213996584962479e-05,2.710030207027828,2
9.759826473554337,5.2193791673379027e-05,0.8169365817383643,3
11.734331933734047,6.46843578205292e-05,3.1875507146950044,4
13.284005920494963,5.9627157035371784e-05,4.871255886906365,6
11.085407578237774,6.252033650598783e-05,2.6607646048536955,5
10.871632950458514,7.43020706777573e-05,2.7671863788694027,6
4.087650423641851,6.791792460985628e-06,3.4589080757435164,2
8.735988574732025,6.416459199070107e-05,1.4179113511614438,4
6.174556838880798,3.668881523885045e-05,4.716423080590472,2
9.756207254616374,6.446705079786813e-05,1.3527479926854684,4
5.894861450162226,1.8753313819177467e-05,4.080610010417922,2
11.698849767929914,5.986834635039061e-05,3.7629181707284562,5
8.437777794619427,4.8492214966662576e-05,1.8243054887493655,3
13.46547572795748,5.750965240551464e-05,4.364121820660527,4
3.7394571777833407,6.0802418989325506e-05,1.7091650247562142,2
9.10518470043606,2.3994681226157384e-05,3.0670008018515382,4
9.425813951554765,6.212928124727762e-05,2.171940644216929,3
9.860202736922208,6.453610048544609e-05,2.0600055068459096,3
14.14909682347026,7.03546118214933e-05,5.3820234242660145,6
10.229040690333662,5.221969620940555e-05,3.031903396766827,4
11.266336394265897,5.186803435962142e-05,3.8822658271017043,4
13.173397184077373,5.813205317712048e-05,3.1636931849325616,4
10.57612022374883,6.232464206703189e-05,3.837626088844803,6
11.001572314463225,5.931615558777531e-05,2.607195654389562,4
10.230139692426642,6.875612313410104e-05,2.824525862515693,4
10.102883879253653,6.388809114744972e-05,3.2295911984110135,4
3.841374970147984,2.9530936496693755e-05,3.0148591294805698,2
3.473209901080776,1.6977968922407585e-05,2.956397445949068,2
10.269265797732201,6.700232638685402e-05,1.8018620102710976,3
6.0902958405377055,5.978899413513334e-05,3.6586430537801498,2
9.662199924369617,6.669810194927357e-05,1.8706161124923248,6
8.060917787407083,6.498147615676848e-05,1.1552969259718033,2
5.221370650305243,1.4415533881610387e-05,3.773503669433421,2
6.644133999825277,6.220084359767195e-05,0.5525306723793877,1
9.012546108596515,5.837958312163754e-05,1.561218704356982,3
11.51150226643453,5.8974297403077264e-05,3.7271979919769453,5
12.688183722136733,6.185290155355454e-05,1.7914135230333639,2
6.483967978504312,1.6815920677995943e-05,4.003226139301734,2
2.893074329443253,1.7406481316759014e-05,0.8803731934196255,2
6.461590074005586,5.506437654514822e-05,1.642402591045858,2
7.96486096252764,6.138795427927439e-05,1.7666378016549953,3
4.749627929855444,1.4698254625415296e-05,3.6369115874327913,2
5.451516507323283,1.771059795670189e-05,2.177354938759538,1
9.491455786834754,6.289584730644854e-05,3.061112719450291,3
11.83427845832269,5.820283823388707e-05,3.68430347788271,4
11.818604908029997,6.336019156369887e-05,3.202497123593096,5
5.052425190268753,6.42886547399086e-06,4.074140834524006,2
8.003313022028538,6.347781789288438e-05,1.5475542474551731,3
3.0328156962577415,2.346005708390904e-05,1.7574506476190739,2
8.133540156281938,7.909922745082016e-05,1.719406644677736,1
10.559869347712487,5.8826203512086715e-05,4.798794307422503,4
6.670824605223129,2.0849307208614887e-05,4.650028484905581,2
8.511684737281353,5.8878606523207825e-05,1.5497856010977713,2
5.379050472320511,1.1888089920131119e-05,3.855702548007643,2
3.975409610535323,1.8567998062062592e-05,2.2907150929298328,1
8.572145890120721,7.217553588845555e-05,2.174771391626075,4
9.124393525506099,5.024972646150504e-05,1.8366506729798535,2
13.443452281292627,6.090951436000417e-05,3.4069945277870812,5
12.12392656681002,3.561509909713702e-05,3.7769816423718505,3
9.245965698441719,6.414207393389444e-05,2.558780327848269,6
6.897304337746849,1.0867274479560614e-05,4.108423455629483,2
3.295174233065472,4.0029490357702996e-05,2.5905001488271804,2
10.551109800660095,2.2456296605918825e-05,4.3277599354208895,4
8.77465129415947,4.6970314684514204e-05,2.950444811912802,1
7.775960012487679,6.588815532210177e-05,1.6435687186203258,3
12.620722344478038,5.625147648663265e-05,3.7066120921501873,6
13.022526834790902,5.596339360039931e-05,3.0619602661847516,2
10.933903447670353,6.984830026690495e-05,3.532448105037081,3
1.8969989942878305,4.7778972776235624e-05,1.694052406609104,2
12.201762974412475,5.972419129614922e-05,3.3660333841265757,5
5.058325954955434,1.8268901574614673e-05,3.460511645913976,2
3.0004970035465903,6.498305925270491e-05,1.8945760276747396,1
12.96842911704043,6.790363030782544e-05,3.9928257054551564,3
5.537090405736968,1.0478422873800008e-05,4.122592903676285,2
7.504604796771219,6.658390917551216e-05,2.4285773571743587,1
11.61355455925586,2.5237012779920055e-05,3.5438327305398425,4
10.443002002639464,7.816597146641463e-05,1.835894248134723,2
9.782627099696377,3.357117338152325e-05,2.7286404879945394,4
3.0248639510757696,6.429069190788962e-05,1.4470875028062755,2
4.528264886511942,2.49382995557706e-05,2.7584287039766613,2
10.79209023544572,5.470954022569595e-05,1.1247393300865607,2
13.761643373025949,7.300149527313445e-05,4.568623366964192,6
12.306388299242368,7.04448725776491e-05,3.409373666734811,4
4.86887417879503,3.166774773048933e-05,2.3810116641723145,2
18.622111950315578,6.753798452092625e-05,6.805368790300336,6
5.633368756298498,1.1993006717297405e-05,4.028850899695631,2
10.875210600303888,6.259608242797099e-05,1.7794522909233026,4
5.343898234232984,6.424222073332051e-06,3.849575749213597,2
8.51077596414176,6.297095420667892e-05,1.8369386070343363,1
3.696998640576238,2.760075164226433e-05,2.1445980398517017,2
8.339481314410241,5.849039594926578e-05,0.8575688799513259,1
9.988578207518511,5.8732755656584804e-05,3.1139379605875135,4
6.402920707968603,4.9250495821684926e-06,4.15928266852923,2
8.973491244678812,5.509430477319133e-05,1.9948946007054842,4
11.317054152801123,5.3528812268450675e-05,4.28083389369273,6
10.189265481505473,5.520814809675326e-05,2.4737450959550973,4
11.18814352860328,6.24562742853186e-05,3.6360248375441597,3
9.305756235743475,6.288467831758036e-05,2.7784673955582404,4
11.628047953074056,5.814444104850642e-05,4.695181292272538,4
8.793103277049804,5.716450351435042e-05,1.5765607605070304,2
8.609237888712286,2.6978458758752325e-05,1.6434535795311531,4
10.817235134320416,5.5319438942902774e-05,2.6572859598897134,6
10.040749348008214,6.542010829565115e-05,3.2815849908551824,3
4.867477546877763,9.381342880019611e-06,4.0324997010789625,2
7.897376408390249,6.734841286639718e-05,1.4083222240663162,2
12.556624675024686,5.377200036753628e-05,4.664032570941773,5
11.619143046850901,4.7737065651215144e-05,5.012332075539556,4
9.620295232494994,6.566179194075553e-05,2.7466081302148457,3
12.611934280611992,6.035540123012715e-05,4.064732952817035,4
12.652316431441331,6.363678264472469e-05,5.330735992153713,4
12.180569072696088,2.397405943337534e-05,3.455934073050126,4
9.36700090398514,5.7091560617947735e-05,1.984569241278824,2
13.481223858908173,6.342621805720016e-05,5.148286851064946,6
10.874626792441589,6.788049003384215e-05,2.6559069129749826,3
9.014131176290466,5.530479339863346e-05,3.3228148872941325,4
10.589424367973464,6.183427004065756e-05,2.896709785066356,3
11.74757420125308,6.049727366265585e-05,3.4269180127100496,6
10.237116925144738,6.021954111909981e-05,4.377056525962901,4
10.496788383848358,6.639195818063723e-05,3.646182977446319,2
8.382179309794621,5.505388744989051e-05,2.5877782655722834,4
4.488662326186632,9.333511434857237e-06,2.4483176368719786,2
9.51766677362576,5.58300434358932e-05,2.0588725726601718,3
8.895310256815769,7.072807552676215e-05,2.0261893913551523,4
5.0273696360900475,1.3544851149029083e-05,2.745280499340832,2
3.991234293352548,2.1389352908658878e-05,2.8203618676005737,2
11.115377651382342,6.66410785958612e-05,1.6644756722286516,3
2.949558286770742,2.4842281562088074e-05,1.7193134021527268,2
9.19597515553917,7.002604746938636e-05,1.675332021742584,2
9.018651914780387,3.980246803414131e-05,2.1321243161506462,4
12.865163660120045,6.877011387822065e-05,4.450909507772828,4
9.661769871052172,5.669456469807218e-05,3.066274437266095,4
8.72983261216683,6.80074518020362e-05,1.7711563936827794,4
11.037959963575101,6.0617999185904384e-05,5.817350340875771,6
13.42478137951548,6.118354725269132e-05,3.2752150828229043,4
12.52510213661686,5.7293559624600135e-05,4.018746044000187,6
10.807748360349358,7.461760230976624e-05,2.766623461623657,5
12.267778401278301,5.1434641034490974e-05,3.8132025118936452,6
8.246674098593603,6.984579030742986e-05,2.346348420184691,3
12.374784373597741,6.562164318578913e-05,5.108555979126862,4
12.423206290813573,5.740119445879243e-05,3.357552056555951,5
14.618092218349577,6.161450191880972e-05,5.570417737402224,4
12.722778920165501,6.104534916613128e-05,5.299160132271928,5
4.923440813582944,8.883963448677181e-06,3.4323371825322413,2
8.07350530604556,5.192262810030722e-05,1.9188121799306646,2
4.500020533912376,7.2939320264750395e-06,3.421671568692635,2
7.610552677654539,2.7407180999487232e-05,5.190427057719494,2
7.119661605685215,6.129459193683231e-05,1.9928100179689296,2
5.185966841192564,1.7514457473032406e-05,3.4539846206171436,2
4.6350034934428646,2.8037990104620025e-05,3.236288741518547,2
11.857683564476869,6.779048082632092e-05,4.076360146515489,6
12.704862588717715,7.118826339623161e-05,4.989168118082564,6
3.6378369389013896,4.4368775336905714e-05,3.1063808583343286,2
11.69762101187152,2.2169819371820468e-05,4.172173374356212,4
10.802167073834191,6.339395407005108e-05,2.338663767164437,4
6.368478231970419,2.6169379857896053e-05,4.437850888994674,2
8.37232754341271,7.547417100239043e-05,2.008819143901505,2
5.504680303328562,1.0435779029399248e-05,4.646194709479051,2
5.707163652330637,3.725733867310179e-05,2.602075251350379,2
3.124641697082916,5.090191807178989e-05,2.6904525178924192,1
9.386339502511271,8.588873908288613e-05,2.4914148574820523,3
9.854607420387367,6.036230241486558e-05,3.7091881293358,4
10.201108975272788,6.492391543266073e-05,1.6761855583679652,4
10.52830941428847,7.06600682235887e-05,3.7567697398685302,6
5.285277775306683,2.661979424899903e-05,4.042604162526338,2
3.644535191031708,6.005081155259484e-05,1.0055278876063771,1
12.572098389196364,5.464012353114479e-05,3.952595866431735,6
9.799628861008435,7.391428971415264e-05,3.719696511897848,3
5.482428954234255,4.4288898842792514e-05,3.8640256555542107,2
11.35801071444244,6.174501410855448e-05,3.0003463261026027,3
11.881836161001704,6.662375402221472e-05,4.211414236028508,2
11.492744302445635,5.9743521741214685e-05,4.042625394825933,3
10.53864450319079,6.666724952469651e-05,1.3632682914993652,6
9.633670047848081,4.9037015679097816e-05,2.5038503594501327,6
8.839891946788057,6.514544466313257e-05,2.2112980989522177,3
8.233601311875653,5.9773089622825286e-05,3.324594890874123,4
10.62285231552471,5.245576885811039e-05,3.8781460423359353,4
12.599251216441829,5.8596875212378515e-05,4.846636284262646,4
10.07251061666528,6.319803482870627e-05,3.4306877546166263,3
11.574028392044134,5.195470875934738e-05,3.114094500291435,4
12.474864686279421,5.537553562553461e-05,4.717136797109683,6
13.351635433597131,5.4981320442656975e-05,4.198082007376552,6
11.691540649617128,6.435441808825331e-05,4.059708388246861,4
11.251839502647424,6.036335006299818e-05,3.2835991401328,5
14.547379348793699,5.635931548316799e-05,7.5767000425455535,6
11.564039264762046,5.83191385164648e-05,3.6224972471411814,6
3.1624701137683306,3.3191856991811514e-05,1.355572353077645,2
5.089242863761644,8.385779771899857e-06,3.463426671657182,2
2.9373898609016207,5.4930975932081104e-05,1.9297722864397917,2
13.438589187586333,6.713086696691552e-05,4.6200569335831805,6
11.307561672025702,5.156990671697286e-05,3.6646612792117166,4
11.89120873198949,4.982912386364169e-05,3.1162460294022143,6
12.201754237640596,6.871522637426315e-05,3.297606583775095,5
8.819865480634865,5.947996079488715e-05,2.9325990507248276,3
10.552127644979874,3.706768102783658e-05,4.410424351662225,3
13.426731628129357,5.786128094524734e-05,4.14017334926071,3
10.89348178558102,6.414894286946874e-05,3.696567033946156,3
9.67692354738724,6.028267861514999e-05,2.843631515971907,4
1.7420223305819083,1.2148124987939265e-05,2.081154214098116,2
9.22129320496195,5.850929813905422e-05,2.131528249951894,2
4.102964991774856,2.6492941516483592e-05,2.4478100744165245,2
9.895762367702833,2.1487586354084996e-05,3.123152176884531,5
7.963246258037079,6.962392935837165e-05,1.5337282421712342,3
13.607049512629244,6.0326950099812604e-05,5.290400522847617,5
4.964423225545995,7.65134501896221e-06,3.62573474958213,2
9.729475388013018,6.436981146139818e-05,2.532242065168867,1
5.369870264321066,2.0536564896731644e-05,3.7790137467649183,2
12.117873909769102,3.4877755783509945e-05,4.735848900566216,4
11.837629003826212,6.266164870143003e-05,3.474627408934934,6
10.878832393277946,5.568455198395527e-05,4.2491157871049134,5
12.889906030551519,6.78200024002146e-05,4.41272253188122,6
14.190421491475497,6.945012271903855e-05,4.049408938568361,6
4.125663215330461,7.698767091282204e-06,3.8670904648495816,2
7.163030582959799,6.052470367371183e-05,2.1385841081573154,2
6.293866405325264,1.0993839122465829e-05,4.888535873830753,2
8.400429808113753,5.904322137309558e-05,1.5936049973769093,2
3.6392401052692165,8.661724887149293e-06,2.7805609226345283,2
10.103653115795867,6.391593819719113e-05,2.57023763334944,3
11.18987598675825,5.430898345557742e-05,4.574345744134156,4
14.080746195721307,6.536123077096808e-05,4.385833893836681,6
11.040534440381716,6.528813971431942e-05,3.6816968160727823,4
7.934713107508924,5.951485107260457e-05,3.1177228009602027,5
4.038379021135027,3.436391438710268e-05,1.672258626027346,2
10.525601498955941,6.08473585469263e-05,3.674267409314563,4
8.208824151767093,1.3685564345860527e-05,4.12096699097877,2
11.399231702752138,6.796420764544208e-05,2.5959574858527557,3
2.754479005880353,2.329646564910575e-05,1.2253773910498322,2
10.804726771206976,7.004852641331888e-05,3.659488869841273,1
12.399965058924256,7.093633872583499e-05,2.550224107260643,4
3.473144689981903,2.2395584292974553e-05,3.4938823542831576,2
3.5199790727822626,4.391224545931077e-05,1.7068976120872534,2
10.999200766333137,2.224529288529702e-05,3.456321966912185,4
11.713678811200575,5.584263241780642e-05,3.3597413249477475,3
12.364472387835768,6.687454685221737e-05,3.6982956058174286,4
9.075525720604317,7.440997537136195e-05,2.446105085320317,3
4.537205584132666,7.096900181238679e-06,3.631710446894102,2
12.19795275064924,6.165380105486724e-05,3.300436338721563,2
7.655605945076557,1.2337119024011612e-05,4.580906233815526,2
6.196278820965952,6.934976246295812e-05,1.7765735748260807,1
5.681988542356995,6.719084351213796e-06,4.442317509827394,2
9.536550284853302,5.940244665755893e-05,3.0958038356598556,3
9.854825511995953,6.838173012256802e-05,3.1390065044539748,4
4.894838328332592,6.179771729471453e-05,2.1129348139960404,2
5.98282524868794,2.0172372747033498e-05,3.497043575190297,2
9.672613514722439,5.7506808821992144e-05,2.4139700806665534,4
14.219253134969227,6.336047841826344e-05,2.9301849421855524,4
8.475968272903067,5.287361325099549e-05,2.381314456379228,3
3.4285106176197897,1.1261629003306097e-05,2.4215913634399655,2
5.212646180430684,4.7445818440228544e-05,2.5104180811391963,1
8.305860914781448,6.1016866570728756e-05,2.070738159120314,1
12.78386264397195,6.656317484323473e-05,2.722772536793539,5
11.394454718390147,5.44566664783014e-05,4.696293174569708,6
11.865604883997602,5.502218631083433e-05,5.3432076116147265,5
12.947702303973488,7.025645245034597e-05,4.292091616047837,6
16.734588855499403,7.67898017357817e-05,6.890654787952949,6
11.00854100495981,6.578584578686426e-05,3.3647287187451207,3
13.440657079829442,5.1327092038444315e-05,4.594776342662373,6
12.488975436696876,4.9664442822574905e-05,4.323372131112496,4
12.059893601929007,5.924274052194487e-05,5.367355861047786,5
8.769805016377045,6.373423896482445e-05,1.6640190954844802,3
11.525086079440339,5.888504308909865e-05,3.8970429437036325,3
4.670281167931394,7.61275933642102e-06,2.0536455301649177,2
3.3360519319688686,4.6270619067489196e-05,2.403810937071125,1
4.408979922369171,6.716265790775024e-06,3.2590798999105326,2
3.87725627307237,1.374315133917153e-05,1.617216870729771,1
8.082420331624583,6.405093469647983e-05,2.080560333548773,1
11.216850948716562,5.2292322083931696e-05,4.558533576594213,2
9.4625573997007,4.994828682612071e-05,3.0360372765202697,4
11.327151871403554,6.362118821232506e-05,4.32255804626365,4
5.211998852896108,1.0526428652169673e-05,4.026419447609539,2
8.141106211230074,5.615176096922554e-05,1.39269959160747,2
13.108169356903955,5.4844424219823426e-05,3.4542250488184854,5
10.605220966920907,5.170384311622997e-05,3.245218210921705,4
11.976129809107453,6.13732973284065e-05,4.168419676562226,3
9.327811521549815,6.465413557946235e-05,3.1856785091249726,5
7.4429056696988845,6.0070004458901556e-05,1.351752385067278,2
13.38560832294362,4.019182458295398e-05,3.700458103035859,6
9.926569762841403,5.521587393952184e-05,2.4021517093725926,2
10.803093527196495,6.595679983342562e-05,3.8917529510107127,3
8.771417051362793,6.050566530922375e-05,2.5666115716823823,3
10.457832880185892,5.951712299024146e-05,2.430460485139725,3
12.473319900745043,5.745249233278738e-05,4.403819886146252,4
11.084525428126199,5.763709274810215e-05,4.537233091884145,5
2.6723997773861408,6.8459980760656285e-06,2.82437252191097,2
7.136425938825025,5.193860083399075e-05,2.161425948464757,2
2.8261789329266045,2.0955517287141458e-05,2.09168780374503,2
5.387167110700037,6.712866851493039e-06,3.6939311670321437,2
10.00532997156829,6.36925371504715e-05,2.8351438444249957,1
10.262943325711538,6.66415669101209e-05,3.449750683416993,3
4.1574549226429856,1.1213948020268324e-05,3.2973349407471795,2
5.493919399710338,1.0646255283433001e-05,3.49566736605825,2
6.3048273373009565,5.934843150837408e-05,1.7173363506876118,1
11.972287330582368,2.2422775292040934e-05,4.999255629288813,4
9.154476631805371,6.612576041076376e-05,1.1665432518668768,2
9.51068550042018,5.9368359872425416e-05,3.2079573345700307,4
8.733547092217949,5.628268510897814e-05,2.9077864881851987,3
12.877426244324926,6.443975266993869e-05,3.777182218232935,6
11.163552965394183,4.669813757699694e-05,3.680256972152474,4
3.1272111111281733,5.2301410628178215e-05,3.0138662423317397,2
10.510230525272485,5.988866185047028e-05,3.7865944529737785,4
9.914020434569434,5.827734244091431e-05,3.7500829640188424,5
12.049089314598751,6.019224435275516e-05,4.168960765091473,5
12.467685018944902,6.560498370023369e-05,3.5961820502427004,6
10.81638719007142,6.260468214513794e-05,2.636545962201274,6
9.252254817791105,7.013072330015884e-05,1.730163445025655,6
10.817251809036796,5.7250380759570584e-05,5.052085522494666,4
13.934600969763727,5.5344275404620195e-05,4.250044320575085,6
9.470590120373213,6.575377804724578e-05,1.5776724672556521,6
5.333842246220553,2.437378292270129e-05,3.19089065653208,2
4.810455579382474,1.3568666815181854e-05,3.3288785158003384,2
9.39758884137794,6.47668071839764e-05,1.3500713653922953,2
4.788712649618461,7.000482832287934e-06,3.421495502178277,2
9.058992630642889,4.999805572971809e-05,2.000587008113354,2
9.829159153812697,6.206419353495848e-05,1.3503459846238908,6
5.66217088318666,8.26097595292517e-06,4.224039694780634,2
8.931519664112695,5.164381010441046e-05,2.0944255965574032,2
7.443444967341405,6.481569421542719e-05,4.210014994006,2
11.289884291060197,5.943662769608374e-05,3.619901796268596,5
2.323925973361691,5.3343695400613965e-05,1.8459709146550023,2
9.666441241115898,6.492467807645634e-05,2.0964287495845126,5
4.93667088123376,2.0908221419628716e-05,3.584564501126723,2
11.272286407588489,6.524192368017353e-05,2.723913099609788,2
10.486502928592092,6.227911207835077e-05,2.341769821208077,3
7.508905542055839,5.6945514044558775e-05,2.453819488192752,4
10.48860038500565,6.235800224096368e-05,2.5178857491562994,5
10.819938740999055,6.622466775551098e-05,2.214922135114448,4
9.253149804484602,5.81959622574275e-05,3.9078497298447648,4
5.504919377247852,1.2863584265676036e-05,3.559771653440831,2
10.336220822746148,7.095359830742816e-05,1.9021864381375797,3
11.710104196901131,5.5487165193842884e-05,4.082371522829974,3
9.051465590702211,7.676386031403235e-05,2.2353400110631894,4
9.391957778739217,6.046102159856784e-05,2.347178079042514,3
11.2997347238143,6.031032839334928e-05,2.504244786840745,4
4.185931848230176,9.345595676506177e-06,2.886523559660289,2
3.728264961489981,5.7350949749342e-05,2.6529289522653987,1
10.68598428442377,6.0208433239694937e-05,3.3819704756763938,3
9.579427444313753,5.774124214417807e-05,5.236324550214852,4
3.4866054243147384,7.085105247527762e-06,1.2678176984669085,2
7.047188100959842,5.964549017012397e-05,1.4798802981586174,2
12.277618201050974,6.86053268002558e-05,4.106795698482987,5
9.820519808447404,5.985602365165943e-05,2.7945804243301438,5
9.905900168778665,6.499205093545109e-05,3.072404927285598,3
12.758229951208614,7.382359320538787e-05,4.984368276340833,5
2.3663402681181918,5.3872533677232243e-05,1.6723072146906695,2
12.793938911560337,6.618893668801568e-05,3.9670086948987793,6
11.729834245403259,5.751354071874029e-05,3.4315780761223973,4
14.188988899257218,6.092119355128248e-05,6.010611696920275,6
11.496314212231434,6.782242742695916e-05,4.448116375325851,6
