13.234979230871755,3.1910751230010074e-05,4.376902354697874,3
5.599762141124142,2.207159846081263e-05,4.257519214017414,2
4.349281784472275,2.1190526162437424e-05,2.225557182730304,2
3.812911231690358,1.8377684608364187e-05,3.2303985825386397,2
3.537491395497757,2.157349998898719e-05,2.8862094357383365,2
4.8669095494355314,2.788005647110409e-05,2.794459840334999,2
11.639134663125843,4.1297653440771945e-05,5.367696729243377,4
7.626811796602937,1.7017894257153408e-05,0.573881441507744,1
14.196851602922687,3.116235383369685e-05,7.6389706603274945,4
8.214847796154908,2.2408367869496776e-05,2.141280908584331,1
3.449110612674927,2.5605267919426204e-05,2.6808167650598933,2
5.587742150962672,2.040210457271234e-05,3.72007847458417,2
12.436345899860939,2.5493180967978133e-05,3.637976080774367,3
9.37671224595358,2.138589035949787e-05,1.1148119400349756,1
8.737673049906942,2.008213036392451e-05,2.0498310727862012,1
8.523253203134312,1.750426613919992e-05,2.409516167850531,1
8.6299709227324,1.8558123503322607e-05,1.377296075682862,1
15.17183944291342,3.604304430524427e-05,8.01710962937922,4
12.067655392375016,3.1486010436877724e-05,4.824424795714362,3
4.806598269389346,3.160081570625293e-05,3.111453139957538,2
10.762200240853486,2.2300100570887853e-05,2.766073706872414,1
5.792631778332737,1.8355123247006154e-05,4.066913495469482,2
14.744942748116195,3.3756770422869394e-05,7.302997017787106,4
16.23666559983767,2.1838262562803795e-05,7.322746124896369,4
9.198590886663057,1.3958679217470178e-05,2.4349109187799676,1
3.9124343290504635,2.4125923741350668e-05,3.1951939165957204,2
3.6862568389686885,2.400679317918048e-05,3.2101948995379996,2
4.530628261137111,3.0128773999552872e-05,3.597936255338662,2
8.025322333303059,1.6951624001251574e-05,1.7416185072045511,1
6.07000819731763,1.860277309257657e-05,4.658062500197285,2
7.58307703470309,1.9459291258646837e-05,2.2015614252681313,1
4.954228255479829,2.8611360796111575e-05,4.078643436502539,2
3.95749511134455,2.2570430727031146e-05,3.007285391568359,2
16.92062001000076,3.6337520285622875e-05,7.456776783605077,4
11.941136704046809,3.3062232401393346e-05,6.352974285673731,4
4.222657986312316,2.410889698996385e-05,2.239071097384879,2
8.596534635041612,1.5609302047897794e-05,1.726770124912967,1
4.17496534556446,2.805357445736183e-05,2.6890522243941364,2
12.20229911545633,2.586295756557073e-05,4.83551373253297,3
5.136156791625021,2.8552904303494094e-05,3.4718738086825507,2
9.811237669041383,1.667560200739429e-05,1.6642215839954317,1
4.8621887914735655,2.2655345031767577e-05,2.2902835584079693,2
11.72661720168747,2.702432857527494e-05,4.1512805396475825,3
17.321427090400512,4.2585580040750145e-05,8.247181541490217,4
4.953368315907648,2.3469886418492205e-05,3.536543574719634,2
14.675337645199292,2.2825948267823597e-05,6.713433381922984,4
5.544829351468606,1.884885054349289e-05,3.958441412067389,2
12.016241821808007,3.758732001904948e-05,5.520316183377164,4
10.572103869998482,2.052696859986763e-05,2.7043074805700535,1
11.235525209535867,2.798728138262191e-05,3.3388008951096912,3
14.787284823171678,3.567667585442186e-05,6.23715431063296,4
13.030856281212351,2.9303722639022413e-05,4.432840768037051,3
8.516199842413313,2.468441896094268e-05,1.9523189293898207,1
4.969569962342122,2.1165920835930827e-05,3.422219743594092,2
5.157914248074471,2.613511183694409e-05,2.827791747466299,2
5.115305472513727,2.9819360150650375e-05,4.574406704001586,2
3.655240595473251,2.7149163149407213e-05,3.667978677395256,2
9.744761492375488,2.3737840029932546e-05,2.2140528586089827,1
3.6242075418930955,2.0780095135652117e-05,3.0744389620609356,2
3.9300638874565093,2.7305800872029342e-05,2.8660788680945974,2
4.889444515710392,2.263542182205208e-05,3.171133366523221,2
5.064121993753693,2.9407264765597296e-05,4.3564073851358085,2
5.108389828927632,1.9781833021505497e-05,3.9689640069351535,2
9.496162786580012,1.7400710867812426e-05,1.8582842036341025,1
10.722772275649145,2.8417475057391383e-05,5.5680959808192725,4
4.79472299719829,2.334026129562241e-05,3.3092105244242234,2
9.725716973831627,1.2890909156900273e-05,2.110278585953974,1
11.331274793335874,1.3726087991436717e-05,2.205908295200541,1
13.828907687880125,4.188863967742891e-05,5.951640898266724,4
9.684132034886625,1.7935973880945218e-05,1.9951457594936768,1
8.520585600392224,1.5785256540756346e-05,2.5023389927191575,1
6.303875568686884,2.1590862152756493e-05,1.4867578028659052,1
13.072128252372309,2.5938828860849874e-05,6.005664756870416,4
12.949774164245945,2.5418177657685512e-05,6.293913999759033,4
5.287067271492399,2.7093844445815258e-05,3.6577443453808813,2
5.163693635456337,2.175516363475954e-05,3.3166724855866856,2
9.31539093186777,1.9443530235318475e-05,2.5157179060421733,1
5.480095997585139,1.6185031324868502e-05,3.362732315626996,2
5.226403755061225,2.755409124245806e-05,3.721818123789838,2
7.374335102917108,1.5279175567684008e-05,1.8090615320338235,1
5.955476796200202,2.2297737537802695e-05,3.5862623384632926,2
14.9226846328961,3.249405352481014e-05,6.464176975687714,4
4.6690805343995905,3.123000812801657e-05,4.258931049803488,2
12.805296289159301,3.0154523528753945e-05,5.734184284911869,4
10.591329058814058,1.3430040699207298e-05,2.5667175601088537,1
7.423989092289762,1.7513407601167147e-05,1.5381077468334707,1
12.67726584242502,3.2384145253980956e-05,5.085076023787769,3
10.194244729887881,1.872103461705233e-05,2.630836158104114,1
4.507569743696162,2.7223221310048236e-05,3.480522811602725,2
17.072164935186382,4.033583493510769e-05,7.403764128088362,4
4.361897672853986,2.844017329044704e-05,3.10020319641898,2
8.46099556830658,1.900301126760227e-05,1.6526106853552849,1
9.108829075201388,1.6873437948478243e-05,1.8029403228100198,1
7.286954345833771,1.7878593200384363e-05,1.667160177827467,1
15.809744935858358,3.02307556734988e-05,7.080048491237528,4
7.414409087982308,2.1113948048653494e-05,1.1743893405725627,1
4.652916863983723,2.1031101237246033e-05,3.494038498048528,2
9.4083492880332,1.5740076280761633e-05,2.2409313612799298,1
12.918878014032622,2.9709083029309783e-05,5.782535182882532,4
4.31635617943652,2.4415989300623876e-05,2.980046645010739,2
8.589915286193015,1.5505045588255205e-05,1.6854368095624566,1
11.831428862086844,3.305423822661102e-05,5.734640335819863,4
4.085860179808462,2.452723621350071e-05,2.1778650557519903,2
7.106681225795405,1.596265095033763e-05,1.8732742393573396,1
9.602691557092049,1.4553338725894179e-05,1.0646534390738807,1
9.063303239055887,1.966798351497901e-05,1.7000284981922322,1
9.51545610984691,2.0788308586109334e-05,1.761237649239286,1
6.0721035953575315,1.9505059321690616e-05,4.093865520165641,2
12.958041446455242,2.137421858990667e-05,4.9926109670102,4
6.167726637628299,2.9887512893542917e-05,4.513868065632176,2
6.749684871680604,2.5306086101370938e-05,4.860284512108278,2
8.394010266683255,1.9374365271585173e-05,1.5001759129189598,1
8.341618936418868,2.7854860517022647e-05,4.301025423374071,2
3.394702663671578,2.1508155332778854e-05,3.1050449722119207,2
9.51955120403898,1.637493301839576e-05,2.087537321205321,1
15.4984828275497,4.035562884049734e-05,5.219708535556732,4
9.680433835773275,2.4769334030976547e-05,2.407615438750087,1
4.998777473785433,1.9599263788658634e-05,1.4803519830876513,1
7.993086789015793,1.980323919653244e-05,1.3061746037654756,1
10.037043454695715,1.698872614066206e-05,2.7088146237883195,1
8.416295905814758,1.9803530617569618e-05,1.7095739008358892,1
13.191818922567201,3.0021832979837544e-05,4.6975452647700635,3
3.644099948993414,3.181976014234114e-05,2.86521492979777,2
4.82729136821526,2.1702579084074705e-05,4.143967680452906,2
5.589986068806827,3.0478265956061253e-05,3.270978493545193,2
13.20621505816866,3.6773988116776303e-05,5.443993284652433,4
3.992477331587219,2.3229679083674768e-05,2.840811894678857,2
15.426618831552968,3.7444306756516716e-05,7.029310096737557,4
10.526298464519028,1.67857765487726e-05,2.79242333727947,1
4.618147997114878,2.6352903203018325e-05,2.997607130748843,2
13.744938733925025,2.8776231644884034e-05,5.897873513301846,4
7.794724439415364,2.211437949570297e-05,1.725964833478896,1
4.257536384883741,2.5473865948874034e-05,3.3842304154316376,2
14.689998868675106,3.22588781712828e-05,6.149784529534282,4
9.260510759156007,1.7002970624947615e-05,1.8048519947965436,1
5.752540096577097,2.773643660155672e-05,4.550085287552698,2
8.822962600096393,9.571463846426521e-06,1.7407236059753197,1
8.180513602131523,9.236250461236446e-06,1.5227444997991426,1
13.707882785834515,2.685895780727713e-05,5.571949403859608,4
15.309574073493406,3.432166368514645e-05,7.684548571884904,4
4.439672858243668,2.4359365039442137e-05,3.21085619420389,2
5.685918562467848,2.4920697348200617e-05,4.471478796223091,2
15.196954114009797,4.056117155446913e-05,8.181325097490795,4
6.749389148701714,2.2528089077450818e-05,0.913769076813817,1
15.421137104394822,3.5603978753062414e-05,6.9400017201846085,4
14.185052174259006,2.942816776751337e-05,6.805407890535623,4
8.25385270467545,1.5305027072810292e-05,1.9587355387522032,1
7.4478183775041655,1.4031644604908664e-05,0.852476921002222,1
7.9375442607328335,1.3474054518080583e-05,2.327868647985407,1
16.40400617678825,3.4666823876171614e-05,7.326431939214869,4
14.057713027611632,2.201907260648387e-05,4.9228363507140145,3
5.78646778230759,2.4438538304269417e-05,3.3576732320930183,2
14.225769386274228,2.468424044136501e-05,6.138124797889246,4
8.87195570343661,1.8272764971180903e-05,1.8993046961215647,1
6.337878014022989,2.6022556315948958e-05,4.660590829149907,2
4.147260653423378,1.6764871365366784e-05,2.7188542847035966,2
9.695313019310348,1.7007023031136444e-05,2.7394294092645435,1
4.655950401424521,1.6778464553935085e-05,3.1172778393673393,2
8.561372613669299,1.3779848007139486e-05,1.5599918277569071,1
6.160331512011343,2.364530513340202e-05,4.33253280388216,2
8.306874259427184,2.1827094657089024e-05,1.678644766416259,1
5.643330627727683,2.9455683267043166e-05,3.158137875141785,2
16.214605729247925,3.9392419360129425e-05,8.183027126607646,4
13.77500059405831,2.8950387993422525e-05,7.118590832755426,4
13.07484587855377,3.191665820678573e-05,6.534519790412221,4
8.915049184249284,2.089382388736294e-05,1.762153243194939,1
9.726766644097403,1.2778354893280992e-05,2.395936688045043,1
9.281424196900073,1.5618376684580475e-05,1.4561525715911512,1
14.487267120217345,2.6329310049165387e-05,5.986558482727397,4
14.868239889664213,3.725483785925461e-05,6.2412630818090005,4
5.286369199696926,1.9805882241647357e-05,3.1836981125375687,2
16.05866519728101,3.541763376626366e-05,7.594451492937263,4
8.900751546474249,1.7957478055827405e-05,2.2754182126126596,1
3.9874194969737697,2.501457316578578e-05,2.042650722893554,2
5.302131221417856,3.215278017819482e-05,3.5191142279712953,2
8.571749914990308,1.7741702508310284e-05,1.4379071391665432,1
8.770125238694698,1.4684446367123873e-05,1.333159830722943,1
5.886534692849277,2.357505152787987e-05,4.222515015664373,2
4.550875401747464,1.9373666749271763e-05,2.987962946513751,2
10.500491117867872,1.4895573915850616e-05,1.9393717739317766,1
10.492024189989916,1.7724913693995455e-05,2.726054070166436,1
8.264009909864265,1.5556181276073005e-05,1.5756560150949137,1
10.336340861937291,2.741589094150494e-05,3.737508861985836,4
14.918687776147356,3.9652419499689535e-05,6.570593992883311,4
4.664828855836459,2.3648990778399673e-05,3.1924367520023256,2
5.30803759090429,3.0425157828037715e-05,3.544391486002665,2
16.19759987613959,3.6415138959578676e-05,6.478410291021232,4
15.004116454276808,2.3736445105146098e-05,6.495653149363073,4
2.8748468699374365,2.4200971840592432e-05,2.814890157381789,2
5.837949817819411,2.0745034135391385e-05,3.7281672455452286,2
15.579896377915896,4.186347371434094e-05,6.423507306936177,4
8.788943526537219,1.8216619232603196e-05,2.000094895448271,1
8.865273861074183,1.9290970425093683e-05,1.0644662963521172,1
9.205950596691846,1.805172467877102e-05,2.096085406273807,1
8.192152529732553,1.1002848294605632e-05,1.8148027267710962,1
12.706712748298107,2.5795943857222468e-05,5.843985723656298,4
14.570260902036132,3.309352764820843e-05,5.742064979852473,4
11.26122602022064,3.9270841364166056e-05,5.008876600929533,4
7.178235149229494,2.4162944918197358e-05,4.789619834902876,2
10.654795656058534,1.4967360085522188e-05,3.1764487526483265,1
12.06298399564671,3.078813983408045e-05,5.704782254774393,4
16.676703820947083,2.4420224748575866e-05,6.969165052878789,4
11.388139316806976,3.262407007622575e-05,6.794391060362543,4
9.18909086251106,2.1848587907401125e-05,2.159434422416413,1
14.497290594323406,2.883772016993825e-05,6.981281969861817,4
9.169141594698994,2.0750559586410774e-05,2.180663080656922,1
3.5659023533810186,2.4018521806111276e-05,2.4119590572003613,2
4.795407889649335,2.2340555925463785e-05,3.4930296751759657,2
9.033133824960352,1.7037932463089225e-05,1.7935860055623267,1
4.4167848341588964,2.8525248159968325e-05,3.018519629675639,2
12.874566105624824,3.5008505165284875e-05,6.654860428751766,4
16.206172496414872,3.8385238401737505e-05,6.156309769600853,4
7.651427747215768,2.375470066212536e-05,1.8828093742534973,1
15.141530460535794,3.282939427780131e-05,6.637279355905662,4
9.905460566013625,1.5079547105584214e-05,2.171763952703721,1
10.280908252009162,3.3501168366564e-05,3.728050597655141,3
16.70715127190925,2.2815185810360107e-05,8.14164248562333,4
4.735433294248857,2.3897320261939545e-05,2.778211806395843,2
10.750426974174045,2.1131687648532e-05,1.902826279655679,1
11.676088499185385,2.6392482270063332e-05,4.219208277215796,3
7.540725013199989,2.2560265204083216e-05,1.6272037572587594,1
5.547320242730479,1.845460454085769e-05,4.08554079120694,2
13.415887906595612,2.190450963661703e-05,5.8660574839201525,4
16.104663003861525,2.9604671285185103e-05,7.020964728139795,4
10.53426585815771,2.157552214260589e-05,2.742395099502932,1
13.56398056424602,3.130435489528945e-05,5.466858105885956,4
15.500408957208162,3.2444808942921895e-05,7.3013972264491125,4
10.628234104496396,1.4418797176511522e-05,1.9377992744252477,1
14.851868371575186,3.393367499709474e-05,6.354686514522456,4
14.676008139027823,3.61963793782338e-05,6.058675107529168,4
6.026332206936786,2.13887542989135e-05,4.939884340871211,2
16.63888624893548,2.733152216068886e-05,7.134156362454647,4
12.045370134438395,3.268820570991516e-05,4.045683395198889,3
13.479158227707227,4.1777293954006e-05,6.820680662804756,4
4.454606302943696,2.1817787498347763e-05,3.0192995410276438,2
6.249944493341371,2.2477846898992834e-05,4.273286330548707,2
14.475686322843906,2.724048378152544e-05,6.625146975324554,4
12.039573531050733,2.7737100578644435e-05,3.683655856680258,3
13.985929310539943,2.304200178104041e-05,4.929677801758881,3
7.5240913194358106,1.4386605606157994e-05,1.281129394546098,1
15.652047741602573,2.634464026791299e-05,6.585801678909228,4
5.124312236853777,1.763623799374546e-05,3.305345813329315,2
6.906712930575114,2.5470978687877967e-05,5.06841900659769,2
9.941632862508701,1.9489185757020696e-05,2.9054661182067685,1
13.6726048575928,2.2423626283013296e-05,5.060943148832687,3
13.499177512333208,3.4558941498672315e-05,3.9776546663789443,3
6.100254261302809,3.13651455778271e-05,3.3259354155728023,2
4.923272766829074,1.9592172541596074e-05,3.477857290743832,2
9.974852390813693,5.315860236625384e-06,0.9860215372771616,1
3.8403302705139555,2.5446316967053827e-05,2.898354081266108,2
4.298236495812464,3.143254330051968e-05,3.9472270077390776,2
13.748344797797824,2.5419173867963208e-05,6.138970380670427,4
9.258573754496126,1.3173163510803137e-05,2.5912190573294196,1
8.726480773121365,1.2974839706105484e-05,1.9173834552464253,1
15.069155895546874,2.991296925782688e-05,7.060624709519139,4
13.1462470062906,2.9770897871717424e-05,4.492212869661321,3
7.317293246203396,1.7220789016429396e-05,1.537857564757251,1
13.055730405131555,2.892605855710003e-05,6.666058165674984,4
9.554959126567738,1.6602055128565715e-05,2.275325206093847,1
5.4387745643039835,2.0558135074457633e-05,4.167878619490155,2
11.034682402593099,1.813636045996991e-05,1.9243728976694603,1
6.446977455713536,2.0059815200110207e-05,3.464000206558226,2
11.60927737211411,3.684241537534013e-05,5.7945160106648075,4
15.289233065830572,2.439789136781851e-05,8.079395602131552,4
11.901090581580478,2.5241954815975e-05,4.399476913436323,3
13.098609864768344,3.0881080717287364e-05,5.989521667797391,4
9.996404625586043,2.214810121652006e-05,2.0584473235194456,1
9.388823493690492,1.1005907988562329e-05,1.6631352842575438,1
13.966322443436052,3.7942124182799145e-05,6.5928759551099,4
8.360451985475443,1.6979321407271692e-05,2.452898686014913,1
5.230847474326556,3.2105725004352626e-05,3.526896752656799,2
9.373175576035603,2.0024484547895605e-05,2.0651274846583973,1
9.831859381510707,2.2437247518379577e-05,1.8775135527111753,1
4.612899992658313,3.0456050412890054e-05,3.830803979236036,2
15.966529782573168,3.199452312238406e-05,8.180514547895676,4
14.656688962058723,2.9803151371925762e-05,6.595716057099512,4
5.1611764272932605,2.1938881745433147e-05,4.486263167275512,2
15.799925171521624,3.882560137288277e-05,7.314405595436861,4
12.642656441545872,3.506822571767471e-05,6.021407725469599,4
8.344920058179119,1.4240719919111161e-05,1.6668939220998955,1
3.541981513651556,1.7532694471606613e-05,2.6825747203275743,2
11.876332128683956,2.924691811485437e-05,5.03105628684105,3
7.7739848502517415,1.4357499764414702e-05,2.123696958815518,1
14.705348831631184,3.3207285258218857e-05,6.96240420006108,4
8.915829817094345,2.324373746592407e-05,2.4876822114038455,1
7.239089784321175,2.2071855238177833e-05,4.881760693682745,2
9.669668070455844,1.862604520997113e-05,2.2811419901985395,1
4.974857193135587,2.2100666885652368e-05,3.6756481742121565,2
12.174793064508949,2.250419881014045e-05,5.8591207642125624,4
4.194883120771211,2.5090274712914203e-05,3.427584869141102,2
15.196036194389707,3.742044831852521e-05,6.626510826749552,4
13.722697448315405,2.8205065063617863e-05,4.201597022427396,3
9.130743155861843,1.4586699614378693e-05,1.5915273920760145,1
11.676005054738841,3.7362802971339565e-05,4.795448713076182,4
8.869924158101266,2.072119896514125e-05,1.7192406069504131,1
7.886766178449255,1.3378769593353859e-05,1.224730345465436,1
4.265496484717059,2.299443772530799e-05,2.737932941875118,2
7.21219423564628,1.9543564374404855e-05,1.8318544777538623,1
9.150348817915592,2.26127880558896e-05,2.0990569624237696,1
5.572984620240994,2.875660373278454e-05,3.556151633258229,2
4.51987886131093,3.0161615061438004e-05,3.4417772469372343,2
8.760624685473998,1.6989268195666667e-05,1.9043969740852884,1
4.850079598344197,2.0538536263218424e-05,4.465457615651069,2
9.16893294986179,2.0483848640656758e-05,2.3505564223554463,1
16.25650703046003,3.4073417900692584e-05,7.510793581616659,4
7.557143677266982,2.0395728547652274e-05,1.2273981688339588,1
10.627303705400546,3.030179687591997e-05,4.414598912126134,3
15.691558458653095,4.62427422904942e-05,6.596160231562919,4
8.165098830125466,1.7725107203216075e-05,2.3439400156963743,1
13.569159376303595,3.9638653154975725e-05,6.2006915363218,4
14.895316973168487,3.942867101723016e-05,6.92352014261512,4
7.912050646441573,1.6406290026206398e-05,1.6455670180391644,1
8.553919695169988,2.2885196706858025e-05,1.6791689231339761,1
9.799989470924817,1.7423068607212273e-05,2.724750338360872,1
7.7789355166197796,2.4284489421794328e-05,1.8026700654475918,1
11.469860460101945,3.294675820307251e-05,6.365708762135174,4
11.44283904431001,2.8841012763487835e-05,5.068452768667561,3
6.785108884409675,1.6230518200334773e-05,1.4077176729948329,1
12.520966296327103,3.0537849950596615e-05,6.159169454464145,4
6.638177172753841,2.489052744569085e-05,4.0212479661076985,2
4.486470707020844,2.2588541348686948e-05,4.366249098282551,2
7.064382581649623,1.8514840364434747e-05,1.7893071016617597,1
10.495202832295181,2.1717567531318574e-05,1.6200040232317245,1
4.40895753046593,1.8177001219604898e-05,3.1020490477227267,2
10.931879612871096,3.0556065336255825e-05,4.281982256948296,3
9.201643544689869,1.9755335951796794e-05,2.642587644311491,1
9.086703135905145,1.8041114484673358e-05,1.3852498101041877,1
9.867434607364133,1.739298591625086e-05,1.845226178549737,1
4.847445689982896,2.0039677098651062e-05,3.1319007579568567,2
4.908341482187919,2.5149511538668008e-05,4.004873680488492,2
9.908322945422961,1.766562219376132e-05,4.345083297064778,3
9.12513242362552,1.4299225497850125e-05,2.037766664154412,1
13.143390416972878,2.2052457013832988e-05,3.996609333513878,3
13.131727521478664,2.600173014977438e-05,6.704311688635914,4
14.932236859937404,2.63669112183305e-05,6.436995766291984,4
12.671501694664402,2.347171196330755e-05,4.68074120593363,3
5.003879062846825,2.578836745014001e-05,3.7091960024818666,2
4.15887032016952,2.6298177187062184e-05,2.7082676870507787,2
5.906537018765545,2.0258697915106906e-05,2.504416964321793,2
7.437411072122528,1.9954594875382012e-05,1.8963055721043842,1
7.752100491649578,1.91531227775183e-05,1.8238451236507536,1
4.893601896540148,2.1604069503992383e-05,3.016384078813495,2
8.518053999983952,2.1254729180997508e-05,1.9949494513306498,1
9.285497121691584,1.7155561699370526e-05,1.5028557455258738,1
9.243453881492963,2.2591835657048992e-05,2.3236101601301433,1
13.092346578077574,3.1747473408569954e-05,5.557447712300723,4
4.469288336226395,2.1080668179820994e-05,2.69790855491693,2
8.530142779896165,1.4336743366770511e-05,1.7268505241696281,1
9.054508156298706,2.3871307180813157e-05,1.3077514027667048,1
4.497609025833195,2.9136083298019727e-05,3.0549746957849395,2
13.176389131029254,3.522005123831918e-05,6.550568669833032,4
9.748382105496086,1.391232395840546e-05,1.5274746529888914,1
4.576312411928354,2.2750654388144906e-05,3.218837965050748,2
6.29253750954323,1.4815500851788946e-05,4.359116038710573,2
8.978796797436953,1.1605003529149273e-05,1.4249738995976702,1
5.284723729888214,1.8641569839732292e-05,3.2978437187890104,2
9.687347542248453,1.8895653229922615e-05,1.681409070554754,1
5.059183815311681,2.583637065086772e-05,3.776493326221412,2
9.579255986062615,1.8425965337769506e-05,1.7989594435931127,1
4.1014470898152195,2.038384192213555e-05,2.810140588343992,2
13.877940708956954,2.997242983771611e-05,3.6374731611643627,3
8.576822949725393,2.7669490467195407e-05,1.8766491985257394,1
14.402560180766367,3.0050328879268107e-05,6.120027274798632,4
4.004735725615876,2.5503579850125092e-05,3.6319504766792314,2
5.102379177073338,2.9800910705183926e-05,3.0265384103967508,2
8.74522129446043,1.2809529379608562e-05,2.81487885176261,1
9.692258984664708,1.8322986994719588e-05,2.767824217870979,1
7.629138293385833,2.242103804049581e-05,1.4595798221565945,1
9.272592531536812,1.7683907260718165e-05,1.7722788269558838,1
8.144101371874875,1.7880701291473845e-05,0.7224119671215627,1
5.166177640477133,2.3409816422279068e-05,3.0400391134467575,2
11.550936490616424,2.7294177120076252e-05,4.002953261693078,3
6.858863201862292,2.4880747859888375e-05,4.2593210710428036,2
5.516878325214704,1.8962813272495076e-05,4.069896070516252,2
10.650484875956202,2.7005901463457016e-05,3.8756179527273,3
7.55598850497974,2.543081606192341e-05,1.6408860168131834,1
12.621996341162333,2.886519416920633e-05,6.265410410502339,4
7.139845183681328,2.8633900035238943e-05,5.125551158125031,2
11.820644778673788,3.62418525607757e-05,5.17794946984281,4
15.630086847640394,3.8611839976989826e-05,6.413160355736763,4
12.38126670605193,2.6234828296424145e-05,5.986546120285526,4
6.16049368146167,1.6912344095579355e-05,1.338230590560519,1
8.805868745432901,2.0566123106111936e-05,1.7971367559403812,1
8.594150901173805,1.891018161591957e-05,2.6534140540675413,1
7.794880510290624,1.8684839190034465e-05,1.289364618969858,1
8.503131285577995,2.0554213884995943e-05,1.8784122038606543,1
8.008619370029432,1.7983713828703535e-05,1.4120676566556551,1
9.241056554596396,1.8570377529275477e-05,1.6357555081389896,1
8.109734513553637,2.1263435270742314e-05,2.3122593214987766,1
8.678070736551426,1.8058060174146796e-05,1.2113550172754965,1
12.61212763244744,2.783270481734976e-05,4.620920229822886,4
15.478291368604534,2.484021507498239e-05,6.214548429575389,4
13.640769432081802,3.447205153035865e-05,6.582140710420623,4
8.83232298162628,1.696620371422645e-05,2.952579834722271,1
14.630386508307371,3.170064710364179e-05,7.782331392552771,4
6.3767858356602085,2.2562741685808336e-05,4.059702049776663,2
9.151503413484567,2.6046158271144408e-05,3.5312120507356903,3
12.959313403390261,3.552675466216108e-05,6.069780922288122,4
14.856215147462912,2.9348615871788976e-05,5.962637581636171,4
5.597091504771229,2.6451068510857087e-05,3.590879400830213,2
14.471322137350509,3.152187592436113e-05,7.174731596642083,4
14.822533723855727,4.082604548054642e-05,5.780537334147908,4
9.37943281223952,1.7682115403331525e-05,1.7131302155007764,1
15.779081302751718,3.241815287213357e-05,6.176556579018925,4
16.097424941667093,4.38855073861368e-05,5.691513096696644,4
10.472454873888601,1.1837556506481667e-05,2.354371973532482,1
12.872046337225052,2.8030820486596377e-05,5.520711657875661,4
8.300825822377568,1.991585029706589e-05,2.413997926195762,1
16.584298121619856,3.5100776834482333e-05,6.828540017219205,4
9.445712214847497,2.1016653456548878e-05,2.3848546372180635,1
8.252073249054382,2.137108311918553e-05,1.0914057433053062,1
6.688691756293023,1.6775098666157558e-05,1.9632862793183057,1
15.671174937313092,2.5008302619081176e-05,6.989048775586573,4
14.63617696047188,2.5165893672094677e-05,5.860290126089267,4
14.34022188463141,2.2343242507598278e-05,5.90394649547048,4
14.941884743719106,2.878611133361801e-05,6.089423657015656,4
5.537410944324182,2.6210138325554713e-05,3.2938683994691873,2
9.113628625025331,2.1403975097767716e-05,1.0600490687946833,1
7.117132966863356,2.6346253574034486e-05,1.59724820014551,1
10.64240978356094,1.8080273644803682e-05,2.940096237518536,1
6.174320639722977,1.2867603482664154e-05,1.0255433458487468,1
5.3528231987297294,1.7211992646436808e-05,4.005936719677976,2
12.263250263877525,2.5160696635053242e-05,5.555773987927018,4
5.0711119495246475,2.5053892768396776e-05,3.621976597817568,2
13.84279776030803,2.6440875108970363e-05,5.832283016790621,4
8.0827637598493,1.9297221752554377e-05,1.401016555321032,1
7.601170821670289,1.556048919306365e-05,2.105684985026217,1
3.9760196631306863,2.8830744338986284e-05,2.3338380195346917,2
12.697335972997767,3.5103559397784516e-05,6.386564588654469,4
12.005222184350874,3.308588280705143e-05,6.4439922617555965,4
14.753112889774895,4.011015872903203e-05,8.776198205916826,4
4.50391768660344,2.5299869494114013e-05,3.459058226014079,2
13.313655349925805,2.992028518777351e-05,5.7496376703699426,4
7.312310696067936,1.3658731733504127e-05,1.2633366855927914,1
11.537502054116416,1.6365194898890728e-05,2.401906315231579,1
14.203945367159683,3.3956011399761985e-05,8.067111001404523,4
10.551005765139271,3.473121158770153e-05,3.7564094093936373,3
12.960093634770478,3.654292847956334e-05,6.63500675668909,4
9.837924278501543,1.574878581303886e-05,2.2310907724185536,1
6.3206121242882904,2.071259695280708e-05,4.127672384003301,2
4.446358295600497,2.5459140868618668e-05,3.201699961278037,2
6.725550085466139,2.5883325955282374e-05,2.5338842397710812,1
9.074555197049365,1.541419910584161e-05,2.716578562703103,1
14.325181635341568,2.737019392424001e-05,5.904769292044856,4
14.284403775395152,2.958086470625558e-05,4.555727790476882,3
9.612130712864237,2.101245940623874e-05,2.317007939144379,1
19.151660493273962,3.320432258260029e-05,10.239073686874413,4
8.504135720082804,1.772679805973649e-05,2.0446820951265683,1
9.501705923529059,1.7899161331392787e-05,2.091883381007632,1
5.652294394070386,1.8995157304374106e-05,4.079916445973258,2
13.278976136132194,2.4928985466871486e-05,6.001992137684205,4
3.405856299685857,2.682017959315883e-05,2.1672485902846415,2
9.410586430755085,1.9843312852989317e-05,2.5086273558260754,1
7.144373641130836,2.4626241287303398e-05,0.9233885337094165,1
14.897106674878442,3.8440475082906295e-05,6.38877840084958,4
7.395409730397677,1.6940068290120094e-05,1.0887045823793056,1
11.239911316345305,2.656659720360096e-05,4.249761779427839,3
12.919951107087382,2.7733820060879575e-05,4.955130381982215,4
14.793203233828962,3.566323317079612e-05,6.780185813308627,4
8.468589684552441,2.0119485281185294e-05,1.6893816964707902,1
5.475081469586785,1.921703070335444e-05,3.4817356043737573,2
9.279561253838997,1.6955881830622564e-05,2.536452186638157,1
7.28954534596914,1.4135070187761344e-05,1.9701889185186676,1
12.573369042570326,3.972051507508001e-05,5.6100150496310945,4
7.66054635330362,2.191900084887384e-05,2.2721687455891497,1
2.36964430762858,1.6287479948116127e-05,2.4117425653953015,2
12.253512957467384,3.9380080434141565e-05,5.965029286083876,4
14.997809843107417,3.3949139786532294e-05,8.525578404985907,4
10.215869808068087,1.9919075459456422e-05,1.3846781422794177,1
8.197607602310484,1.4476445482546981e-05,1.708594751960512,1
5.168802842897884,2.3538445659037127e-05,4.4202347047959005,2
9.490921543458485,1.8119406484903334e-05,1.6124527163523974,1
4.576523620972269,2.3746314441421844e-05,3.191592920795321,2
14.772190787303504,3.1679959004481315e-05,6.16704482721156,4
13.633212174162438,2.6955348485027787e-05,7.141640189528893,4
14.492073718527125,3.092949090200003e-05,5.661994201586854,4
15.639146503809508,3.0995697616197716e-05,6.571802545985962,4
13.51771307584029,3.133701127654979e-05,6.026345435485579,4
5.556150497216615,2.2901974698829392e-05,3.7973497919618437,2
4.085959587452548,2.5948536043535605e-05,2.808171280105472,2
5.607434743555655,2.463864085473416e-05,4.496256104762826,2
9.276602018916845,2.1320018777696248e-05,1.7578887043896358,1
4.860688634103496,2.245040103816607e-05,3.9446495662069734,2
9.087415273507728,1.481319226143322e-05,1.9832012799616305,1
6.14705498747679,2.5582970264253314e-05,4.755159813642257,2
5.340744738930265,2.408531351599405e-05,4.446279764471477,2
13.792013385269115,3.797173797103294e-05,6.116401227273437,4
16.285887624745733,3.492144799389151e-05,6.266799916545419,4
12.204011650885002,2.6869121566981365e-05,5.887134760226512,4
8.501152678890065,1.8334348468148977e-05,0.9396173016745152,1
4.214829343474314,1.8873200381015468e-05,3.0494779663024074,2
6.018066797130149,3.239155786714649e-05,3.9182016928999195,2
14.153938529394305,3.20282867968786e-05,5.907245264991578,4
14.3130727735655,3.804049077787556e-05,4.376503358507005,4
9.307206339382464,2.7327337452267455e-05,5.583380787625064,4
15.849258433261271,3.1972804617387425e-05,6.998887891127841,4
4.371694248359456,2.53667937776188e-05,3.134940355256764,2
11.361455447289806,3.40275078246027e-05,3.6732071942878215,3
15.72479602881481,3.107652992744123e-05,7.172813356946175,4
12.177138951483371,3.534259956171849e-05,6.031098726493246,4
17.241190477578957,3.116505333811191e-05,7.058186190578683,4
7.136627940209272,1.5445382489492582e-05,3.9938463574614174,2
8.37903219558573,1.965055492227176e-05,2.026650113096884,1
12.160391007346096,2.6357332800358105e-05,3.6799137522302368,3
14.398786813956773,3.0741089528516385e-05,6.621917145383896,4
5.858302066446557,2.2967060148484808e-05,2.568635333214525,2
12.600091341587977,3.359653055812678e-05,6.349534357738912,4
3.9250432122081724,2.238923560478863e-05,1.7423054011625738,2
16.172230743357723,2.9655878760124587e-05,7.617038170746646,4
16.395551719379647,3.598769906526246e-05,6.561460023464501,4
13.414477224311474,3.504592948972784e-05,5.872930039009688,4
6.1640536400307795,2.3425130597590356e-05,3.5737247061139543,2
10.423145386764972,1.737289675215394e-05,1.693255290249086,1
12.474733173363184,3.7124724558052546e-05,6.504183395168183,4
14.333874360074114,3.322158954556975e-05,7.048539147535861,4
15.143157118600785,4.11896069795143e-05,6.484247625874529,4
10.137757367314459,2.5285411337808734e-05,2.2004129258083425,1
3.725265935148331,1.9185564503689866e-05,3.003833143717382,2
12.383236270451077,2.3746852776167643e-05,5.906606401871029,4
6.012091199296199,2.0037886691613347e-05,4.801674439007197,2
14.005045281405414,3.191307228068491e-05,5.446324003575354,4
4.370404164684252,2.5677306226629474e-05,4.122201184682968,2
14.561015807004722,3.1519063962706064e-05,7.17798388274548,4
9.916622985631642,1.7625857373064256e-05,2.207287412256526,1
4.914875197091421,2.8529839653201254e-05,3.3404051523070972,2
5.774797761893021,2.190289625797844e-05,4.765739868981673,2
3.4671919809022116,2.5473419093841927e-05,3.0467006985034994,2
8.413156560061758,2.3351108072804605e-05,2.0732971299260012,1
8.422335684919009,1.602544297518212e-05,2.7393774088496254,1
14.057448872385228,3.7185203455384434e-05,5.779772449702887,4
8.113396477363437,1.4305441516807494e-05,2.2455481193380833,1
13.699846113071874,2.7625294073975146e-05,5.5807818313033355,4
6.912576751778465,1.870178875017301e-05,0.742772661365783,1
11.511268192601888,3.0320437930874376e-05,5.093710352590678,4
14.360903399786658,2.557877364451189e-05,5.863659930789549,4
9.960797897096612,1.5492282855010986e-05,2.143169352606164,1
16.21451317300363,2.462461293641255e-05,7.782064620517213,4
15.8199301631272,3.405018943775178e-05,6.181453734444187,4
6.239305819544109,3.319175920070973e-05,4.570983197346366,2
4.120885685193747,2.8759399596197186e-05,2.8871992678298506,2
7.402314868568885,2.182810941260582e-05,2.1941058261460475,1
7.95819463462766,2.338774923109829e-05,1.8119046444377431,1
8.707686082991478,1.62583429730423e-05,1.331623265190629,1
14.476357421348766,3.5756967437393767e-05,7.956661167679595,4
14.377239529331582,3.595557408303882e-05,6.948883839620041,4
12.926709695108993,3.181803072135333e-05,6.71915716106873,4
9.515227391865682,1.2945020173157272e-05,2.3826651790967732,1
3.954127795479119,2.0663579109816333e-05,3.7621606109858643,2
14.422829540650877,2.995972421341838e-05,6.100235834676077,3
9.034067060660536,2.363153661929476e-05,1.6223703154424216,1
8.337424369941548,2.7268038896304215e-05,1.575373839669789,1
8.554936988530486,1.662656198800973e-05,1.53530752014408,1
11.972328283933775,2.2873316032262103e-05,4.8020706827598225,3
9.474685873349703,1.4390049450107284e-05,2.4390221689416727,1
7.9822153744596775,1.6301675129623202e-05,1.4429156029554377,1
11.143048889903433,2.0723213054415518e-05,2.095336334728473,1
8.669402793160295,2.1124667468853324e-05,1.7689946786062378,1
8.381083860640853,1.6454967532067436e-05,1.080259494321672,1
8.005329323099096,1.848205590097107e-05,1.7485487043319698,1
13.940232515774683,1.9176728356293925e-05,4.928971209044928,3
5.948887570452682,2.5814306546363503e-05,4.821832240947199,2
9.591277777893369,1.7776642464645693e-05,2.382731681565891,1
14.607929385046996,3.8538706013447685e-05,6.583023160313451,4
4.604657728899092,2.6005219348778974e-05,4.130905646286129,2
4.757896197900738,2.126551768790691e-05,2.910872469349224,2
12.463299927353479,2.8355954301901138e-05,6.666540455114607,4
8.161951376673267,1.6265746054903573e-05,2.419745756679484,1
5.223246772512509,2.7018414128224786e-05,3.8829904905724444,2
4.406090363015457,1.9044417652591496e-05,2.929723283933541,2
15.101100225645874,2.941236785611113e-05,7.513560692719545,4
9.725882347393819,2.012226391934432e-05,2.5694037053355436,1
5.171809742891291,2.5333507784601072e-05,3.9269201097648754,2
4.4734095014760955,2.7612891571489053e-05,3.0204369582871897,2
4.1528401443417815,1.9195900486042437e-05,3.1349542400708925,2
13.91499809995744,3.330314461871052e-05,6.9713874575178325,4
10.496822982073459,3.039885553037324e-05,4.6177328641324635,3
11.558774851319468,3.457933741534741e-05,6.53844034603258,4
8.674266813548668,2.27032308300398e-05,1.8882194300193618,1
10.148219194245861,2.075010971206379e-05,2.9127428349926845,1
9.831592159425604,2.0255689439850088e-05,2.4491132225517944,1
5.171865542278386,2.482585618447813e-05,4.413229063260445,2
9.729445864068934,2.0530028918828203e-05,1.2962626949862948,1
14.656556169959138,2.8587700353880683e-05,6.563110456684601,4
11.713648460230976,1.7783136888969346e-05,4.777115388365129,3
10.043587897518739,2.3189520524712096e-05,1.611774951840776,1
9.533643899845034,1.3062586020004532e-05,2.605427292615911,1
4.751158771602184,1.776453981302186e-05,3.0424878643600493,2
8.28643787125961,1.7246504869807443e-05,1.4579319866939984,1
14.23800756391083,3.8899249081785465e-05,6.0504958408760805,4
5.978710775358647,1.8172778775329267e-05,3.798470428419515,2
9.986897373331862,1.194663760022815e-05,2.2302412861991376,1
3.7349112820313257,1.9229809882301026e-05,3.649201270027408,2
5.375003053792466,3.128532618326615e-05,4.5143830213459495,2
16.660127052213443,3.422083173833658e-05,7.450263959897326,4
6.3833156602083765,1.686571724761641e-05,0.9643303203201546,1
5.9225070535422,1.9748309421940653e-05,4.7054028019826415,2
8.511103148248313,1.1956540215361306e-05,0.7127765194772648,1
17.0861732064757,2.4675289826028625e-05,7.803290671489499,4
8.083971275013427,1.2942238308170932e-05,1.700180189109059,1
14.07584926993448,3.695001425885616e-05,7.353973274987924,4
13.009645023073688,2.9259542084371544e-05,5.563202951827874,4
10.840866231420708,1.4788080336654085e-05,1.7406192207886957,1
14.072200326921399,3.646587607119594e-05,6.1228454701350055,4
9.590586184793024,1.4890075845787124e-05,2.0001117752798265,1
7.1667553760196885,2.2756200885174167e-05,4.363248527877386,2
9.236038811692477,1.1933427361267603e-05,1.4047279257648357,1
5.172342151788981,2.4913776367799805e-05,4.001057863711957,2
9.194832970820078,2.545323156175845e-05,1.610039432435439,1
4.609259800293127,2.42412592678825e-05,4.357684144200028,2
12.595097645437358,2.5063779572529235e-05,4.380090140275902,3
5.956552907013139,2.7513117841677055e-05,4.6938982437561085,2
13.978588241041445,3.2890382810180865e-05,6.01499224989485,4
8.607377764419537,1.319901086882487e-05,1.3121233643783905,1
8.62804550959621,2.128746881581815e-05,1.587460211854959,1
11.741660333124276,3.7445409877966716e-05,7.623258986090165,4
13.547339995268802,3.3362987905300205e-05,6.273858984937941,4
14.1574892986497,3.0993148542988795e-05,4.999159777878281,3
4.786850077221442,2.3905454479906785e-05,3.2113873959624604,2
10.163220150915336,1.480048805454925e-05,2.4706628201764618,1
6.608135559944936,2.7302300255886e-05,4.751715724055183,2
9.301606961473041,1.7703467732160244e-05,1.8369946242472968,1
11.985383130106424,3.078603280885013e-05,3.728268982595133,3
8.414198644105447,2.094361255708913e-05,2.334541740313333,1
14.66557713507562,3.095297236809639e-05,6.701970776462309,4
15.203535759983106,2.3046519913530975e-05,7.087444135977152,4
10.229638152326121,3.0409495968949375e-05,4.8290442141771175,4
8.768700833965553,1.4358224614652653e-05,0.8283669123435988,1
5.548657761843885,2.0947631356218744e-05,3.9817436556032635,2
12.649881235309383,3.077335413763089e-05,5.822621486155254,4
10.702117152545824,2.3614821799044953e-05,2.535776992919201,1
12.873464138939774,2.4697597310691062e-05,6.213200803417063,4
5.811326719649969,2.1900290819937228e-05,3.738741347113176,2
5.373656361092026,2.4395638371478294e-05,3.411832597069212,2
8.877719676872758,1.4914878313209092e-05,1.5793745883382106,1
14.195005875976374,3.626296427412556e-05,6.733601577465858,4
4.225725046185976,1.7572754790761824e-05,3.110601226892152,2
5.627502058914711,2.4042770107734423e-05,4.092331986996829,2
5.18277083231416,2.2870603869256604e-05,3.8497953346244502,2
8.035538475213782,1.8924225464958705e-05,1.6333290100906255,1
14.90938536456185,2.653586508844977e-05,7.354289071550077,4
7.7503582368440425,1.8441026900728307e-05,1.0467741208764578,1
5.786820336814953,2.4654900709747684e-05,4.02240216376182,2
11.124972424231586,3.574648494273118e-05,4.639475480683415,3
13.846831911350579,3.06785068397542e-05,8.08085671122139,4
16.949215920925386,3.005475225999751e-05,7.081231920988232,4
7.324531095250616,2.3988054860126155e-05,4.72836612594052,2
7.941739355190087,2.608806691831356e-05,1.8963466776852886,1
9.25786410089912,2.43137211127216e-05,1.339089902708699,1
13.147060018304206,3.407975831007288e-05,5.511434527968239,4
7.951330051418534,1.42052638523237e-05,0.716011153028024,1
3.3753645420634975,2.9014321927714782e-05,3.0053947317853593,2
3.1109593753565816,2.355286884385737e-05,2.4466463205958844,2
4.730613178113273,2.8959318299978685e-05,2.907390769625142,2
7.85386213495622,1.6323135420506673e-05,2.34990134989551,1
4.374168533855463,2.5480462180676482e-05,3.1578035122992043,2
16.314136540218616,2.500781746384084e-05,7.7526964544648465,4
15.687929957522122,3.342076034127203e-05,6.313093349111939,4
13.787209083272403,3.751692570365242e-05,5.81139337947285,4
13.006371765725362,2.173719297749685e-05,6.184284188598349,4
14.388707453297684,3.914087628072524e-05,6.30879036583332,4
9.717271801334658,2.1695621404472185e-05,2.2468857533932884,1
9.62528812648634,1.8846943205141797e-05,2.376516961143645,1
5.872729497874662,2.422184580914644e-05,3.840256999384847,2
4.721504814581996,2.2750601289665232e-05,3.881139849219215,2
7.245635750233098,1.8915763743608667e-05,1.6825304778008379,2
6.024089151853273,2.33142018495804e-05,2.207743785744891,2
5.208418966952387,2.5980775654576262e-05,3.026540583277506,2
14.774133607117307,4.0989464700101746e-05,6.199949286425046,4
10.900195384651248,2.1451194883560768e-05,2.3093488509230173,1
5.1717811784263645,2.4842830375629765e-05,4.402423823107865,2
15.027222119668147,3.8285785919022865e-05,6.039081925959181,4
15.02092010924952,2.5918684703919097e-05,6.029022789597645,4
13.649334316348487,3.1530624077129246e-05,4.774601001184225,4
9.625088014496109,2.2706539530798065e-05,2.0860268490449543,1
7.579092684323203,2.9694430196741478e-05,1.9842191403106724,1
9.97568246111824,1.947488625517244e-05,1.8247531434934312,1
5.7957037927500625,2.9992141025286284e-05,3.421034246857576,2
9.125554853999288,1.8417964148432496e-05,2.107605812911807,1
13.849466630725514,2.7528622163886916e-05,6.609933363733953,4
15.341789568966348,3.0696347210287274e-05,7.618923815018745,4
8.665128079119063,1.4948112986322599e-05,1.4671132289828168,1
13.895900785854343,3.530998668102455e-05,6.8274677666971595,4
7.623115313407711,1.7551244314855312e-05,1.8002463790057648,1
5.70702492039296,2.412669940566341e-05,3.61329412237076,2
13.639181246181472,2.874556208322514e-05,6.901006331343483,4
14.311671366334098,3.327158727185963e-05,6.375834804446239,4
5.542042265037692,2.9729392623464078e-05,3.617901549268807,2
17.37980381834682,2.6666208142293828e-05,6.769816061763445,4
9.50627990696789,2.0282060925870214e-05,2.477815894354255,1
15.080615162666506,3.9138228241606784e-05,6.230043106346617,4
9.676682479078138,1.816241558624642e-05,1.9646749775175523,1
6.085801681888546,1.937029934949687e-05,3.954115121630748,2
6.213591818422468,1.897826486186347e-05,4.811687727601941,2
17.568443169696863,3.602610249184722e-05,8.69460374933605,4
13.856465066139213,2.3457332174660976e-05,5.699881778930972,4
14.264951781871563,2.669819127436e-05,4.652356390874263,3
13.48151452619873,4.0007058389098364e-05,7.224104760447785,4
5.2184277495919265,2.7892741780450483e-05,3.716195272196188,2
5.503534352412009,1.6464465392195315e-05,3.722541640105344,2
9.248654239791787,1.8317338218782148e-05,2.544020320078249,1
15.9274382818252,2.201606306799248e-05,7.349007520418439,4
8.789239323907974,1.2801147370190188e-05,1.293598291136631,1
14.578045372600965,2.7953353008250156e-05,5.6570763550235945,4
6.8939555501813485,1.5207284332781805e-05,1.665053683928222,1
5.428727146109818,2.550530801817512e-05,3.6470931863414693,2
5.7852934954137805,2.309854091250987e-05,4.425024170512663,2
9.338519437161732,2.209240551932922e-05,1.6117605153324277,1
13.645693685857376,3.492640449112867e-05,6.761423666227696,4
8.12566714627375,2.5874401570079852e-05,1.9355446946097332,1
15.34617162765894,3.464023982411507e-05,6.009674324599217,4
3.6221119746102124,1.4984260670304502e-05,3.0422489231217127,2
13.55284063834499,3.981442747598423e-05,6.368253799076775,4
5.518320308673796,1.9325429020527273e-05,4.138673917890472,2
4.587973497974769,2.4982832419072588e-05,2.4875273779988945,2
9.328332917369398,1.6699323618775116e-05,1.7798192601686806,1
12.170348076892578,2.7630455360167736e-05,3.520803454592545,3
10.518258791139841,2.0812973216525062e-05,2.367720327648665,1
14.797691413284426,3.081962104635657e-05,6.606114776991244,4
6.198708282954424,2.3791647859677258e-05,3.338128959524839,2
10.36771648783463,2.0458707500781396e-05,1.3667317391270304,1
14.625856419116356,3.7439513482613605e-05,6.447881917601601,4
14.889308714129047,3.313777000767051e-05,6.603807659004695,4
9.265805874355252,1.680980363553365e-05,2.1215492997698977,1
5.12671284254454,2.5240402314841613e-05,3.0359708971318193,2
10.12222123858783,1.4967786512133305e-05,1.9453149732468504,1
14.942083224366392,2.21823222031315e-05,7.072463276399825,4
14.766927841125614,2.7713115992897142e-05,5.5486627932452866,4
6.055258399313411,2.8645920819269875e-05,4.255302642327083,2
8.914867337519699,2.230113352912616e-05,1.7339724670003185,1
5.715169160877265,1.861633510553566e-05,4.077099340001559,2
5.327153629401151,2.463051835536178e-05,3.8299971189327335,2
8.382983985798964,1.1304297522462876e-05,1.655720155471574,1
8.009734869864857,2.0189846808737538e-05,0.987002688138236,1
12.591549112373142,2.9387659966917055e-05,5.789429136461866,4
3.6203432977782404,2.519064402959726e-05,2.9000313530560975,2
12.689414297032586,3.176089754802048e-05,5.7590541566443125,4
8.633312264713862,1.0875860882369536e-05,1.5630791539439017,1
8.775208838924284,1.5183185451144259e-05,2.0865170298277307,1
8.051114093941974,2.3502887835296292e-05,1.958557795554838,1
10.430802102723714,2.647411054772138e-05,1.9570510386892483,1
5.766390893837716,2.4456786839532438e-05,4.152553923644156,2
9.970811082281582,2.1239603070333293e-05,1.7230889357143546,1
9.907473743471328,1.8902770083331602e-05,1.8475246049853689,1
9.365664424148399,1.2640188284515067e-05,1.7676342542254049,1
8.980253008067022,1.565654498970408e-05,2.6562976797938966,1
9.825928960011446,1.7197724683024785e-05,1.9097169174032753,1
11.400558430918677,4.1001006390768566e-05,6.455591805572691,4
9.116530818276555,1.6487151766898134e-05,1.9441472507975135,1
11.534440065529006,2.8036802230964412e-05,6.290461119785457,4
4.711757147521503,1.8832028297658682e-05,2.479493892410077,2
8.515151683986044,1.8209298113389512e-05,1.1051435154354594,1
6.1238186207446,2.1623468991586736e-05,5.085292527382942,2
8.554212405680346,1.6619399596220013e-05,2.0033448746699927,1
14.155870910313746,2.815495526456642e-05,6.653119600406166,4
4.826520610411554,2.6686007830273517e-05,2.6411714951628498,2
8.595371531397333,2.3706213609814054e-05,2.111371888754973,1
12.593996192370799,2.8351662862653594e-05,5.008767157640186,3
14.555019504757272,3.8076449139181826e-05,7.140061880272241,4
14.043196417127806,2.7543905456207215e-05,6.904544456771515,4
15.765282158206439,3.540008383802907e-05,6.514931773039284,4
13.526908745781581,3.729245637817606e-05,6.014067087751309,4
6.06241792773266,2.2507673727513574e-05,4.416925830311801,2
16.190478983778647,4.075796228245694e-05,7.401988127753343,4
16.391518299349602,3.453077220631423e-05,7.321384459691855,4
13.847594825296008,3.2747309380250636e-05,4.663744681724825,3
8.436377146482904,1.97304721828492e-05,1.735880963765362,1
10.3354513636729,1.2625498603324984e-05,2.3591892634225813,1
5.640251778745858,2.6947795455852308e-05,3.7165773247709053,2
5.441912715576265,1.9476043775346996e-05,3.797067986351256,2
10.988434975520725,3.624370019958302e-05,5.22953105021122,4
8.780322167456857,1.856072971859976e-05,2.1726823674648146,1
8.670188938044772,1.812309566858703e-05,1.7935002628136072,1
10.841930413538654,1.5166935412422147e-05,1.8829097182803656,1
4.112849639324838,3.0033832181667125e-05,3.4228533536878363,2
6.553528574515104,2.3613654121666015e-05,4.161318092133271,2
12.581121717144907,2.6504902929894867e-05,6.328440646717603,4
9.042409529076066,2.032860671523797e-05,2.623438394605741,1
13.754219811909305,2.895311671307773e-05,6.236055684209697,4
10.414660977176409,1.4189688843196169e-05,3.352842681767874,1
9.95678672808219,1.8261809933923837e-05,1.2271350436884514,1
11.704722831037621,2.153507531612121e-05,4.06062529152492,3
6.095098379435477,1.9733898716698035e-05,4.201929634452565,2
8.483011870898892,1.3587670055571944e-05,0.9369084690067695,1
12.574621022839692,2.649367030713489e-05,5.861864857027158,4
10.32882095486952,2.1167324729947538e-05,2.1883031087643285,1
14.004777189424674,2.3941103501427054e-05,6.480143288687739,4
16.49978392603105,3.044999750126854e-05,7.996636899753473,4
9.206753604950965,1.6233578548326094e-05,1.7780112674018194,1
3.6496159201063803,2.6737596432055086e-05,2.797294564366818,2
9.815989972727643,2.538898334536308e-05,1.7370315826388623,1
7.808618752355525,1.6378432408981693e-05,2.1799791705286182,1
6.349441537924631,2.241723047741615e-05,3.320213891623088,2
6.308135284975344,2.128788892427013e-05,4.888158128004478,2
3.711316056259979,2.1031234395667625e-05,3.6336046393653127,2
7.359512354401421,2.1832929369657767e-05,4.270935490453077,2
11.694451848554802,2.7239118532528015e-05,4.523186985413769,3
6.293756901702224,1.7834820362739836e-05,4.883024059618361,2
7.408556853236298,2.722323206696536e-05,1.9574993965378236,1
9.587427184202507,1.620554769940465e-05,2.1334566927403973,1
15.258512916908314,3.3882833521899924e-05,6.599768912537837,4
5.1269341859888655,1.7937564794366848e-05,3.1340932237320773,2
4.822954214170118,2.991767297005691e-05,3.283239240743263,2
5.289303976335303,2.158521235159383e-05,3.634012026135566,2
12.458849653514921,2.7765470348075855e-05,4.630169913400165,3
15.019702626879262,3.114761134657502e-05,7.766358981716027,4
11.035583963935146,3.4115821960059344e-05,4.168025051119047,3
4.913019384711968,1.988236087407881e-05,3.95979323328848,2
5.438677622728623,2.6739765796710207e-05,3.8654919484025574,2
10.211775106888838,1.740894787796463e-05,2.719617790234439,1
10.522077233161955,1.9665847262262067e-05,1.9351022614591091,1
8.144633730073569,1.789494284406118e-05,1.418221875306068,1
10.230580078953038,1.5359398427704477e-05,3.154326007482919,1
8.601712836883845,1.9036547780854068e-05,2.2097946897002827,1
9.960728323952534,2.2282960059767262e-05,2.617599921843752,1
9.081743885521792,1.5215563108262428e-05,1.9296282295796994,1
10.516945053014503,2.384138634692457e-05,3.122776185435452,1
4.645053935070157,1.914652193650626e-05,3.914255730806965,2
5.703212960184379,2.011980111533918e-05,4.1017269164888965,2
4.26423156055048,2.218592410026333e-05,3.1816812297255077,2
3.8524452949907224,2.3318549896077572e-05,3.6764874204404947,2
12.378756723480317,3.872235914366358e-05,5.594662527078128,4
16.531245760659374,2.7646797671457928e-05,7.9146181699237825,4
7.545314538920589,1.823626612694495e-05,1.8925482305225079,1
5.326631084361706,1.9304032342758317e-05,2.8186428207749006,2
4.464427182704316,2.0715585244306085e-05,2.758127554961982,2
9.506405215482431,2.4592499489900132e-05,2.545972707263643,1
5.262846992357813,1.698530908327059e-05,2.827832341167564,2
5.333007209111923,2.038101306704777e-05,3.3855568477632687,2
5.373137361869713,2.1622883200847032e-05,3.690608215697244,2
7.300300639610721,2.303386902254566e-05,3.8215034647735115,2
12.806233800206044,2.8741696820770185e-05,4.961759640250602,3
17.135251463800657,3.342858046042877e-05,7.901366794055859,4
10.544446329228514,2.09509756465435e-05,2.5224367588360592,1
9.981481143955495,1.67995058207889e-05,1.5366612498011132,1
8.046601318614979,1.4667880869038976e-05,1.4008456603332449,1
9.572500233746242,1.919455217917657e-05,2.666947564426893,1
9.300863071543297,1.8649282273048716e-05,1.8922990874584935,1
4.479546100733585,1.913150636562584e-05,2.8162838455709824,2
8.10976238081664,1.8935825434975526e-05,1.4387635782689874,1
13.969522910297348,3.135049425819561e-05,6.263261169418963,4
8.277706654621513,1.9643822381072805e-05,1.1702466638995968,1
15.2194808441332,4.2248612246423873e-05,6.999830370159367,4
11.649128993166812,2.9862991969123538e-05,4.878726008030098,3
11.797351575598265,2.8787495039310418e-05,4.445488681684941,3
13.969870276517334,3.0523158692793226e-05,6.142409897606462,4
4.900994796792287,2.3726714443434056e-05,4.30360598226796,2
5.21613474458819,2.330974227050525e-05,2.5180996812176133,2
12.991965607080665,2.9896907288081022e-05,5.759713812211273,4
11.539573800432247,1.6383753646033085e-05,2.1768581227556822,1
5.3800378358689995,2.068214968682568e-05,4.067452017646668,2
5.068108213986298,2.2485166974662404e-05,3.193613742905061,2
12.660252058349812,3.2306861557016124e-05,6.589880002462254,4
3.696189024940222,1.7158070507603954e-05,3.662779337473659,2
13.181116323790235,4.427784994835829e-05,6.173914486088686,4
14.966524860618637,3.630031223944665e-05,6.181531131703657,4
9.447365060438678,1.7739676395186362e-05,2.0905360008837626,1
10.282791869016487,2.2254703605068662e-05,1.8062124931794703,1
10.537904186644083,1.5013841034400472e-05,2.344642946630772,1
8.77252291303153,1.9570132584052682e-05,1.1592542383704245,2
5.15000357069199,2.9470060106535645e-05,3.444910864031314,2
2.8967463117679255,2.344292559824285e-05,2.5696653132564555,2
9.214470412069106,2.8873132813440028e-05,2.301072164197106,1
8.413535133344947,1.8649134464916978e-05,2.330504319158657,1
3.84408072906835,3.0505465787110535e-05,3.358281306955601,2
6.046777632522446,2.3248347715335757e-05,3.8513606451280893,2
4.620407335310865,3.0344785839237683e-05,3.7043500880846505,2
15.980222095001684,3.435167826900347e-05,5.705316445531467,4
4.298512505676946,2.446886822438769e-05,2.99758697285334,2
9.57937908677397,1.9335395641482958e-05,1.7893681117917537,1
14.116929203028825,3.1888481766652576e-05,6.945812013460566,4
12.530911678203529,2.189860834453896e-05,4.482119342982267,3
14.660609582040875,3.337220147110239e-05,7.244706152910801,4
13.932573527172138,3.755416987935368e-05,6.334747479554514,4
5.007729281057697,1.9095554551525322e-05,3.7477079622052196,2
5.437922152371248,1.9559951063394766e-05,3.584152268438106,2
8.434439991138616,1.900635666841963e-05,1.9503005099566753,1
9.87968793647824,2.1360094389771585e-05,2.4940743403693677,1
17.27857607968968,2.6044430866447823e-05,7.793152085894025,4
5.024175441486585,2.504797073144981e-05,4.032678654117084,2
13.649048995391649,3.0021981496504052e-05,4.788324246068237,3
16.07409281292521,3.668841797456037e-05,7.443535560738686,4
7.919222021029945,1.6845352013305534e-05,2.0975358686302554,1
15.586288878066972,2.998911740298947e-05,8.016852042515,4
3.263892875411975,2.047444311477358e-05,3.0525042633632964,2
9.083724228690185,2.2227781967547998e-05,1.764489835531255,1
4.235271670466911,2.7589868308644773e-05,3.977111574786382,2
5.5124114671192554,2.3939294290134578e-05,3.4522298529700306,2
7.012559100901717,2.249255503501494e-05,1.4049375045815227,1
7.163798643780703,2.217784650934791e-05,1.6738632705903986,1
12.743260895272403,2.4738110223688205e-05,4.469785727854238,3
15.294233515446052,3.116067589006148e-05,6.453966563894635,4
15.433834845934332,2.8335337906279904e-05,6.745089824339144,4
15.126765310909066,3.1866026195125546e-05,7.432385436383823,4
15.328601682187667,3.771973566041937e-05,7.688383972479926,4
12.603038511258049,3.1382413695223794e-05,7.229827303924791,4
7.99279887073406,1.3008935573850743e-05,2.097634023577039,1
12.622712408155985,2.7313810115493556e-05,4.841685643859181,3
6.495942854434744,1.4177605986100954e-05,1.7340117748816233,1
6.298236503273964,1.727641723209421e-05,4.018514777475193,2
4.241592776493805,2.0407989070608963e-05,3.704755233637113,2
6.290578269418245,3.559482388521589e-05,4.659300367186641,2
5.173974577170037,1.7930572395145296e-05,3.6217425488518282,2
5.069663918078871,2.156096177874907e-05,4.224683114109443,2
4.983873831912842,2.0304513423255365e-05,3.336294281865211,2
9.721123404735904,1.7762477039428823e-05,1.5046510797369552,1
17.56342677578708,3.431233741444249e-05,8.295841620532743,4
9.210219596560355,2.024185859972168e-05,1.3746673405898973,1
9.31804624722874,2.0931568114991913e-05,1.681275384867043,1
8.027070056838149,1.8553403292541984e-05,1.9179026992623436,1
5.016478486210659,2.298774204251824e-05,3.10798016212931,2
9.55125488660045,1.9201090266495543e-05,2.3893110364664305,1
5.542474103769674,2.7513226173484783e-05,3.356082468328581,2
10.14144028157361,2.229801789802728e-05,2.139300158226059,1
5.65994103990552,3.051934472808649e-05,3.8775447424219935,2
8.883308832958475,2.2350246337666663e-05,1.3402698470815877,1
9.242421084840885,2.0253149584512282e-05,1.592564931453025,1
12.444421823969034,3.469285161054245e-05,5.785819135319966,4
8.236947821853107,2.599034597790688e-05,4.211760887614242,2
14.965451653958636,3.2782513113908586e-05,7.8694035141354215,4
6.122822040173057,1.9029992519028292e-05,3.9579820505259473,2
6.510494748712587,1.8463079442144102e-05,4.513674813487631,2
14.501153694000283,3.80711326190438e-05,6.776599529551741,4
10.68461806020813,2.1934738788464128e-05,2.0625996159863353,1
12.42573287724618,3.0735855856020755e-05,4.193516585169156,3
7.004860770240586,2.045867399601174e-05,1.4130169848134886,1
5.679922290489474,2.3309349616872853e-05,3.6024422290516815,2
9.308335631585162,1.675701247879501e-05,2.078690723692962,1
10.250037255338587,1.4631450511585945e-05,1.697527575666782,1
13.827496097550796,2.505638728824332e-05,7.166872197879794,4
10.534114985395899,3.301894143803909e-05,3.6887334646093803,3
13.360937739415158,3.159508554316538e-05,5.800442381469378,4
5.3224604836466565,2.2602496646505525e-05,3.208978676038698,2
9.043464437916093,2.0387885243526825e-05,1.2286755591542726,1
6.073679619217708,1.9127179009241754e-05,4.227678438571937,2
8.009564605876745,1.7281925303522083e-05,1.366741378792509,1
9.686139549252143,1.8206980120287358e-05,1.1432761601570365,1
10.545349118817356,1.6239610990757606e-05,1.649395828970944,1
17.225625215078637,3.2953867749777525e-05,7.116970033629351,4
5.0351437718484195,2.654303289320758e-05,3.588866351842361,2
3.3846696203357656,2.7867226369774596e-05,3.3136709372481805,2
5.716975942527677,2.4935553936435574e-05,3.4107715490430985,2
3.337644761941831,2.5552680164470168e-05,2.41677379355943,2
11.638323560747281,3.42823923905637e-05,4.571152080657912,4
14.483412253925417,3.9116392886655836e-05,6.109211843855234,4
7.8246003766941055,2.3385444745886976e-05,1.1390016435027779,1
9.433301121746402,2.00726155051416e-05,1.23231465845102,1
10.601325653538012,1.7554160748418267e-05,2.759519445479497,1
8.553987784979803,2.0995803543536e-05,1.670269428052707,1
15.266252830458182,3.286303050520121e-05,6.271001823603658,4
4.201987621540931,2.0675837828483228e-05,3.8762477071747288,2
7.729787923674356,1.8884389995397647e-05,1.5906053080071987,1
6.751155754017676,1.5668258287736088e-05,2.1249699018210007,1
13.471507098084853,3.4862842501455766e-05,7.651298745170811,4
4.415680609844321,2.7486565839700034e-05,3.4135883686778246,2
12.543815797661093,3.128911460589947e-05,6.9845550001361705,4
5.454947728273622,1.9787529067868846e-05,4.608028948499885,2
11.974504309260018,2.3813153446051137e-05,4.357233580311359,4
8.236824895806702,1.3254754063990901e-05,1.7692255098107526,1
11.93529970880061,1.9417016428028463e-05,2.568592429487529,1
13.350221421564662,2.8645952175094753e-05,5.257208333375756,4
6.989116569087864,2.2295711308225387e-05,5.00712945000586,2
3.9323502135339217,2.7976945367998874e-05,3.2575753326157546,2
9.967244272651994,1.9837587686258656e-05,1.931300049626684,1
4.884982467864781,2.5694406975440403e-05,3.2653447127060224,2
10.175801600449454,1.496461060838549e-05,1.5660366538833403,1
8.015148910523067,2.0798903445851882e-05,1.2191123916876143,1
3.339993095763978,2.356326433200098e-05,3.6427857940735366,2
12.437019023796662,2.7775685426778155e-05,4.976483824540281,3
15.241990309512207,3.225176854825252e-05,6.285770751139283,4
14.147095909091282,3.382423682356495e-05,7.694318044443946,4
5.950062275778318,1.9661478478431437e-05,4.167879340323679,2
5.872318939994005,2.5207346652251196e-05,4.159358470092241,2
13.894929635864983,2.899368768408042e-05,6.1570955742480535,4
13.720656116670582,3.792984179452164e-05,6.081364869829693,4
6.244746076898928,2.0958204749113058e-05,4.336872347726173,2
6.8693718848745515,1.9935747283710526e-05,2.057721163851012,1
18.08133713869858,2.8241817166558303e-05,8.131613958768469,4
10.391367031653958,1.9195436149507496e-05,2.3434934304399113,1
6.637835337931483,2.680273359824556e-05,4.337001848787786,2
13.459870025812089,3.1035064211541287e-05,7.611810529572275,4
9.187261876587751,1.8996287189152785e-05,1.9097325758627177,1
15.833849582415475,3.714674363807619e-05,6.707679219034574,4
8.716383166263899,2.0078601262372708e-05,2.179415143248987,1
7.485403475987478,1.8682930386963603e-05,1.8637793725372322,1
5.289830853297294,2.109918457186513e-05,3.8155499034985842,2
13.435729743297607,3.18601031465482e-05,5.69099091404642,4
8.27880094270524,2.3207897848141453e-05,1.972335133469601,1
10.350220324816227,1.7389870905470305e-05,2.304456792270778,1
15.746259389877201,3.128326732081762e-05,7.652399994666687,4
10.564773756730476,3.251526072390026e-05,5.425699120290135,4
15.063726957995838,2.8371097383532292e-05,5.022565047895797,4
5.72901761291882,1.721819597360614e-05,3.743118131424642,2
5.926904611791949,2.5320451877699404e-05,4.745116069551637,2
5.536380598987741,2.2469976199612683e-05,3.557457657911633,2
9.583593366842628,1.6053604643075077e-05,2.2751347879876946,1
4.49577117399874,2.2130774162219343e-05,2.7829728143269854,2
4.6352983428591665,1.684426772596878e-05,3.3136429876112174,2
6.895023419329791,1.3907548341224715e-05,1.6402694726587483,1
9.564640703445955,1.6595659314914472e-05,1.691810479871914,1
14.366875919680632,2.8536546807317354e-05,7.832035087038823,4
3.7648908578261664,3.0297099569184384e-05,3.4434742710987827,2
13.825034072914681,3.2592037007926247e-05,6.361137463765811,4
4.060910976956171,2.8342836351532447e-05,2.4506011232224596,2
17.075739507405,3.3008875495715875e-05,8.483142073377882,4
13.779176176761215,2.7917167879497722e-05,7.181431039154106,4
12.825477817995845,3.261030009002027e-05,5.672204796670326,4
6.682664626979454,2.8888156924433573e-05,4.28062350763609,2
11.899880364328643,3.862902711027602e-05,4.3333610636057776,4
6.2230774922602485,1.74004310673093e-05,3.2175242589504807,2
4.962092886878331,2.155014992855153e-05,3.8513581746223173,2
3.5212484777733697,2.64287605711875e-05,3.1292326721984227,2
4.2101400084670155,2.665070722432142e-05,3.0134903438969776,2
4.865652106015036,2.6671018416943422e-05,3.2458362916430055,2
5.946141291101056,2.3351360884946903e-05,3.7606079906546306,2
6.5391080429261255,2.555241904112736e-05,5.216102512846293,2
4.989054134218739,2.2495139755387168e-05,3.596870015627938,2
6.171244102071072,2.805980038687441e-05,4.632102672459796,2
4.90614387577871,2.0620713325548053e-05,3.1818604722177533,2
4.738827896104009,2.177605211387099e-05,3.1840542011961577,2
9.702312697185812,1.8657739990580335e-05,2.4979600474783323,1
3.1651710321544138,2.6964339029849673e-05,2.0062355213478757,2
6.683836300816159,1.9485332846316685e-05,4.39963227666531,2
9.911668441356303,2.0086328836630815e-05,2.256734370634533,1
15.496715659626203,3.4890538833931195e-05,7.91608402407652,4
9.415831333194907,1.653199539424825e-05,0.9325956819291839,1
9.067708278159316,1.8099429675095258e-05,2.1124296012417556,1
8.926318653070611,1.8886312042944078e-05,1.6377366655219374,1
7.220139921347159,2.697333826724964e-05,5.106246645002916,2
4.974383372417563,1.7684136449353866e-05,4.3162948141633315,2
9.368023188351433,2.5135440537554233e-05,1.99989460116077,1
12.23791461791572,2.9437789953172638e-05,4.470351092226141,3
4.477694881089155,2.7217159801754454e-05,4.164996958378664,2
5.076574094010304,2.6038460175744085e-05,3.2653598588694868,2
15.997881494378172,3.0775747621809935e-05,7.130316844655811,4
16.688985847186274,3.373307241617742e-05,6.216905245311153,4
4.171169312281354,1.8083714052972068e-05,3.5476587137473112,2
11.557484340945397,2.3609809903017712e-05,3.9273058614884677,3
7.802587445891319,2.2960330845441528e-05,1.6082425260542834,1
8.217763262775584,1.0246522884790946e-05,1.215915022599225,1
9.486438605769674,2.0708181233297164e-05,1.8604038295237562,1
14.608999982414879,2.2795819156402087e-05,6.380297256099034,4
9.984585960670561,1.6381234293886858e-05,2.1640041272322548,1
16.39811710208655,3.282144340086765e-05,7.979619061721475,4
14.132647230614062,4.1110728846966536e-05,6.273475409917871,4
9.380141607802436,2.1183256132085742e-05,2.2206969625468735,1
4.906899070823688,2.1085822316323957e-05,2.971954913848938,2
12.63839923001161,2.924112238610063e-05,6.444579597011146,4
6.323839054290932,1.8192542073504727e-05,0.8531368639609689,1
7.21292310527252,1.637271127293848e-05,1.7385686038042545,1
8.518366922475032,2.696445398971608e-05,2.240989688258491,1
15.724455039578139,3.3072940170303044e-05,7.77390483962999,4
5.363022289063516,2.773246669855429e-05,4.359458228041226,2
12.422125525084809,3.100586985694806e-05,5.88734648006257,4
13.367484531581136,2.5614160014122303e-05,5.983227753486292,4
5.5612598386984375,2.494098178050119e-05,3.448986797348184,2
11.320324491516567,3.962244251005302e-05,4.021637206612955,4
8.479966544039343,1.6386471801810228e-05,2.1568924271936702,1
5.716617339252829,1.7743176319413937e-05,3.8589133114064103,2
8.912831937364718,2.2276068060934338e-05,2.2724644699160095,1
11.885066231267102,3.3297511911435716e-05,5.734035052663498,4
7.35965016082599,1.807204894353356e-05,1.1221064971221972,1
9.303878121023018,2.1579590258139774e-05,2.201563670163464,1
8.983374030588923,1.892310445331401e-05,1.2098328739131108,1
7.510960815468964,2.2636817575719573e-05,1.6460454295110152,1
5.575772438704865,2.142629491739851e-05,3.399079343992404,2
10.074843181286196,1.1715169991547405e-05,1.45562873690741,1
4.257145857353128,2.2848470525675604e-05,2.529654566046834,2
5.17221286449381,1.6315472830840052e-05,3.8058562777177594,2
12.883923386179758,3.559142248332258e-05,5.092419255240717,4
9.010714721615813,1.4544647092199817e-05,1.5669628723456417,1
5.072660646913022,2.2116050813941037e-05,2.820346037467665,2
11.24821497295205,2.7838858584159393e-05,6.082509851047062,4
4.536013017669414,1.6318180343342695e-05,2.8525365565418372,2
10.300928507018398,2.458821652243046e-05,1.8517440620462051,1
12.8291682824449,2.430143564287533e-05,4.29983154632823,3
7.004557367662802,1.4966850268981019e-05,0.917751013265401,1
12.307269916070965,3.3652753944184064e-05,5.080236152865359,4
4.775843548873996,2.79831656197764e-05,3.458155792250351,2
7.603603770733367,1.386208605511475e-05,1.7337943183856115,1
9.596955815954423,1.6142593913687103e-05,2.423754901050609,1
13.62776449553437,3.054607314057084e-05,5.940752470517389,4
5.500860008260297,2.8533916817289438e-05,3.588503923759095,2
3.896761453421778,2.262543202379833e-05,2.6047149584768183,2
9.491051530322586,2.0729531989742353e-05,2.339348979425535,1
10.742491906705872,2.0790667955818663e-05,2.2934245595354668,1
8.292944294421096,1.9449151768328776e-05,2.267000248090737,1
4.867864716239664,1.9072509506001123e-05,3.223406740368075,2
4.334820731578299,1.6852496350100158e-05,3.756462710331416,2
4.355637562550414,2.753394865123476e-05,3.4667347669445365,2
9.365248940005758,1.7461542219689664e-05,1.6799458951337507,1
6.017705479631407,1.8925038861763795e-05,3.9817399522687413,2
9.37311857613196,2.584234529507969e-05,0.9750333203870103,1
9.529647340629666,1.9251618303938765e-05,1.060126137928883,1
3.2623052728809507,1.903068265971613e-05,3.3688651352059593,2
8.877938855384034,1.3851768686365062e-05,1.6895727605025102,1
14.006127670745656,3.3549659602927325e-05,6.367337731431213,4
10.65465000031594,1.6747176107328838e-05,2.5180667543189603,1
12.34268289504159,2.8359622649244275e-05,5.89591190725218,4
17.513144336806228,2.5480943393015176e-05,6.9766499963011315,4
6.337960003401507,1.7433273538471903e-05,4.0854906165175,2
13.868788005260079,3.2884579154067185e-05,6.731941420378779,4
6.34330912738405,2.4408049610231614e-05,4.4640886615410675,2
12.672254056508613,3.483907143838274e-05,4.5660324302656266,4
9.218541286091552,1.6330917484406026e-05,1.3966485024339315,1
6.931331244571777,2.6843592668444974e-05,4.045056647500166,2
13.872260362335588,2.283209086597052e-05,3.897570103827508,3
7.815951874186192,1.4290040695491955e-05,0.6302649644491525,1
4.654320586191063,1.7533408076152957e-05,3.7875478208144275,2
4.613814351512967,2.3046920486298006e-05,3.491119283711817,2
4.190369033374822,1.9211982641509977e-05,3.0741389911557393,2
3.9680084760757546,2.5361032281542e-05,2.8861608670511045,2
8.008469750530388,2.2282841345569142e-05,1.408487593991262,1
10.120796397858916,2.20339897588834e-05,2.04160038883324,1
6.147236696495858,2.175080438500809e-05,3.9292225696784757,2
9.570750086128266,1.7224044688676306e-05,1.7932777448490946,1
16.435274063268302,3.2181443610668364e-05,6.891197360536048,4
4.931224794287777,1.638891156622025e-05,2.5254355238480697,2
9.038581817408403,2.0388351360990747e-05,1.7087951844003157,1
4.635694943458279,2.2252340415800203e-05,3.98397687156226,2
8.881097754788057,1.8024466112305717e-05,1.9910993364543899,1
6.925742233911004,2.4389734425340347e-05,4.630316866671504,2
5.586703007868042,2.1111167085099833e-05,3.6070377269991765,2
9.38747613456536,2.226556613098631e-05,2.135328337407483,1
9.239278462157005,1.4050294545843959e-05,2.051070052754223,1
9.154542935356965,1.8638753923856745e-05,2.47672962105865,1
12.42153302969883,2.7828951607572122e-05,4.009037603306947,3
5.031791965500803,1.9700964693845438e-05,3.85839112454477,2
13.508870365709658,2.8937562167976162e-05,6.826023926787345,4
9.748952824953658,1.6229281041296677e-05,1.7577245270973543,1
4.966989090643702,2.1288949208276707e-05,3.877047095994905,2
13.664486011394343,3.064801725254928e-05,5.490737404132933,3
18.332603619325965,2.167209680698894e-05,9.29884346483782,4
13.770512212247844,2.87579975440874e-05,6.541602174828974,4
10.0916034675165,2.243384475814966e-05,1.6710313918767061,1
14.606708509900015,2.964962172399444e-05,6.3546326507907,4
7.554347184213447,2.3969783318173617e-05,4.227819733950666,2
8.920825697707208,2.109817960226211e-05,2.4657197105039845,1
13.03143578166809,3.1717395185588146e-05,5.288930836206198,4
2.7430437462816926,2.4886444416150272e-05,2.468610434045052,2
4.325694018879914,2.3485007423998678e-05,2.946933959542024,2
10.739240916235605,2.3797252058061647e-05,1.8681662730971933,1
5.280797561733261,3.097178835087377e-05,3.0138632135296675,2
5.53512300468018,2.250511177391896e-05,3.436978859235113,2
14.14592844913001,3.218057318179697e-05,6.611063641709803,4
4.813199454246069,1.9979204111522036e-05,3.1049313979589055,2
13.296515955558561,2.6694731029511992e-05,4.48482165176001,3
12.280789735261878,3.0197814243693286e-05,4.332050097723076,3
14.683410163900238,3.4027725053131796e-05,7.729968567169034,4
3.973364816926719,1.8686684601946954e-05,3.1686558587806024,2
5.42593545511293,2.1789850463880283e-05,3.3691453565462854,2
8.448568386071795,2.2177908984019376e-05,1.7027992150851523,1
8.621182525738242,2.0568150005513155e-05,1.327360366928533,1
10.14086481553884,1.6231188407391794e-05,1.8721416928425632,1
5.654659093936855,3.256617537891062e-05,4.477826037869747,2
15.056643816976447,3.82393986259524e-05,7.26266109787139,4
14.482009031389662,2.721187280117678e-05,6.3395959843233385,4
15.432276777271582,3.797016909084373e-05,6.592099210309324,4
4.738873478663695,2.032379260978116e-05,3.467386627088853,2
7.7854293157966,1.785538226717187e-05,1.0935529208725978,1
4.482924374492869,2.5768540578465632e-05,2.886918987743906,2
8.856467457642774,1.958445306503248e-05,2.26923239413365,1
3.9268920185114693,2.809065624485974e-05,3.8682324717135304,2
14.516675046939527,3.4551374748643645e-05,8.197091533465601,4
4.125004930125556,2.655941298279345e-05,2.7036561741691107,2
7.020393154245916,1.918794952398727e-05,1.270184720713251,1
11.500695742046354,1.2458738878754318e-05,2.60959574945373,1
10.560606747333956,1.800932227917259e-05,1.4922659820606254,1
15.603851379179224,3.139246653311307e-05,7.789734509530399,4
4.041424422184516,2.4269839948352917e-05,4.0392810456789245,2
11.870939759786438,3.293081697070821e-05,6.341681269553764,4
7.8266820552628555,1.7130310824185062e-05,1.3204602458530772,1
12.30698395624998,2.384632616561023e-05,4.462590772844145,3
16.587788679281733,3.495120153683414e-05,7.0552552669827335,4
4.62026055489718,2.7846024164196e-05,4.349744393939812,2
17.003987742620208,3.180091741610168e-05,7.121390950303818,4
12.588207704625084,2.3837233028838256e-05,4.0061686990807,3
5.816749501478105,2.2906153135601216e-05,4.74754229482375,2
14.844971581579106,3.0182827787708097e-05,6.4291421643647,4
15.073191717075092,4.062521627924099e-05,6.056444606652559,4
8.198143086675957,2.1184685976707155e-05,2.098017603869792,1
14.232201047610653,3.0424242437841563e-05,5.966210331752377,4
9.6090354063888,1.8385067003532464e-05,1.9305199111753928,1
12.820784699748875,2.8007943132977628e-05,6.687751049375634,4
1.9396427902553426,1.951990935005456e-05,2.5536924979394113,2
9.887460655649594,1.7363285308311085e-05,2.34647721023144,1
14.8895485012232,3.320652959962101e-05,8.04927497736186,4
14.067280057995003,3.5647002500774916e-05,6.035539602495124,4
5.884428156973547,2.0421052200978945e-05,3.576089732279939,2
10.405580828602453,1.2349839103982847e-05,1.4160736447456943,1
9.421376534805825,1.3917237720299353e-05,2.7488760290296588,1
13.5063171267742,3.375386388699379e-05,6.503753704473213,4
16.934991935385142,3.1051663536359184e-05,7.7285820799927665,4
6.405273368063515,2.8830854592649322e-05,4.030497936332815,2
10.56520504575798,1.7241611046602714e-05,1.8938492259238733,1
9.52894219409562,2.0267846878680038e-05,2.0319750989059755,1
4.73830673124114,2.5942128164682816e-05,3.0864860301777983,2
13.484835025838537,3.5143177426713104e-05,6.63264881939834,4
9.016188787029286,2.0874104317074175e-05,1.8307120229537428,1
4.903940116685059,1.624433503026247e-05,3.9098759784350636,2
7.871946442168914,1.6792845574587716e-05,2.5836494284392377,1
8.638388598351353,1.7861085456766786e-05,2.5643213940151206,1
13.945708845211605,3.156736987583901e-05,5.884192946683431,4
3.835410988191458,2.9567361646411036e-05,2.7534998161523374,2
14.48869660654573,3.206706882710242e-05,6.386303001313513,4
9.793798099833063,1.9922210653577474e-05,1.375275473326064,1
14.143125401449073,2.9318735336384905e-05,6.86776326172956,4
5.0277354235491964,1.7647125875663854e-05,3.439740737513027,2
8.141338643163039,1.781466273429613e-05,2.100489349364345,1
8.99414111301435,2.1038341991217935e-05,2.9395078835000317,1
13.764990341413945,3.408361782543242e-05,4.535597723655503,3
16.123159427677997,3.0048583700588238e-05,6.8822207954814445,4
5.446693721955261,2.814710089784499e-05,4.1642424069314,2
9.521500544459032,2.3058341341324775e-05,1.423988411791663,1
9.952927630227826,2.246203774000561e-05,2.101955260269738,1
6.024813776560373,2.7277777413412796e-05,3.4903704286430903,2
8.834020992832246,1.473269866287741e-05,2.9926198443676144,1
6.112411449462699,1.587792789446866e-05,4.285191535538659,2
5.123545053442823,1.718347951434605e-05,3.673726274568566,2
7.399758799918472,1.6595829273486143e-05,1.2000767868091535,1
5.143909435891904,2.208543183092102e-05,3.8130703552919907,2
13.699695642728603,3.6227024015866285e-05,7.000265711063621,4
13.43703524566115,3.0179380410350288e-05,6.8004407545679015,4
3.6556901346523087,2.263413439825849e-05,3.588149913494924,2
11.33847761243856,2.2475455532372664e-05,2.1323880884840167,1
10.379759803502022,2.514971968150562e-05,1.3572500227934194,1
6.467854900664224,2.9766365811432845e-05,4.272879827672285,2
7.669985740901466,2.3567188898812682e-05,0.5171006465839421,1
8.671812087091395,1.6270922510429908e-05,1.7151548903860283,1
6.120914996621537,2.4944721827199755e-05,3.6374344538053682,2
14.071014146959993,3.511903136462129e-05,8.033714927860252,4
15.191971599249761,2.6732169492324958e-05,5.935790888994231,4
5.889701566777855,1.851682144635631e-05,3.4969456653121016,2
6.701150538477093,2.1227334187242907e-05,0.41413741364533685,1
7.673029938367773,2.1651315926833403e-05,2.229347938889895,1
9.138647474894228,1.2314900580700123e-05,1.0922544052710546,1
7.930528643153944,1.8280359586149832e-05,1.2351943562905852,1
12.850295068659722,3.1709349188484494e-05,6.932842946710527,4
8.671568730110307,1.596705743332029e-05,1.8397279589063462,1
10.79503470297972,1.7466947971478522e-05,2.2021363169397574,1
8.83663070854362,1.785146899802733e-05,1.7365640746727782,1
7.064543137014127,2.351412483691091e-05,1.5985785306059581,1
7.6771338898211825,1.4202206389356052e-05,1.0606769375785068,1
9.18214208677879,1.3717425982001342e-05,1.7588504753268375,1
12.41432030761839,2.168290256782268e-05,3.855974855868965,3
15.650184292478022,4.0981132364719763e-05,7.131790874510913,4
15.34904812306243,2.8139468866963676e-05,6.838662972634484,4
5.5362306764614875,2.926578268064405e-05,4.382514734815288,2
5.345450460915242,2.0195368559694556e-05,3.197967392792984,2
16.554339708677983,3.5722624259383337e-05,6.785606922088878,4
15.28924079322522,3.502690335228235e-05,7.130431088818701,4
7.982776518475968,1.5779075108030136e-05,1.481744331067178,1
5.044878477402129,2.5797594428933956e-05,3.000214261587867,2
3.798686875376587,2.36420363874473e-05,3.1404145482211137,2
9.701925850909763,1.6688683173455802e-05,1.925081539409089,1
15.108932253899027,2.8254618982294962e-05,7.382753537478623,4
3.501024898980455,2.4172784705464607e-05,2.713564806427631,2
14.40992360029659,3.2614421351273875e-05,5.040471676847229,4
11.708681760164481,3.1234760473850395e-05,6.026899947285234,4
10.48963558931887,9.824247932886894e-06,1.8238540193755752,1
4.276814423640731,2.4706153655614088e-05,2.98014378510858,2
10.4031848682135,1.9062451648996937e-05,1.9945894384129481,1
4.353333324524945,2.3979686901460555e-05,3.470136194570377,2
9.156650630556783,1.4204305614877038e-05,1.4954532006263601,1
9.720090561564259,1.769691053759891e-05,2.400912660776261,1
13.525910996799054,3.1415206719620523e-05,6.161378949350682,4
2.811111954074305,2.153317454465261e-05,2.4255317447274303,2
9.784608162701094,1.6568734006144742e-05,1.2035458128648888,1
14.70531778233664,2.9265896291450152e-05,7.4510626077077635,4
12.771460419391662,3.526546472386575e-05,7.342546172661544,4
5.292308341661739,2.0113715958816344e-05,3.5473353371731617,2
16.47108429156487,2.6008285338770836e-05,7.4642030140207485,4
12.988008915532848,3.4894622306092096e-05,7.296173682894784,4
16.18582294229186,3.400679697412205e-05,6.281659532177648,4
9.770049333712684,2.1749395636872593e-05,1.883502804271403,1
8.658836647605302,1.70285180635135e-05,1.713839998170868,1
8.94696906100793,1.343899477751729e-05,1.01279319853106,1
6.0470934730621515,1.950371790157663e-05,4.349638573526268,2
8.95673256535169,1.961144116351311e-05,0.8486891230084654,1
9.027510597430627,1.6616661303796613e-05,1.931814620655091,1
11.267281425999284,1.1238200340298584e-05,1.9150941695765253,1
17.876678998622587,2.6761134307692104e-05,7.906013346550618,4
4.780414034150544,1.7628261427949395e-05,3.514921607154589,2
3.7395212772442554,2.3393772465383306e-05,4.3076789777661215,2
11.680639054034131,3.091261915339141e-05,4.854661441681377,4
14.815907152601204,2.578695004300929e-05,6.893719378480206,4
4.6727041232002,1.8876287115341434e-05,2.469506246731155,2
5.893165825628632,2.397823091760643e-05,4.22701762507471,2
14.338216249055213,3.761208230928127e-05,6.991335514988624,4
9.963844583735671,1.1888048625445249e-05,0.8585370309317368,1
10.687081456272614,1.1461185318986469e-05,2.0026859615458115,1
7.057060496389068,2.6769755183209472e-05,2.237206824629048,1
5.336058607737322,2.3433993308223997e-05,3.7041956739373783,2
10.533958761490087,2.1034157795002402e-05,2.4892354394064875,1
7.501465043060594,1.4733950656639009e-05,2.1172002867043846,1
3.9031532995241567,2.2150162032020176e-05,2.9774612807420686,2
9.940767682183349,2.0581347117856118e-05,2.66434376345618,1
8.081254734618508,1.6564521326467685e-05,2.285802020371249,1
10.061782030088006,1.840959107327376e-05,1.954432351707459,1
13.044341907610239,3.424937246283006e-05,5.414271067691235,3
13.029701895532094,3.9118852318242365e-05,6.879130919073803,4
6.047353872292823,2.3076860023970883e-05,4.370032410828265,2
9.01615800431296,2.3239042143624706e-05,1.2914550154135325,1
7.860484845016707,1.7344695251354333e-05,2.3850742758037464,1
14.899401645778738,3.174960855726652e-05,7.428978922647657,4
9.63323632311127,2.1771640164870534e-05,2.083685126611049,1
7.978417951078445,1.4744656353763176e-05,2.5114450770330077,1
12.806968927715793,2.4778634965158376e-05,4.390016205740918,3
3.7933876765511005,2.050198825879579e-05,3.254231017578883,2
9.158933570671113,2.0505399132663292e-05,2.1544227500008724,1
12.21522308903264,2.9296880138466427e-05,5.873808453836244,4
15.516803697030218,2.5358210358464707e-05,4.747992043719702,3
14.705026556020243,2.4265933686107795e-05,6.604796325005882,4
5.386746066898256,2.4878674167663882e-05,3.877933038685702,2
8.395588593429931,1.8501827733662385e-05,2.3165291310648914,1
11.372225432954165,4.323011310544601e-05,5.757722446320273,4
7.73220819591427,2.1690419668404436e-05,1.6008070500998708,1
14.406043228982742,3.295222372935662e-05,5.75139603714408,4
9.874860080420579,1.6422963188351766e-05,2.447574304520725,1
8.857641870764263,1.852504780957815e-05,2.314408589121502,1
14.591330794937738,2.1892494457527392e-05,6.754362974676457,4
13.583714676908016,3.1711775163824434e-05,6.06958505389137,4
8.83424994099971,1.694899466857049e-05,1.3919836888879034,1
13.989264801214453,3.1943051991708806e-05,7.387266733181418,4
10.726830835530293,2.4216205090715986e-05,2.0460076366040507,1
5.648392931728686,1.9324795008877486e-05,4.0731920998509,2
5.9702354837072145,2.6181110709805105e-05,3.5736855381154413,2
10.495822925551142,1.5657766282790855e-05,1.9875180478871874,1
9.148319553026502,2.120532438170042e-05,1.8908449339531048,1
15.492021798120449,3.367696376271852e-05,6.631114201825843,4
7.771873618496276,1.7504376840597264e-05,1.3546001265055243,1
7.931294522854538,1.3799558547634093e-05,1.7276141558201168,1
10.57021258463997,1.349772436458373e-05,1.8090230822093472,1
5.711571943569419,2.4804429718688403e-05,4.075592625244246,2
8.29046027739782,1.1533629278806976e-05,1.768891867849639,1
7.642095703400735,1.5559048784225538e-05,1.2673945929612391,1
16.026524920765702,3.1905276207973336e-05,7.208387817125768,4
9.935218463295195,2.119956261931421e-05,2.369922510937168,1
5.327334214321388,2.64872863549836e-05,4.074554181649386,2
11.475551092255529,1.2652198793324047e-05,2.6812878522870984,1
8.25496060707717,2.4254403709229805e-05,1.355134381184964,1
3.0207325940964065,1.638044210947631e-05,2.813841486481209,2
9.551203210354664,2.1080876505819163e-05,2.677808178724392,1
5.398258382528764,2.694733261713359e-05,3.849534251442619,2
14.10756359656269,3.675292562689886e-05,5.17048980526231,3
10.097728139699894,1.996620226616945e-05,2.6201709994589217,1
14.500132517833988,3.037297361414284e-05,5.3719928927204945,4
14.29822766962641,3.245381742748123e-05,6.14898759510834,4
16.12381516516452,2.853479371932269e-05,7.635622204958558,4
16.31437971352429,2.7210431977095362e-05,7.394683597628388,4
13.849904490294694,2.1876693246232238e-05,6.134314347053003,4
4.484688032066134,2.4060530708232836e-05,2.557881182941541,2
13.970506926949039,3.4823132920209624e-05,7.238823940593287,4
5.035515518080866,2.3579176412185867e-05,3.3778609941093016,2
12.439555172266786,3.761500236520085e-05,4.15210354454264,4
7.159917059166787,1.4793294775913589e-05,1.5849057885498823,1
8.964040155933509,1.8072133401085523e-05,1.8452567143377592,1
7.102412420057341,2.6254586107522192e-05,4.5199286419604565,2
5.020611886652183,2.1639562024398508e-05,3.9337818091714163,2
16.062502811764354,3.3441122341165716e-05,7.791553993423593,4
13.681561260424106,3.331024931776453e-05,6.804654871970356,4
5.231536031352334,2.063725766386095e-05,3.495584013113571,2
4.1224623871748385,3.4608778937944675e-05,2.5101055841331847,2
9.85666725367691,2.2738145988883727e-05,2.2331446733562035,1
8.365049484824986,2.538975152126269e-05,2.1247682367841403,1
15.065752470696633,4.0179824406672326e-05,7.924457484595419,4
13.221009958156017,3.154992862295328e-05,6.9029913390127415,4
15.36959025324582,3.867595970555964e-05,6.13090336338408,4
7.957110895538744,1.1548896172708354e-05,2.591641958080911,1
13.783644124439144,2.4863887720368537e-05,6.267029131555487,4
9.143348956817603,2.1700366246577247e-05,1.7578610973317683,1
5.395718751739208,2.2357680295562545e-05,3.307258785895331,2
10.172909722585196,1.9962043770051534e-05,2.2554803339102905,1
5.6467300184520095,2.830761722902481e-05,3.026580122110089,2
4.889386930223481,1.797704933451316e-05,4.019105447646861,2
15.243670175040602,3.877158075325932e-05,7.635981781380388,4
6.357598105276196,1.9887335159130563e-05,4.244693657597368,2
9.178089591341454,1.4270363270321399e-05,1.7554170437815808,1
7.888007348046643,2.2521673360913364e-05,0.893257730823664,1
13.427590052600198,3.28590292772203e-05,6.244944046652916,4
8.07844606238315,2.609418312158465e-05,1.3448894103154858,1
4.591114772774412,2.41608353368617e-05,4.1190026628872065,2
4.902784645580072,2.73729370368747e-05,4.088703171438038,2
9.103916292699136,2.0627272528598065e-05,3.1717610602450432,1
8.522649747224566,2.0945488426622166e-05,1.8898683122867965,1
7.8137991316918445,1.532152815034745e-05,2.5891204941282817,1
9.310776365552217,2.3684532271208905e-05,2.448871664187529,1
7.240247286790375,1.7453052877930045e-05,1.6419806937078028,1
7.058964535601694,1.7428539029944537e-05,1.1188696259784314,1
13.154215588879827,3.484170578602898e-05,6.711872585014097,4
5.651288008581729,2.483918073255396e-05,3.1994544471523128,2
11.745175357215963,3.730073048661261e-05,4.052105563289263,3
8.708509152003039,2.0495197334324133e-05,1.3780370699552198,1
16.384864690014123,3.790189433881987e-05,7.238596755882088,4
12.723002454427787,2.5801982004549064e-05,6.826287245996678,4
7.396653715369926,1.3898238119093177e-05,1.3864432565673503,1
9.663655539581288,1.5939141970356523e-05,1.9819511828337342,1
4.3821035332830665,2.507380955987722e-05,2.3677618660726596,2
3.3373418657215663,2.6099927812313156e-05,2.9897607055878463,2
14.567912705016811,3.002657697278081e-05,5.75701510710252,4
4.321994699333853,2.1898259449972336e-05,3.80385968663234,2
6.100426999578207,2.2238954527311704e-05,4.777042522838399,2
14.149148831160757,3.6282898630815826e-05,7.183216816559787,4
6.961508907183411,1.913863626927724e-05,4.89189268884043,2
7.152162552786594,1.8337715308291234e-05,1.6019801830509088,1
5.183564848908846,1.909886165142204e-05,3.936071691650787,2
15.98338437921641,3.396887387650094e-05,8.138522533125993,4
15.649300725494818,3.126979082364681e-05,8.172625052435702,4
7.853502961137492,2.0533330106422477e-05,1.0503797596252316,1
5.998546017087347,2.6298155632866557e-05,4.5190066789165995,2
13.773297347868592,3.1889739675002386e-05,6.721418289502004,4
13.9452138765497,3.6185900012801956e-05,7.199689442011804,4
16.04848899563417,3.5035807108631454e-05,8.60533359122893,4
4.479480609254601,2.7263556689332926e-05,3.134421263843877,2
8.833679281155996,1.7392882496189412e-05,2.478660820762455,1
4.493519474667857,2.7328629743389515e-05,3.8640386730754495,2
12.389154282963663,3.0305887736045375e-05,5.267329920507894,3
5.726130194422893,2.7148856472460744e-05,3.3153358267200765,2
3.790338520386134,2.8745036749843433e-05,3.0546055041410938,2
3.6183696792590796,1.875678259695392e-05,2.3835234277714648,2
15.478533080613419,3.268990807122062e-05,6.204689815263453,4
13.754717791271197,2.826421164649649e-05,6.041235056758569,4
15.36900031387912,2.7487357181667354e-05,7.629537441854868,4
18.878340779149244,4.2316656782607934e-05,7.85442967210404,4
8.916082841643519,2.0231497385279973e-05,1.5662875673759642,1
13.42525969520157,3.82124719116989e-05,5.542334605806692,4
8.821263314556894,2.0132532571421062e-05,1.7531559884488688,1
4.564726078755821,2.613650542142561e-05,3.4270320589105463,2
8.889163474260393,2.5153390249058947e-05,1.8293642724282524,1
15.24878246449646,3.4821623016907e-05,7.690393354283784,4
9.57511545248262,1.3023015995943204e-05,1.7641567567331167,1
8.937950290864544,1.3972405864593528e-05,2.0637196309968515,1
8.605614419779476,2.0421571438272846e-05,2.2129909882020096,1
7.776682755774024,1.4961356169042811e-05,0.998610850367071,1
4.600809413447277,1.6102518656765193e-05,3.1917197398584016,2
15.416581770859679,3.353453465394868e-05,5.86013767275524,4
9.969705849673321,1.7117460688962712e-05,2.0945395978396215,1
8.28297819237369,1.5612105878791055e-05,1.5779719955850644,1
10.020769811905176,2.307997198158112e-05,2.0799629410164786,1
5.190729757887158,2.1432320789657324e-05,4.374405337285167,2
5.330739698413298,2.238653502456584e-05,2.9350845157474126,2
14.069571579071425,3.263341480055298e-05,6.8694790646863355,4
10.175779091173101,1.646160257544716e-05,1.7554904605076862,1
5.172242891110813,2.503690461447737e-05,3.4827464997780786,2
10.21587291052345,1.962609741730801e-05,2.4877665692976914,1
14.369173718896654,2.6793962491519407e-05,6.57789591707389,4
11.029578469593938,1.315447700004376e-05,2.521943570649879,1
5.980655923625291,2.384550618285912e-05,4.375401943836234,2
15.229161382015857,3.635135386512895e-05,7.268718843909097,4
12.962899736248087,3.138566198242207e-05,6.035561917571513,4
6.4469815256517355,3.12604960835966e-05,5.0147860755276294,2
12.622516793200159,2.5887875854464836e-05,4.477889405444289,3
3.688334699312691,2.3834821068908646e-05,2.801675211481526,2
7.221257304125405,2.22655294874831e-05,1.315638202426384,1
7.789445804192274,2.278048140530525e-05,2.1407642814685457,1
10.672702854443196,2.125265249266942e-05,2.1777938383691238,1
5.646954834254151,3.0335602488879987e-05,3.500643228553061,2
7.044256889484856,2.078338864990075e-05,1.285279796492774,1
9.60711303715174,1.697771988343291e-05,2.473980490199283,1
8.301046668231923,1.9317077053971403e-05,1.642225507518373,1
6.789880753210095,2.3545788739916227e-05,1.2171931633068152,1
13.398077373973218,3.6370264260234056e-05,5.948996626209718,4
5.900213828356254,1.6150415054795833e-05,4.297584083472186,2
5.737952647373287,1.6733592933290412e-05,4.232891922029172,2
14.95176660651624,3.409161572596587e-05,6.183896111238154,4
9.350922931451741,2.072502250558658e-05,1.8570580259069038,1
8.831968022739606,2.6759574729997926e-05,2.0054589904927322,1
4.514029054051141,2.2339662030512893e-05,2.412094848546931,2
9.936384869678653,2.1844828771005175e-05,1.7568309284272083,1
8.990957019867256,2.0203478041944266e-05,2.505393213367604,1
11.037668215584699,2.846904124455595e-05,4.1151452100823445,3
11.444259700553767,3.877425118427762e-05,5.815462850735141,4
9.416946688191903,1.979354540157719e-05,1.6585921797793481,1
4.788259921190547,2.431289530946882e-05,4.131528484117647,2
15.247795484110668,2.472728366135005e-05,6.160870182782432,4
13.711517104460443,3.1908788475061995e-05,6.579205166695541,4
8.940631292870208,1.9871174050535232e-05,1.758723867692375,1
9.280366758890317,1.8400896854545673e-05,0.736454093565668,1
4.454364732794937,1.9430550987124987e-05,2.681789911818227,2
14.035003565887273,3.561552755886167e-05,5.71025731605829,4
13.642202186088454,2.6411956597659e-05,4.857269202073797,3
15.71045328606812,1.986428883293826e-05,7.23547547766454,4
8.459065268134399,2.112623919781966e-05,1.026644300257979,1
9.830656195030524,1.9982640305299518e-05,2.685615129665048,1
5.2175747939402815,2.429144914473354e-05,3.675291058059136,2
5.6471871186374525,1.979048562544508e-05,4.686270313170981,2
8.574031504051494,2.1952151242394418e-05,1.311665385442916,1
4.461724755335453,2.9466655236458087e-05,3.607008610426277,2
4.836341356933008,1.844275007493645e-05,3.3142756239093245,2
8.358909609599916,1.9664381036842544e-05,2.0637886842480118,1
4.173529961279751,2.475772519693795e-05,1.8319100641818753,2
10.42490040246852,2.002937873528087e-05,2.4276436638793077,1
15.030328551919055,3.735293382973763e-05,5.583602833281521,4
10.220332992367164,1.4803065934291271e-05,2.669835400171269,1
10.151902573613718,8.040450428885733e-06,2.607944739994723,1
5.666736923710063,2.7758859268541168e-05,4.27440004573011,2
5.806076094141879,2.111905598247808e-05,3.762338165441638,2
16.715503828465643,2.474944588506034e-05,6.622358896319958,4
9.597674660693691,1.65960437391778e-05,2.410660402877432,1
15.151114843326447,2.4924626300507052e-05,7.080359674118971,4
6.619121975044406,1.8849214140737547e-05,3.3183017127740206,2
