18.063076094342144,2.8902638524743793e-05,8.033803697065501,4
13.951094832735288,2.815039250605675e-05,7.047895792188074,4
13.830106796386943,3.669427132015113e-05,6.56835883272485,4
12.900424994305592,3.4718044090150254e-05,6.761823281528094,4
13.698179886739982,3.114225402904728e-05,6.538496404955021,4
11.698140514131234,3.32950215974128e-05,5.2277884639412076,4
13.376940646184037,3.163919666434791e-05,5.950981427467779,4
12.688273335668617,3.166266948282335e-05,5.8926726741490665,4
13.29912494365684,5.136168821077276e-05,6.793100168538218,4
14.52455614577144,2.79784418777682e-05,7.444115568680908,4
12.38088353574656,3.4459584501344965e-05,5.696859065926059,4
15.10456793991123,3.724719163409214e-05,7.710257425289999,4
13.19663852814442,4.364760285607069e-05,6.1805295072818085,4
13.736917864477054,3.6102706250971734e-05,7.208844821230997,4
15.823707499065875,4.380148444816501e-05,5.811544471217644,4
13.153977825487665,2.5903739527091585e-05,6.589680506362898,4
15.081678259380004,2.961077973548676e-05,7.312385938466003,4
12.149409383918936,3.806969212625241e-05,5.820468349243154,4
13.970228762564993,3.455091001473289e-05,6.328979753508295,4
15.240072272214816,3.239270505153463e-05,6.787112803904375,4
13.905639364225678,3.686827036019481e-05,5.442322452176017,4
15.478123670127298,3.639560929945085e-05,8.154427819890676,4
14.763658591090381,2.5595418504785126e-05,6.423318225680278,4
12.811012659288739,3.18459047322754e-05,6.411467568641442,4
12.122387433591644,4.0964764272660915e-05,5.463980692399643,4
15.21119325503846,3.841811718155686e-05,7.7929157735302255,4
15.107860240292723,3.0069890029366382e-05,6.469590658365155,4
13.290253765304664,2.4529023160221643e-05,6.085998924939199,4
13.676977401522738,3.1719672567863204e-05,6.872088652071115,4
14.588257610666826,4.480417805113731e-05,6.6726119941089745,4
14.688196108321897,3.91556887668429e-05,7.134563321046196,4
13.699170255302572,3.725382380803072e-05,6.3805082114470535,4
13.057354395426161,3.055044604065312e-05,5.7308799665892955,4
11.404098063548732,3.322084560658819e-05,5.814436387824921,4
16.494859799897835,3.5456711529440016e-05,8.100550657853532,4
14.823084257171303,3.919064070166451e-05,6.85678755010775,4
12.273102521830534,2.333175584849413e-05,5.641480115246297,4
14.779709971877294,3.2108320169676454e-05,6.866300938717448,4
14.559154644583389,3.1389376126085214e-05,7.992586000641342,4
13.116400556143494,4.252413889614599e-05,7.156965951776721,4
16.459412219250936,3.715637956038914e-05,7.069617358516821,4
13.833218816220498,2.4792734410885732e-05,7.485216103035039,4
13.510721352893349,3.6910091385357456e-05,6.395115293337906,4
12.63058995951674,3.709278881341841e-05,6.184017812168732,4
15.830603284867026,4.141680774496559e-05,6.5200062120846765,4
13.342504172393436,2.922040492308996e-05,5.7985874885968425,4
13.070575865979968,3.4855016576681065e-05,5.525521505071556,4
13.866636696189186,3.146661769995884e-05,6.874429698985681,4
12.74588119598266,3.572294274406895e-05,5.7580219786620646,4
11.02162264882494,3.480972934203e-05,6.497063759005283,4
14.671156641553317,3.341739329410068e-05,5.914215718920145,4
13.045417432889831,3.818211234568196e-05,7.065867402321187,4
13.30882005882522,3.679527235083455e-05,5.22249765825667,4
14.376563539629528,4.102785458723016e-05,6.625966298131429,4
15.34891704433021,3.921146735632672e-05,7.188293589978188,4
13.286558695263473,3.1373799561576507e-05,5.903599376004795,4
16.81404846863522,3.9567411518338255e-05,6.995925658474059,4
10.879454806493492,2.5717783141093012e-05,4.80583666237274,4
15.5468843408537,3.7068397616791514e-05,6.180549440033925,4
12.173622761908272,2.9710402984291985e-05,7.1622093176461386,4
14.203941943516009,3.72418118108127e-05,7.266470882712229,4
12.621097115053994,3.04590460652003e-05,6.386071401088548,4
15.249963819863092,3.4837616493451915e-05,6.885357585519419,4
13.941274604676094,3.8248660723238644e-05,6.799010190073119,4
13.825883334283887,4.0397168904589655e-05,6.148265475045202,4
14.306432067419557,2.9136137246447155e-05,6.5922968926069965,4
13.83067672099606,2.7430056100009763e-05,6.316597067353037,4
14.436923313370503,4.113943257010487e-05,7.135236710164265,4
14.738149394979832,3.608866791556459e-05,7.246610399679007,4
13.187266235092952,3.2550186476693216e-05,7.688995655180449,4
15.051809318985738,3.145887402250534e-05,5.784968484566344,4
15.742631511392798,2.8953618498431018e-05,7.482963168246497,4
13.962011903010893,3.1804137589828984e-05,6.990152350129464,4
11.285997057750478,3.0530964564567325e-05,6.266990321318623,4
13.088388398258775,3.7609265637153386e-05,5.687086344860295,4
15.917673429905765,3.7560639420996484e-05,6.439893386174925,4
15.260855299993551,4.1968135783926226e-05,7.3366559438853995,4
12.664272227516555,4.077625991083362e-05,5.995998571995365,4
13.838835317941092,3.1506933614423536e-05,5.297075689559969,4
17.874007176430247,3.164667831991454e-05,6.820970460452962,4
13.923632847624837,3.3094655802342036e-05,6.729831766752474,4
14.1685810263873,4.035307354314314e-05,7.608723990448348,4
17.298612318780194,3.185356654282161e-05,6.992380690824961,4
14.257869755712631,2.6950823418785275e-05,6.981569724202156,4
13.26629174085991,3.4518527233987856e-05,6.357881590602162,4
15.34999943502978,2.9695028543812146e-05,6.889407786912781,4
16.38726811901215,4.04873511374358e-05,6.486508164608554,4
14.373081486828188,2.861374987979846e-05,7.4223598833240905,4
13.68429592473567,3.992663360137885e-05,6.914627916525889,4
14.220529007804696,3.434775009647589e-05,6.935346640198416,4
13.136064259375317,4.0619612304977275e-05,6.193403775141265,4
13.239387828625242,4.766584662043037e-05,6.468266119197223,4
11.156495000612475,4.396589612924816e-05,6.099792377501193,4
13.455595357625608,3.809529633382187e-05,6.532784528691229,4
13.988497758097418,3.358868070828347e-05,6.553354558814344,4
13.949361126220683,3.425744607246823e-05,6.933047136550105,4
13.776202381363172,3.8422056905247827e-05,6.342377860171837,4
16.395716385180236,2.7546189054927824e-05,6.1249447595070725,4
13.547047147661418,3.263842395492063e-05,6.8382311633983495,4
13.814223947096893,2.8089563607134946e-05,5.681077953175679,4
14.904437997061972,4.019407454184831e-05,6.162067990729274,4
13.878355988660916,2.8642429125905723e-05,6.340293036265445,4
14.556732535787953,3.249387191681918e-05,7.051517751317901,4
14.931476225626692,2.802571360850289e-05,6.775152021362393,4
13.992441571084873,3.4802471270367535e-05,5.972363990526721,4
14.243289982119466,3.572327535432094e-05,5.502880932085279,4
16.126316052811134,3.051228889484538e-05,7.315171856323124,4
14.553340707938741,3.297529890361518e-05,6.282295420604606,4
11.428338462270482,2.8089634628865255e-05,4.638058736842886,4
15.411558453127984,3.3171008969221516e-05,7.4497989831803215,4
13.711314576048458,3.2644359498135966e-05,5.918248526750712,4
16.659686881725424,3.3829247857140584e-05,7.370029420068461,4
12.752866493146923,2.988317914791859e-05,5.641526835618249,4
13.6569751537078,3.4932427408952554e-05,5.509425224728467,4
13.745047479419274,4.394899994673592e-05,5.742812537486167,4
10.818286900303299,3.1197702690955546e-05,5.0606672372386585,4
13.953562417870096,3.311724995536849e-05,7.223590519347654,4
11.142273906641627,2.8762662020037965e-05,5.905914440095062,4
15.750918348787021,2.4869652594120817e-05,6.755542367857007,4
13.888010385505682,4.047223589444413e-05,8.440815258066458,4
14.105099782445022,3.570568357406665e-05,6.340045795186111,4
14.291965382008472,3.717334010740299e-05,5.465639724559913,4
12.287488301298994,3.2826700776234066e-05,5.31583048652393,4
15.395794474074187,2.9373736388203204e-05,7.384911927937798,4
15.071951811371093,3.146399072853626e-05,6.919677050718903,4
14.908616450571202,3.658791434933951e-05,7.505899202403756,4
13.886247010520906,2.3460624830624685e-05,7.005687532781865,4
12.959645259609253,2.9382198076808076e-05,5.870776232011318,4
11.167407327044534,3.436311663457449e-05,5.071121288191697,4
13.782784629719817,4.479662378533107e-05,5.586289702427716,4
11.14176188759853,3.1306131137615423e-05,4.8870284111999505,4
18.92832802021766,3.608613054164616e-05,8.21577038223423,4
13.82141012565017,3.906996185498226e-05,6.366193878870938,4
16.041112772395973,3.4851459461256566e-05,7.350802722432794,4
12.025514254774398,3.948956931865132e-05,6.722925931341556,4
14.26026096239469,3.357520958829458e-05,5.922847904236235,4
15.440535297227914,3.5898873637273216e-05,7.270377044364615,4
15.281030346838824,4.2380088587481633e-05,6.88118924808569,4
14.85965931575297,1.907868497737985e-05,7.374702528049411,4
14.276678858820722,3.8042357333638054e-05,5.181291353165456,4
13.834028861695558,3.2539334987375575e-05,6.931256711881844,4
14.960746985415755,3.0445986632578765e-05,6.98050100940484,4
13.806938687104944,4.45724901472247e-05,5.216645175496597,4
11.64045357978537,3.544122197790764e-05,6.550433508282437,4
15.232780119379225,3.770750060988037e-05,6.201381939072001,4
13.284742154020279,3.249767859004284e-05,6.927250803314664,4
14.743287617961396,3.386117487809598e-05,7.364996358779782,4
15.865791249456967,4.960110517914171e-05,8.048618137012243,4
16.234531938377923,3.179302326667733e-05,7.821023927544508,4
15.585336506717713,4.2811041093887496e-05,6.589903410348167,4
12.71212557680047,2.8772971851070683e-05,6.910801587739332,4
13.32907021574903,4.233550383862067e-05,7.233583532043671,4
14.517612503387543,3.975297451075502e-05,6.272286886606128,4
13.065371120643222,3.3097475425586024e-05,6.276747003654418,4
11.766807863083915,3.2745308442566504e-05,6.170423344813328,4
17.007716888772777,3.107366427907263e-05,7.880818410163523,4
12.95568581390169,3.3826697626708454e-05,6.182581209545614,4
13.760929217961895,3.4992019702135254e-05,5.985144701435756,4
12.28396809806524,3.366112822167042e-05,6.660276219461043,4
14.332788569831665,3.608355155104747e-05,6.625520224285111,4
14.380928272739391,4.018863529069389e-05,6.522062058367979,4
15.92320327977199,4.482706011601276e-05,6.9513770174953935,4
13.992154519130153,3.116841583215529e-05,6.199262413862306,4
14.01276047564626,3.603177158910525e-05,6.200969683771821,4
12.745057955294644,3.821899476959847e-05,4.640950398818443,4
14.61644912325044,3.537499771991678e-05,7.641270485566604,4
13.269804034007514,3.794560290856646e-05,6.605873365701523,4
13.901628490167706,3.87814237583406e-05,6.489173638933339,4
13.694471555606794,3.1785569670746246e-05,6.291037937826033,4
14.681388045546512,3.612970118857297e-05,6.915912517084399,4
13.66323657609847,3.65477322784779e-05,4.939478178807799,4
16.177674888767807,3.481392565474711e-05,6.138368642802794,4
13.66500038036142,2.8071882669746097e-05,6.269654518624137,4
13.299556051897321,3.6732812808473725e-05,6.236732077010876,4
15.09373532900877,3.6908826641236216e-05,6.092497896684851,4
12.311521028602622,2.9942323860741243e-05,6.302750028952498,4
16.20096943779346,2.905641710954819e-05,7.48233741663975,4
14.78662533657667,3.6262333416323406e-05,5.189357869158477,4
15.371060728153466,3.336660561957075e-05,8.014228032256892,4
16.01743595201277,3.0622784297512636e-05,7.079457964908622,4
14.509130584374075,3.1005184868731846e-05,5.555776362007357,4
13.320740805024284,3.5718855363440064e-05,6.2933829557937795,4
15.609786001084949,3.61032008898843e-05,7.534527027977692,4
14.560460252246221,3.2513165335518956e-05,5.546981382402802,4
13.759184696039558,3.418127776074088e-05,4.983892223638042,4
15.117842224001794,3.7896090013415176e-05,6.543730962399858,4
13.325526095422184,2.7949752618573223e-05,6.854020625226681,4
12.724050530112489,3.8030421660358824e-05,6.84670216064196,4
16.12074887425603,3.439125300238589e-05,6.5999695538117,4
11.915832876701433,5.154904544967205e-05,4.327939387429957,4
16.82884073335349,3.7468398823379684e-05,7.966709462274171,4
12.069742365982961,3.251649411097226e-05,5.319151164777805,4
13.701702316740548,3.675250662935267e-05,7.205374501827448,4
13.299236432252222,3.7152091565506065e-05,6.616801472659151,4
14.154890047213545,3.299089546709041e-05,5.881728862988927,4
12.001505326571547,4.35949252300817e-05,5.050747012546227,4
13.11566297712257,4.545169609345677e-05,6.004073860704913,4
13.114535275548683,4.2816200162134485e-05,6.437785614962149,4
15.588341467291091,3.129198033776345e-05,7.14900476679184,4
15.349864312146389,3.6669897098122876e-05,8.179688926767646,4
15.72567953249097,3.964322415798107e-05,6.98822190431581,4
14.794850745157465,3.664059588638686e-05,6.648155870362297,4
15.843124314494224,3.55164367294507e-05,6.646823502326027,4
14.130343398703506,3.0390758347334038e-05,6.8881794593534496,4
13.27907626655374,3.4780956423248165e-05,6.29226339103548,4
13.992002833987982,3.3343085339113254e-05,7.669708017921981,4
14.59825646981839,3.272412403505205e-05,6.501828201009262,4
11.852837996543462,3.487560509187128e-05,6.343433224702799,4
12.284110339625961,3.256229715457933e-05,5.431078017253311,4
11.946874049344075,3.0401636169609293e-05,6.114171421408069,4
14.455343507064782,3.3994614904531055e-05,6.416493158190412,4
14.093172755626444,2.9636208433754684e-05,6.554769972732318,4
13.000114951206353,3.27428711913722e-05,4.62856456919218,4
12.537909334727923,3.5136107313120416e-05,5.859007205018953,4
15.378207369547837,3.3360158899718516e-05,6.59459031431482,4
14.337229099690834,3.2449077169405307e-05,6.312406352185744,4
15.018937112860819,3.466942788020303e-05,6.3263011709381844,4
16.82472370854687,3.4812787083051985e-05,7.749763950760643,4
12.420334951721482,3.0945789369574543e-05,5.727622300600954,4
16.422208463527532,3.066235605453522e-05,7.885429529745979,4
12.547672433940964,2.198182327540839e-05,6.457994101152225,4
11.54974376866137,2.8774728202569875e-05,6.184688421299793,4
16.72318302591553,3.940531015158366e-05,7.5569714990625085,4
13.227444133578413,3.9467836177459115e-05,6.8246764141261,4
15.529494373539151,3.723225773474946e-05,8.392564806980548,4
14.34515249489819,3.249665719932842e-05,6.284855795146473,4
12.546920997594452,3.796444620768116e-05,6.158868819777476,4
15.574816859257599,2.897209133106442e-05,5.655145867591681,4
13.142197757490976,3.2427175974321134e-05,5.621859293196888,4
14.91592513858208,4.0261170297007656e-05,6.347713622153256,4
16.250655332245596,3.655754963937433e-05,7.125590695629294,4
15.7447425621227,3.412555561719406e-05,6.808309051351154,4
14.69980116342082,3.055045610519036e-05,6.753008867532146,4
13.93938345211923,3.451334361413461e-05,6.433564506036392,4
11.502269319962796,3.72803194555276e-05,5.9024115710919585,4
11.921812782358524,3.761347838494977e-05,6.096088336727606,4
12.83751570905003,3.6040834738704306e-05,6.707333402725219,4
13.65380659372133,3.7479718471726854e-05,5.07847089861884,4
12.675241295714521,3.9052737727078494e-05,5.637640458868862,4
13.196691298377914,3.5220154348574325e-05,6.635097768995544,4
15.355597107165606,3.805824122413706e-05,5.746763149389542,4
13.958404764715793,3.8861989198760026e-05,7.136834863358871,4
14.057726008083538,3.2900985307424965e-05,6.850885254515884,4
15.272382192076458,3.2010318688708635e-05,5.268753327067298,4
14.676937763047638,3.233971540454197e-05,5.949692909229578,4
11.92723177197552,3.408883968039295e-05,6.656184893661592,4
12.278027523047898,2.8121955888705413e-05,6.225351551719967,4
11.502516340950026,3.830014261183317e-05,5.254651682767429,4
13.138824083183145,3.266829440182342e-05,6.73981968225356,4
15.24901562122878,3.552948251784944e-05,7.876549528122281,4
15.48086173221985,3.613111615156944e-05,6.6581790882384855,4
14.399882443863047,3.294455086764464e-05,6.007118936268759,4
15.848648994326286,3.764464158206877e-05,7.4427849050600035,4
12.594665663294574,3.2803216721161434e-05,6.830236094954339,4
16.10985707303649,2.772420101360246e-05,7.293613205845512,4
13.714117926731529,3.572982990859336e-05,6.635283873007515,4
14.330975130114124,2.8902025288638187e-05,6.747849357965396,4
15.068439329519,3.6371243658965855e-05,6.783354938512064,4
14.255372911369346,2.9809879224179748e-05,7.141127639987214,4
15.103339701470034,4.024190956084878e-05,7.2224310534065195,4
12.8347815512174,3.7899881060603196e-05,5.190532282754813,4
14.202584380534775,4.339209797089173e-05,6.012936166285391,4
13.274705535136851,4.1362258452404296e-05,7.337678874996239,4
13.67982698745035,2.7760371914118075e-05,6.190244679921467,4
15.731476829787812,2.9983682203496172e-05,5.752604857818758,4
16.176646696639995,2.5568950778193423e-05,7.061391020182923,4
15.305051288617436,3.325786034838265e-05,5.667159521003438,4
13.748273727636562,3.451987314284334e-05,5.56023128467537,4
13.196499424280885,2.8241511069949e-05,6.610226730239786,4
15.682051148384632,3.4688255944593445e-05,5.190186960797832,4
11.197971692445588,2.8425087891935856e-05,5.831445902467309,4
12.906137541069182,2.6348401198904806e-05,5.4040663459888405,4
16.372096664390966,3.7326849308398866e-05,6.3604943637080344,4
12.109672303048178,3.737446848464934e-05,5.602855630584645,4
14.303661531821799,3.376041880613607e-05,6.592913440321772,4
11.236618626840398,3.4036295048362746e-05,6.803708702127264,4
14.16054749556396,2.91986164886986e-05,7.1426270554774804,4
15.06262714194283,3.0261429954482828e-05,6.658306247364659,4
15.325845190021054,3.248809669505746e-05,7.380829580627143,4
15.472741018732325,3.488055075323094e-05,7.513541355249155,4
14.269066832182755,4.1862010686992686e-05,6.871719023451054,4
14.19691777416931,3.9297305384900805e-05,7.460774675581527,4
13.52824733797501,3.366787789374425e-05,7.515170310038174,4
15.279765234864765,2.5350127459852422e-05,6.690303130749709,4
11.535319521816886,4.171375509381868e-05,5.76285265094636,4
13.528501495779679,2.6631207680600523e-05,7.114503602985946,4
11.715428891260792,3.7884296661693365e-05,5.997455932611189,4
15.06898627931658,4.1143364884280555e-05,7.284581249228155,4
13.223422088914676,3.315574469087767e-05,5.126103708452146,4
13.450182341753768,3.817609124847046e-05,6.047334738468627,4
14.469333912582638,4.436159369804215e-05,6.395722475481627,4
15.111749038574912,3.4840969575876284e-05,6.8635753111482,4
15.201674150362875,3.1287195201631416e-05,6.944613508125021,4
11.938866550487711,4.20820353337843e-05,5.413124782760713,4
13.024605397136376,3.186664753572295e-05,6.312430062578428,4
14.299942584059147,3.1885628792783904e-05,7.481742437285334,4
15.422031079229168,4.004872604318877e-05,6.750874431296408,4
12.284168805543688,2.748263195574418e-05,6.709912834049245,4
14.694385351912977,3.838324103640717e-05,8.294481459138023,4
12.81495790387157,3.263113358027606e-05,5.57595535146883,4
13.474163003259012,3.5914586012161975e-05,7.020947633947721,4
13.891677390209882,3.886801244553365e-05,6.3316296663285545,4
12.27786599472294,3.619208833199817e-05,6.537231468285586,4
16.22866904540865,3.413274234792154e-05,6.87884818984088,4
11.75240458978701,4.1309027012122364e-05,4.937619199533742,4
13.56577015760777,2.8136702449145658e-05,6.39956044400792,4
16.565891181660838,4.0319024909803635e-05,7.972782895904244,4
12.700008828022249,3.921388627504973e-05,6.638176137357005,4
13.631281031320507,2.3915625988042554e-05,6.592703328726916,4
15.835607914290506,2.916634034085847e-05,6.535591892189565,4
12.920850266772318,4.191609872189336e-05,5.74657733895618,4
16.15192685026877,4.2271339057707165e-05,8.408719003443453,4
14.95971103052303,4.2178663946061e-05,7.225752559815796,4
12.31987077004193,4.3691402035553725e-05,5.587794829199259,4
15.853676200314425,3.498867361378567e-05,7.2900169041821865,4
12.656658708725493,3.294549017582033e-05,7.509598436659246,4
13.58350715643806,2.3578274669093913e-05,6.876084490509291,4
15.540316243736779,2.9566081782091544e-05,7.121044303159205,4
11.746361774179977,3.460960494125887e-05,5.599361361200236,4
14.436364436989578,3.7310490644348995e-05,7.212032656471704,4
16.087535914940027,4.0479622203834716e-05,6.171275522365293,4
12.841603546708358,3.6930675888212396e-05,6.2809810564806625,4
14.357391670725255,3.3481824965036394e-05,6.5190603296319285,4
13.152682096446402,4.2589191688498816e-05,7.256585652759964,4
14.061310394897216,3.315141714798944e-05,6.942095897343863,4
13.222476987678355,3.657021043675542e-05,6.55689165743519,4
16.443423950318518,3.220916688940275e-05,8.841227071917697,4
14.170450128673323,3.345565123385021e-05,6.791471404736308,4
13.062942957412668,3.8894981356296936e-05,6.363532576926973,4
15.082471577455967,2.8636619844725502e-05,6.673119694242382,4
13.794884775555454,3.887048943137369e-05,6.7778273081648726,4
16.483018597372187,2.99541784043449e-05,6.882352327035452,4
15.700380655200574,2.7641444732474587e-05,7.219107169242756,5
14.313556293863797,3.272717183451981e-05,6.216594836907411,4
13.843935396757992,3.794599899846677e-05,8.082269997508632,4
14.375473936340278,3.485022146303149e-05,6.67040305126203,4
16.43352151905598,2.6206528672649714e-05,7.481393983035616,4
14.357873700236924,2.7005169958221697e-05,7.855121135088705,4
15.266252458018467,3.553498068641489e-05,7.970068556623145,4
14.311238291510845,3.691039881429142e-05,6.3625213370380935,4
14.089686271222835,2.8102592485383657e-05,6.46633943548314,4
17.723708267787174,3.943669508471362e-05,7.694881010896479,4
12.459569109877616,4.629679056829556e-05,5.213630513073776,4
12.92878084079099,3.6701552936524556e-05,6.670438966921543,4
9.68767508957305,3.047298397055131e-05,5.623068597930878,4
13.30992049431986,3.565742717348222e-05,5.438255234523,4
16.2317643373707,3.780087796535654e-05,6.990694179076705,4
13.472161153225944,3.0184884397462973e-05,6.10561021664869,4
13.971505174565374,2.9306044105894176e-05,6.613297263165863,4
12.10684760444336,3.245382713210491e-05,5.946310837200531,4
17.045879299694068,3.3976919571454134e-05,7.236721238493321,4
13.053783101932865,4.071640310927076e-05,6.223256499506084,4
13.366903806744787,2.8632477102140594e-05,5.643365724068373,4
13.664260827818094,2.5286001344826277e-05,6.821152941737985,4
16.697030899750327,3.4295289201586164e-05,5.776836643083162,4
14.899364372951906,3.1176336573840156e-05,6.438822595445275,4
14.770782203181065,2.7374215564484285e-05,7.208019639356338,4
13.648789387293979,3.5716287788757846e-05,6.856776194548522,4
14.241169453123764,3.168705416659993e-05,6.316890544662022,4
13.687789363750719,3.581537652916153e-05,5.3322552351714405,4
10.46110349962905,3.1486842429744395e-05,4.625230596484136,4
11.918836187499483,3.2636973184778725e-05,6.094218949087874,4
16.637160721170005,3.423917095784561e-05,6.752063209171764,4
15.662647958160635,3.4024875877102236e-05,6.902734276089746,4
13.883142813111286,3.3667479454263185e-05,7.066907319188957,4
11.998417079930324,4.1736643838599806e-05,5.532121159442842,4
15.052383638365233,3.434726926762984e-05,7.122696789795511,4
14.23700639810448,2.6330768062846803e-05,7.120551712759996,4
14.86138649392745,3.9237529339290476e-05,7.420198471077407,4
14.74339368825079,3.494444406549607e-05,6.154048045525022,4
13.993446514502207,3.541225647405954e-05,6.492651018557291,4
12.693958520110566,3.0816389202051865e-05,5.75221601402872,4
13.351161367187416,4.6415135678261705e-05,6.865695206415024,4
12.867473813070045,2.8338856062396693e-05,6.554097429662356,4
13.123846721735541,3.698108489129811e-05,6.480573596796848,4
16.72334356903443,3.422730241726392e-05,7.4254201104576065,4
16.35586518138594,2.7221278382461403e-05,7.773920777037878,4
16.53567992387013,3.2964714288275024e-05,8.73117335870436,4
13.137110853517232,4.043272933258821e-05,4.577040295323545,4
14.082400265361553,4.2592065657247646e-05,5.955677019230911,4
14.57321272951974,2.67912095287005e-05,7.296394293402265,4
14.477900654170933,3.233060472582909e-05,7.581351379726044,4
16.06843486660531,2.4418282483232798e-05,7.047607795524254,4
12.67714729201067,3.0432516219752555e-05,5.716210329000169,4
11.529191570959936,3.551049045315453e-05,6.30764105074668,4
14.683443706789014,4.1007077189150276e-05,6.883672802705097,4
14.24504731967971,3.187540159804883e-05,7.497576375974207,4
11.476269190385114,3.815737132412494e-05,5.0551668517067725,4
15.672367037375238,4.159512177483289e-05,6.590148174751288,4
15.234427046382496,3.411264433518696e-05,7.2918010521266545,4
12.910588110896558,3.360695116701756e-05,5.435697771659692,4
15.104813155584987,3.9325081312161086e-05,6.949200498622061,4
16.45499999142745,2.5206427337733155e-05,7.334031006912669,4
13.797050537557226,4.6256079063139376e-05,7.057217642834819,4
14.846922931236692,3.2382490719517195e-05,6.692700954369705,4
14.728066239967557,2.9465661699355082e-05,6.903229041606202,4
13.557797131191379,3.693447349289844e-05,5.527150117613565,4
15.89648411127314,3.840253154487509e-05,6.849710124459403,4
13.439570882557534,4.11395571978672e-05,6.458476671698616,4
14.452046359813554,3.254473151915944e-05,6.630138904304068,4
13.42815101801143,3.576570740354031e-05,5.558041396280876,4
14.371323385414497,4.0614170881525104e-05,6.415686149272203,4
12.743714982610443,3.938948028463216e-05,6.253817498650355,4
12.79057160685256,3.445842690406714e-05,6.27187058715824,4
15.086240483232734,4.136686270907943e-05,6.735064652656935,4
15.452145221719995,3.302497114173036e-05,6.4108917795595,4
16.981643871171823,2.1357230951973633e-05,6.702936538559201,4
15.811824031880594,3.816967407883445e-05,7.702686515233695,4
14.78413081798666,3.126976227512996e-05,7.246085600375823,4
15.524055291679172,4.1992992591795114e-05,5.488786389617699,4
14.693885919349345,3.455761273735458e-05,6.708353269512232,4
14.568678569278806,2.9042418153092807e-05,7.332278538683275,4
14.06154386538451,5.275108268363384e-05,6.678438030307525,4
14.771477000213025,2.9270305370457703e-05,7.384514659049085,4
15.337408122313636,2.819405910659767e-05,5.863054938459452,4
13.667448286581083,3.1972871527369734e-05,7.058723856276277,4
15.547467032041263,3.847849364714904e-05,6.892943228330129,4
13.641282524956896,3.417395867676617e-05,5.5359802049631215,4
13.184059069039016,4.06544128307992e-05,7.151262925956035,4
14.829012519170242,3.143212121543693e-05,7.360449412697382,4
16.349750912887103,3.42130221547559e-05,8.220889112391019,4
16.821275911601564,3.759074546907922e-05,6.497523168796515,4
12.344360708593875,3.196300342379286e-05,6.822790295070714,4
13.386988436716983,3.616529801267063e-05,6.504837018314811,4
13.170941564037186,3.0153175551143806e-05,6.443436001846475,4
13.700300477899397,3.199194312125661e-05,6.453178013491074,4
14.566787849758713,4.2151710745924283e-05,7.617532660025512,4
18.22898378792204,3.520063739229091e-05,7.830926586316568,4
14.15749088115242,4.0961977077440416e-05,7.579080896776702,4
14.035013758481819,3.64220152086862e-05,6.245313070553879,4
13.64163990424499,2.7882322397858706e-05,7.458263354606596,4
12.95771842649948,3.899064534525802e-05,6.76576756566341,4
13.677512968063423,3.418758318483435e-05,5.682219006902063,4
12.917434846274979,3.5806836816720344e-05,5.238901449882691,4
14.179977834530904,4.28530792396003e-05,5.5656215547523775,4
15.078199043725704,2.517411695723615e-05,7.068055281426303,4
12.061430783331584,3.3618382099247115e-05,7.538744064528449,4
15.764200449268465,3.0389629835769903e-05,6.924483391310954,4
14.370067324411071,2.79647801932165e-05,6.02814834785576,4
12.937188387034917,3.743039149559668e-05,6.338060122106004,4
14.451476204786575,3.632840177189417e-05,6.710230809301134,4
13.751121738801766,4.758444250698949e-05,6.697076506327314,4
13.113285247369408,3.207580023602584e-05,6.69574936234681,4
14.56889382226372,4.2954230363041064e-05,6.341136329146687,4
12.392116542314326,3.8543505150798964e-05,6.668361880594631,4
14.25322912372867,2.769406820474433e-05,6.501341444729713,4
12.338117920190628,3.716942538046523e-05,5.889050472858212,4
13.837661473741198,3.0374626683068338e-05,6.5534749983572365,4
14.285928951290822,3.834101651835102e-05,7.184936210332628,4
16.560202919450624,3.170875483584348e-05,6.852354254222445,4
15.354786514729389,2.9221902145452607e-05,5.734346165637462,4
13.099035219424504,3.92168348764287e-05,5.905035446406417,4
15.152141962924969,3.19873261966473e-05,6.009661332720654,4
12.153622633270375,4.378184939012981e-05,5.538893548999331,4
13.761715229833214,3.685714244137972e-05,5.699139248266907,4
14.341939123886764,3.5997581069031705e-05,7.977782956846518,4
13.921738183787706,3.8053323736577235e-05,7.140441159969333,4
14.844318331838798,4.328111122117105e-05,6.1388160246634875,4
13.207782007662306,4.322483042307873e-05,5.605429607048974,4
13.415598793665016,4.233137823944577e-05,6.129810225113258,4
11.403300237472168,4.341500131198593e-05,5.287347863311545,4
15.632632304467377,3.2093280082619186e-05,7.580193155372967,4
11.610491199011683,3.428600019016207e-05,6.574768921927236,4
12.309146331448021,3.890040259958722e-05,5.181113895089709,4
14.241497267035694,3.648734646434896e-05,6.042042799801568,4
16.426077116745006,2.8844856243135954e-05,8.630555746875281,4
14.428342466494776,2.7078933718506603e-05,7.0763724611495125,4
13.234802913146439,3.4259351775218274e-05,5.456523282983989,4
15.013118067156435,3.4612877174895565e-05,6.04678085360212,4
14.124895119890088,3.40436444827408e-05,6.068457948994368,4
13.935700139003654,3.9537314841435743e-05,6.270895357273623,4
11.852672594737276,3.368676314996492e-05,5.793745668784847,4
14.345267218943324,4.178190112294763e-05,7.714674129311831,4
14.95895167792316,3.4067787331977105e-05,6.530653650157218,4
14.978833012915404,3.569807331043468e-05,7.087285228971179,4
11.212298531770227,3.497771849276455e-05,5.5474785428909685,4
11.400114764227155,3.712751630499599e-05,4.791737280138439,4
14.75607866662039,3.4412004274926355e-05,7.083420484068819,4
12.70098281485954,3.2501199336606635e-05,7.042977005051156,4
14.76479705447839,3.384413830826397e-05,6.841137732928854,4
12.010554574584287,3.512316808997202e-05,5.055139914195672,4
15.744579744650146,3.4783939402228825e-05,6.781065743687497,4
13.618553346593744,3.061913488791466e-05,6.467326826402494,4
13.692150488453647,3.138977075236393e-05,5.684276765842204,4
14.912131803507792,3.667229295890689e-05,6.652770329368125,4
12.897139881284605,4.235201337403341e-05,5.546465699234788,4
13.092947030960039,3.644000894666014e-05,7.615884853392904,4
12.058163623711778,2.9244727579448644e-05,6.411656226841387,4
15.015313730708842,3.781673777307685e-05,6.911831292230277,4
15.02175042497307,3.7893549314853334e-05,6.163226261997308,4
12.946873482605257,3.2353011275974254e-05,5.818803526338469,4
12.485655437116757,3.0382248676402148e-05,6.99217905899538,4
13.167704541982095,3.762106916445473e-05,6.4013704322393625,4
13.287899286267818,3.479810072181249e-05,5.798271698995551,4
14.173161829245412,3.6950893028361536e-05,6.351987509857333,4
13.398587864926263,2.4955635969262855e-05,6.630559257584419,4
14.90401847860425,3.681914407493235e-05,7.250702581088265,4
11.573899201133484,3.119891762213586e-05,4.084987351793851,4
17.119424060974673,3.7031255792329475e-05,7.204852397879687,4
14.875632367283725,3.749700404774889e-05,6.808764905678477,4
13.296030156739556,3.0138829913706772e-05,6.748015112450809,4
14.616884061729031,3.539914380400031e-05,6.256323563991996,4
14.220407508326216,3.379771901596564e-05,5.564233285068328,4
11.21216171252155,3.8417682073951154e-05,6.34727227627626,4
16.247917659671888,4.0448500808837356e-05,6.492995912935664,4
14.703123049731671,4.3686600774730014e-05,7.252235190051595,4
11.484881797263554,3.3057659694773776e-05,6.229174794798634,4
14.565464478895583,3.6503423070895895e-05,7.293033635130426,4
14.122138872737409,3.6409343993411043e-05,6.067356179749718,4
14.65862179915235,1.9193417446954307e-05,6.114947453319959,4
13.996779783860122,4.014352331308895e-05,7.086984518360987,4
14.333868596659793,4.264323930160861e-05,5.981922776731745,4
13.09411756486599,4.050061041078817e-05,7.332017538863578,4
12.786442084823465,2.8233785477310282e-05,6.51422704068232,4
13.699707959364902,4.839040227938889e-05,6.408638160333229,4
13.673557531589251,3.3746217558365e-05,8.908937241994682,4
12.998886789841476,3.248756614245601e-05,5.966085521963674,4
14.315598391434495,2.6349710385734386e-05,5.953566111276851,4
14.437504564926693,3.0141739482968615e-05,6.032200248817479,4
13.564078633634335,1.9038219026652422e-05,6.6002532146316035,4
12.325411399785674,3.26348956294573e-05,6.831459882752548,4
13.868107899112111,4.527845216453314e-05,7.032210465938578,4
14.845796643078897,3.8683598950314396e-05,6.675167221777199,4
11.796502536313387,2.9663023663980125e-05,4.671355716740386,4
13.025478958504703,3.783048732383605e-05,6.236846931562536,4
14.29659281941874,2.838328692305935e-05,6.674754848582035,4
12.462415097009703,3.460399371732592e-05,6.368867502476401,4
11.796010035917089,2.7722092291169712e-05,6.595438037506883,4
15.867060301606003,3.325170311745929e-05,7.137937634755627,4
12.028432975337456,2.8099164759854377e-05,6.396269998300338,4
13.775410551115085,3.341316350259284e-05,5.495446051236941,4
15.346227370782358,2.827910420762932e-05,6.7716255278888084,4
15.69425649616121,3.5811765746278154e-05,7.568271170464437,4
16.04840091999794,2.609310249764582e-05,6.857354890995722,4
15.138898097179018,3.580951541728072e-05,7.6915492786378366,4
14.766595467394618,3.4794561357394595e-05,6.15449505921751,4
12.991645404120767,3.269538528579965e-05,6.2816437784577275,4
13.516121851672159,2.7132276247740453e-05,6.70171549505241,4
12.003808238517008,4.787551035828966e-05,6.104544265466487,4
13.507976442861523,4.3934494840576585e-05,5.772252405691471,4
12.676328299310628,3.654728655786588e-05,5.3641095732257815,4
12.235595753576643,2.5322390490909782e-05,6.5735322262954545,4
15.151733940543599,3.8222529204679916e-05,8.304550061026852,4
14.579071512230247,2.7537272452169547e-05,7.732151924879259,4
14.89921775898411,3.585081264620424e-05,6.287669437357759,4
11.910866649974443,3.5032123683782725e-05,4.78479310020214,4
13.657031978275224,3.9359002639021455e-05,5.031394964636487,4
17.398025787034257,3.503540840686616e-05,7.8773255289022925,4
14.115394192452444,3.710300210301259e-05,6.340884427453788,4
13.735434251093835,3.371745306931778e-05,6.652485564992832,4
13.536185371842123,3.5942489962668245e-05,5.957373827293562,4
13.079890558431305,4.891012711079749e-05,6.642104696845452,4
13.960547828772372,4.0967142191379516e-05,6.158236981503941,4
11.29000338072446,4.014171649842043e-05,4.668974417046282,4
12.201259700205302,4.300024167414504e-05,4.802949675229888,4
12.940670855962184,2.9527669121316918e-05,6.545909536808323,4
15.371785098306994,4.190714605485215e-05,6.810869183390754,4
12.60288890122959,4.319375909161472e-05,6.197418130247654,4
12.494116261967125,2.98070722403149e-05,6.488930495239551,4
11.291860623725832,3.161390987512672e-05,5.652596448926906,4
14.353122666844364,3.541177430324252e-05,6.105775594152983,4
13.996692099897457,3.947516073864369e-05,6.49110966175433,4
15.26546014889398,3.346588250093696e-05,6.910603601730385,4
12.400465211258204,4.045512667962509e-05,6.017339311811848,4
13.350370150757179,3.858179608550284e-05,6.3466851438313405,4
13.535265580555048,3.247612777796298e-05,5.558126965917395,4
13.084083356464866,3.4536763969980853e-05,6.452387156880277,4
13.389606657158584,3.3843034496706714e-05,6.613281906835703,4
13.7422451713113,3.915370961772681e-05,7.109059470153923,4
12.668874605272972,2.73662862238506e-05,5.278587779847429,4
12.801824246004578,2.931556655173538e-05,7.650335293634754,4
14.640684269450176,3.4882500025007526e-05,6.863582439031309,4
12.866732242588487,2.6769925582796436e-05,5.882174012523871,4
15.77675107485964,4.102085529558148e-05,7.141649685506826,4
12.617729605082548,4.410380593366343e-05,4.6994517137967335,4
12.252099032329992,3.307989729081619e-05,5.966197612825399,4
15.206728514872585,3.072183082357974e-05,6.378784037689266,4
12.206978993241627,2.5313192295487808e-05,5.232864479439456,4
15.59324794596839,3.4154517770347286e-05,7.467745118457877,4
14.056204616291112,3.806713921358218e-05,6.224229829958644,4
11.931046235197481,3.517629374021198e-05,5.690383379679133,4
13.561058425758178,3.956755875754758e-05,6.793672236438044,4
13.129907638997123,3.258948807257808e-05,6.585779400036509,4
13.337838936455054,3.4923295402554656e-05,6.244872013845676,4
14.03437751350829,3.118724282274318e-05,5.590669554528919,4
12.985393628741734,3.852190502702413e-05,6.61623171331442,4
16.644392894023845,3.7745453477255874e-05,7.136739063083889,4
16.262993272212743,3.9711746320578756e-05,7.984594390191665,4
12.45516770959306,3.2483164642075534e-05,5.762132315244981,4
12.48057436346815,3.232881251927411e-05,5.831376657665251,4
13.614437482495998,2.998874439384775e-05,7.029351437587991,4
13.170718997470184,3.413543947698671e-05,6.859161062920758,4
13.246646872636953,3.1696778717469816e-05,6.137472231075639,4
14.70926203416537,3.6862801490623037e-05,7.43360017759383,4
14.66358001090542,3.2114518141772324e-05,6.500600856962011,4
14.84740433564882,3.6806438460106275e-05,6.873201101968199,4
14.20832927128241,3.4831147213826327e-05,6.366891270453658,4
13.04287677307941,4.1350029317653166e-05,7.413166206377269,4
14.231882751754565,4.0278938144910595e-05,6.316891796539861,4
13.158796380172312,3.227477943445361e-05,5.7015703653995295,4
14.142928909514607,3.515886512395331e-05,5.671433957682937,4
16.188790320713334,3.051712642643082e-05,6.996494622343718,4
12.949937401256031,3.222539720343107e-05,5.04338618404207,4
14.47466125734587,2.764210638464324e-05,5.923144813238931,4
14.956868958504398,2.6947928324457634e-05,7.274800023713764,4
14.357745183867596,3.168909900491288e-05,7.7510631636374505,4
14.57508158990565,3.191735972840358e-05,5.792395891608056,4
15.4419439098838,3.1753273935552904e-05,6.653712633569698,4
11.673612622913856,3.0536035180456354e-05,5.844501226453988,4
12.944297715185447,3.7950044289100044e-05,5.086293710962414,4
16.653315770997562,3.358958570028562e-05,6.805018352559941,4
12.892220774747255,3.094711536839291e-05,6.387513724929844,4
14.686276415624373,2.666217640593291e-05,6.522723318399379,4
13.388096375882917,3.563007813276562e-05,6.237472283910717,4
14.00342775486953,3.827789170181458e-05,6.7851533927741565,4
13.884173516194188,4.184908368638251e-05,6.475598004903459,4
15.568567514297094,2.962996266328373e-05,5.744739688296144,4
13.794646242257931,3.198871318062132e-05,7.298906984452203,4
11.77288628711942,2.882784611541238e-05,6.445269844814205,4
16.897757034384767,3.0721383258554836e-05,7.273625312740724,4
14.68790762783385,3.419366923267122e-05,8.606421204940947,4
14.031463285570457,2.531212203035929e-05,7.312953878955122,4
14.545569016846002,3.8157450728336315e-05,6.453947750312269,4
13.696984403757245,3.007972390483095e-05,6.112386502005096,4
16.173315754660237,3.0168372705240713e-05,6.429323908963221,4
13.585981559170362,4.0812066938673125e-05,6.74055833760877,4
12.570521191947252,3.1929636928730825e-05,6.267247680931128,4
13.876361472061875,3.826260004480715e-05,6.809000843186355,4
14.467229917839354,3.3045872230941966e-05,6.180872105153008,4
13.02654660321778,3.472737279608866e-05,5.784695868464766,4
13.987983739007118,3.621750407924342e-05,6.674829330811447,4
15.85544953585895,3.002238475950357e-05,6.873987734266631,4
14.252036686355053,2.917650056599587e-05,7.1323473031712865,4
12.337966652039112,3.453849124648971e-05,6.4585125843444136,4
15.281964131300986,3.6353036428450374e-05,7.599583980346345,4
11.742570935533255,3.74457412842318e-05,6.1835914851183205,4
12.370650167336867,3.976860610378532e-05,6.690801884951737,4
13.991642071130975,3.3500808521559546e-05,6.50315233672101,4
13.1312148939435,4.557081375542081e-05,5.9228341214948905,4
13.045763359919892,3.1198937706396684e-05,6.948835848662518,4
17.613400947541802,3.3488633397651896e-05,7.810014306381859,4
13.082379144315874,4.1370180224716856e-05,6.561034757037099,4
13.984347364133377,2.9269898920486974e-05,6.520869637890071,4
13.918517747460076,3.044627105479364e-05,8.113183221554385,4
9.85267610586351,3.56926736723543e-05,5.231906203896922,4
11.20700824467331,3.382627214166261e-05,4.168812792471445,4
11.597007858847359,3.6877810224224876e-05,5.579335528575494,4
15.38038822634612,3.762506619350071e-05,7.700005926121873,4
13.027244620119752,3.6830131479664895e-05,6.786138756363378,4
15.149548687678223,4.146716539254413e-05,6.027844319265228,4
11.107835671521633,3.59077561633939e-05,5.536166786413085,4
12.49642832455546,4.392156241332288e-05,6.40204875689984,4
14.574304758791838,3.157590864951158e-05,5.61243997704384,4
14.327193779030011,3.768231278224061e-05,7.229935511240564,4
13.81644179987521,3.391966433889092e-05,6.649843244869345,4
13.213751943384812,3.095236930108717e-05,6.293318332074854,4
15.62263774655836,3.02172365839838e-05,6.580680091720553,4
13.047444458841015,3.71000956336784e-05,5.875045034297999,4
16.384871421611287,3.7879575632025716e-05,7.840824280639831,4
14.751088913339162,3.801230026812837e-05,6.980904137816297,4
13.220557739748276,3.420617760199148e-05,5.168629396618035,4
17.0245107176517,4.259174725035877e-05,6.960369687222493,4
14.144949883350103,3.246562725156942e-05,6.687520197406931,4
14.545844175811997,3.020490351592107e-05,6.2632638645970715,4
12.943810215794729,3.777816233853693e-05,7.261986129880092,4
16.581980734270292,2.8297633705496515e-05,5.434454303972754,4
12.639934052482687,2.6612248839376807e-05,4.255279394748701,4
16.456236770912355,3.635047858453295e-05,7.0253495354976305,4
13.42663413359291,3.4358341910042046e-05,7.235525504356021,4
15.52006397376517,4.039764321401833e-05,7.0370741190623765,4
12.026132381017636,3.5645661071257836e-05,5.978750050223839,4
12.036186380734119,2.7316289217048945e-05,5.602470452861743,4
14.211834378398486,3.867522455552339e-05,5.876676743564536,4
15.184140103089232,3.872629436256716e-05,6.063609614157943,4
10.592232547690939,3.8741127162530594e-05,5.340740522296577,4
14.65169453998799,3.194085030710025e-05,5.937382539726748,4
13.42732830463246,4.019377858168346e-05,6.308447758382393,4
14.833573051684825,3.551667703146381e-05,7.030599239727106,4
14.145806106329012,3.3502496953665494e-05,7.791767335927748,4
14.25895236352456,3.868440144122573e-05,6.2092318998764675,4
13.711407767834398,3.301236561864041e-05,6.480595425023717,4
15.298837458572407,3.210829967502597e-05,6.664657534172981,4
12.792496929697315,4.3137806246609355e-05,6.0406743291846485,4
10.865739114774264,3.639791438801023e-05,4.864742252910909,4
13.587028751060561,3.260619329519262e-05,5.854727975786371,4
15.391345090307983,3.775323002759163e-05,6.005253782142935,4
13.94262678038396,4.1573413960878824e-05,7.002553928600331,4
15.358192329533214,3.220985575711199e-05,6.853502683101743,4
14.620243355686833,3.9981420572901635e-05,6.349476565034516,4
14.216679058004647,4.0459702197017696e-05,6.560805107746122,4
13.962739486044569,3.436423455556288e-05,6.142565504641494,4
14.040899915883664,3.8502266714428014e-05,5.984252625765358,4
12.517241157867803,3.954035937626244e-05,7.389458893248445,4
16.085383717465817,3.1840101697809096e-05,6.541383769400552,4
14.117887272116961,3.27053403867418e-05,6.2238743917380805,4
15.935791553960744,3.116771863554812e-05,6.086969106958008,4
11.815978291517881,2.8477452737593172e-05,6.374084375090307,4
14.400578938230035,4.097172833967309e-05,7.765180744583977,4
12.922294519275143,2.760647273964021e-05,7.0087633844619,4
16.61726833702092,3.302869093051199e-05,7.250105666871662,4
13.001341682771855,3.929528501038771e-05,6.0468508755574994,4
14.398721869786687,3.418451527133144e-05,6.610545496486087,4
12.44681249855968,2.8971574383549923e-05,5.838600455753639,4
16.258113634142063,4.127217091445839e-05,7.534541974772177,4
16.738978709975942,3.410727950065917e-05,6.34103910732837,4
14.746859481467029,3.0246057458946385e-05,6.935108862453497,4
13.270353257290191,3.158889283555404e-05,5.654675958614975,4
13.733244679690433,3.374067799899532e-05,6.874069296368437,4
14.058312615099869,3.7459021425397225e-05,7.572831477281081,4
13.257038261324759,2.5556188948797117e-05,5.833465444191603,4
11.711266460114834,4.010714159939815e-05,6.95067842624008,4
16.971015271717317,1.8527313717131483e-05,7.2164961937638665,4
11.84886916033972,3.500304941327367e-05,5.634026426131971,4
12.528928062796878,3.634382180437447e-05,6.546254732116055,4
13.501216391252502,3.360197021022296e-05,7.020189417101333,4
12.833467585088579,3.690902468714383e-05,6.016517064667463,4
16.224694711462796,2.697500135316387e-05,7.879797999885609,4
12.870612902014534,3.7361875991306115e-05,6.48408576703305,4
13.665538407362074,3.6884438797695324e-05,7.559711263190023,4
14.112355195046504,3.369701896568481e-05,6.822490668796065,4
14.769701054318533,3.1091064662908015e-05,6.211894540876384,4
12.966291195110095,4.0102539219295466e-05,6.718972521135488,4
14.310719849639336,4.059628514287438e-05,6.1660689528042365,4
11.896658210627223,3.6294615713428513e-05,5.129869117320212,4
12.574155378521771,3.3194064187541215e-05,6.769536025978908,4
16.095741716572263,4.382274961164502e-05,6.976178804326068,4
14.044486212211492,3.171642611340002e-05,5.723086350951211,4
12.91371526469659,4.934984227878693e-05,5.478688826261585,4
13.336602498426746,3.179922724046841e-05,6.432717180940623,4
13.741800367181858,4.564922914136735e-05,6.638348665395703,4
13.649085986277704,4.353519327179919e-05,5.237876545415842,4
15.926224346253179,3.470332463720566e-05,7.800939599406786,4
13.163686525328009,3.8191097646792664e-05,4.70091601486377,4
12.459551236951352,3.2843675698789066e-05,7.7519337773554655,4
10.156580533837587,3.573251391117634e-05,5.487653449738847,4
12.806710749086873,3.0241513261309824e-05,6.585541628926404,4
13.083385778674494,4.263916920035806e-05,6.347385950065989,4
15.424208496667564,3.0609918075760635e-05,7.695608899248461,4
16.68591884929802,3.7812809664313524e-05,7.985097899448979,4
13.40290815431372,3.6709751097556245e-05,5.996309608576529,4
12.48283161284936,3.2522588742119175e-05,7.40299887239051,4
13.009763147104401,4.563854600365482e-05,6.363304801886581,4
12.635347920650217,3.4156582561456374e-05,6.043900707368938,4
12.685743910218573,3.3308330449025016e-05,6.5568597487597575,4
12.252134046703826,4.159432333000232e-05,6.581442527078671,4
15.893080916655954,3.084189894877867e-05,7.016606367904464,4
14.825595733441519,3.283416217729227e-05,5.783669129106626,4
11.512188066606392,3.50858375812661e-05,6.12874741191936,4
13.155443160611007,3.6254353654787525e-05,5.529472273398934,4
13.854592505995914,3.1665700682597964e-05,6.508365187612096,4
13.47391833265559,3.874859815178238e-05,6.119319827169733,4
15.388643860520046,3.120291087209287e-05,6.915938467116774,4
13.678729788939947,4.0085631212895e-05,7.119616233541157,4
15.21635396958817,3.3725302681587124e-05,6.528811204148682,4
16.287634470858833,3.1303009159501176e-05,7.255503546722858,4
11.390158624930937,2.8052722272063276e-05,4.746813391863897,4
14.582422765644079,3.613052158628906e-05,6.211545742654174,4
14.359372138283222,3.441350433031545e-05,6.466780877636429,4
13.460685040138664,3.820652051948722e-05,6.7844101993792885,4
11.391497997957348,3.0087079498200952e-05,4.881602201256591,4
13.628834912821304,3.939232379132172e-05,6.477193811157379,4
13.134036340973637,2.975942828785439e-05,6.282007838200499,4
13.30429194830006,4.020703642474133e-05,6.35916905379762,4
12.643845220828227,3.106759371750746e-05,6.507586812575683,4
13.766876414700263,3.8382552838365275e-05,6.943110196259283,4
12.249250246784321,3.8034285540177917e-05,6.648995370252867,4
14.130778132463801,3.680356436407373e-05,7.26314404264731,4
14.838135243282998,3.868277315047404e-05,6.399548171769732,4
18.087661528993284,3.304365622877808e-05,6.709717358723516,4
14.341126612863306,3.5630865911209e-05,7.226036381718414,4
12.855646398713466,3.233503545018427e-05,6.765623359540962,4
16.390345989928917,3.838653940137484e-05,6.808744728082704,4
14.710081500972688,3.3115275126015886e-05,5.403041438812798,4
14.059476402321005,3.3187789484211735e-05,7.1931017746161565,4
14.614424910021395,4.278656274157717e-05,6.3447785162623,4
15.179685198065386,3.195831449517148e-05,6.716207394978909,4
14.543256383828137,3.699549485858611e-05,6.854793891887248,4
13.13681967827522,2.2061989137352193e-05,6.403291749438948,4
14.700342755229402,4.519837249703723e-05,6.8337642005357555,4
9.417004176224578,2.9735006290294117e-05,4.670726121907711,4
13.882840815910157,2.7111420914908544e-05,7.906102665345761,4
12.594948121094843,4.1618433484342965e-05,6.081810460455861,4
13.918466919418872,4.282246232211229e-05,7.28866063624758,4
15.047603099315994,3.7344743298418746e-05,6.5913836435990145,4
14.84961861511976,3.500170837153747e-05,6.178802675146812,4
14.398570826406388,2.222970071309564e-05,7.224817281502858,4
12.472065694128876,3.676816617430415e-05,6.193683007850696,4
12.7453732916185,2.8829611360666652e-05,6.162479370812111,4
12.72138246374377,3.585281702249858e-05,5.935423907169151,4
12.325684759014045,3.79555421185983e-05,5.579460358746691,4
14.167317961708052,2.69360080485116e-05,6.210949313498886,4
15.708750568714747,2.907918345249729e-05,8.139600181710032,4
12.339906292084455,3.324661115624406e-05,6.096238409385613,4
13.616366598252297,2.7777783716500227e-05,6.4498486380396844,4
15.167953870267919,3.843991044084857e-05,7.152385722210189,4
15.158643091649497,4.006557653709498e-05,6.659887095761901,4
15.583296718914388,3.790123332647154e-05,8.009049252498693,4
12.328447959355824,3.429395926994048e-05,6.926812166616867,4
15.767203026597583,3.0408912864025972e-05,6.465578640358984,4
14.519466977374368,3.241163402783363e-05,7.337898977248384,4
13.570645027673486,3.233724588399326e-05,6.665725839537204,4
13.652450323655795,3.860872261291941e-05,5.974464587462296,4
15.13293983368731,2.858855302056006e-05,5.672077781134332,4
12.375481642653886,3.061477244755582e-05,5.920992960283758,4
15.009920078623102,3.321216097174633e-05,6.9878238033792135,4
14.032028946402722,4.377973863140425e-05,7.443233652625683,4
15.254256573430673,3.7961044266005295e-05,6.1846214856704105,4
14.545652353895935,3.087889031980706e-05,6.676757246270979,4
13.922232738552719,3.564012597207799e-05,5.981764936355642,4
13.309568029501024,3.679551911210554e-05,5.057268971063296,4
13.201757538703347,4.6429027690683485e-05,6.3683386077594,4
15.88492631515319,2.0623525648412983e-05,6.635622693369791,4
17.467822901576902,4.298971613969883e-05,8.13420118838819,4
10.62172989780011,3.4256377192328876e-05,5.492014395120883,4
11.954344727173108,4.53019865921939e-05,6.0773533678651,4
13.638455727094204,3.307621336826712e-05,5.472530763870227,4
16.15110182234191,3.0132084062893706e-05,6.713377545458386,4
13.32304524988858,3.56182327046324e-05,5.950793673026919,4
13.727997145839513,2.412739787172447e-05,7.215784359794274,4
12.886295162652395,3.075905296022161e-05,6.199581529115695,4
11.646270486481994,3.558272974217957e-05,5.789197735991282,4
15.153534656341385,2.8137272747102073e-05,6.152393144914628,4
13.571272214433812,3.1454076844234935e-05,7.091316492395539,4
14.585291062058685,3.131586917890184e-05,6.530378343611564,4
13.505177977389526,4.159173844067704e-05,6.990220225136644,4
14.275140352191883,3.77881075315009e-05,5.815734943921141,4
12.64283195925408,2.8343007618226104e-05,6.269534782148443,4
15.175847343978367,1.873517145549803e-05,7.4316817005877835,4
11.601368453825026,3.765640261006897e-05,5.255512658354281,4
14.80532965536282,3.065718887344827e-05,6.7966303902793594,4
13.72758577332517,4.186011580727075e-05,5.797242498944183,4
13.859237867840356,3.96373433397169e-05,6.646646559914775,4
14.93153130200557,3.8042730630088005e-05,7.23691008594982,4
16.285453707498327,3.43001156150515e-05,7.004985111697906,4
12.439634596861806,3.1544502969309446e-05,5.912684869653955,4
15.109830296524091,3.69878705589656e-05,7.163929276639466,4
13.885633143407894,3.309234644798861e-05,6.990139008319474,4
14.20396746575826,3.433330306931134e-05,5.645488079437103,4
12.964815110566608,3.1187045747347064e-05,6.210983851015769,4
14.088364131241143,4.203828068950472e-05,6.0327767218452735,4
12.780564252304147,3.2039986339905804e-05,5.9958675983278145,4
13.244386615492871,3.427997338855883e-05,8.078416023861887,4
15.301458506609928,4.7533382135162035e-05,7.05543081530344,4
14.369093173148382,2.7392788290377335e-05,6.484271279193424,4
18.402601391739665,3.139729435958535e-05,7.065393092942214,4
14.366462672966763,3.4008539702882066e-05,6.560184804207041,4
13.640255392868868,3.488845680142906e-05,6.838492805305073,4
14.193522537843096,2.7675508961723863e-05,5.516714824164221,4
12.184330664425104,2.257441998815962e-05,5.148294801403514,4
13.81556067246766,2.9841786980690024e-05,7.289889468147629,4
15.06167559327821,2.946838420606913e-05,6.990901717864079,4
13.921268119180498,4.436001517148293e-05,6.329023451947956,4
14.894905748938431,3.1730050171121214e-05,5.740027833114242,4
14.033819905020017,3.022025282278474e-05,7.94985418861981,4
12.085635215314042,4.180534593899538e-05,5.8518006100698,4
13.068310423234578,2.6076188851769898e-05,6.143538926304403,4
12.769374221373848,3.7534043115689265e-05,6.764375362803742,4
13.532550388352979,2.4550456527223747e-05,4.913484121345164,4
12.195148416043082,3.4582530795936096e-05,6.640543377259495,4
13.575508511086898,4.099261954162413e-05,6.524676943872454,4
11.942444685749985,4.4650868613782824e-05,6.609183014300573,4
15.244448179180338,3.758923369813489e-05,6.082011387571555,4
13.47527567816794,3.906685621569201e-05,6.508691876954595,4
14.260577933260869,3.008826088499354e-05,6.562616720166604,4
13.758414598604434,2.0082624651481946e-05,5.5071172286107934,4
13.090460896124975,4.108012477697729e-05,4.870129780866835,4
15.010454694279392,3.9532445636941174e-05,6.465711594215185,4
13.439563020999925,1.9994763540215095e-05,5.4343449325816096,4
14.62503460479752,2.726391584858228e-05,6.376943453168842,4
13.794401503418714,3.0222695514058574e-05,7.026274773924705,4
13.39780009747615,2.5858779574471473e-05,4.601232079141726,4
12.054678107477667,3.437192107135097e-05,6.479055315168111,4
15.430793848482631,3.0095490229809735e-05,7.253028554430233,4
13.548482483935341,4.113147224077986e-05,6.197111016962907,4
12.247426936625537,3.631865678279028e-05,6.465003801652335,4
14.684319660807278,3.848599710876668e-05,6.993015480246485,4
15.158436417064141,3.538006813501955e-05,6.6051954082619195,4
15.808740922059442,3.7338788329522924e-05,7.566413077352477,4
13.580003169824108,3.996194862159772e-05,5.345742584086031,4
13.198128790713003,3.448682243494163e-05,4.621190096928424,4
11.929981857468881,2.483675867106917e-05,6.420734040282165,4
11.602347825787039,3.0596789789109244e-05,4.948059897615859,4
13.5541566315373,2.923230974468895e-05,6.650191237111106,4
12.257405326011956,3.1729714754490065e-05,6.253347743379746,4
14.211940171685235,3.995182940689252e-05,6.66600106502519,4
13.88167316445777,3.0004712398336963e-05,6.988138562025287,4
16.056922785335775,3.9000041192126796e-05,7.22726612166694,4
12.456836249956027,4.2670523878936206e-05,5.492857654932163,4
14.938796525293858,3.5199605072200446e-05,6.47884729277133,4
9.153881577136424,3.483278963126419e-05,5.0344622232919125,4
13.80655676008036,4.634969618006834e-05,6.1517643836908995,4
11.648318663323534,2.322710584349089e-05,5.0528388520595975,4
13.692590415400339,2.9579514906819736e-05,7.066641158739609,4
15.238520066079378,2.7459996570584982e-05,7.0713304587793635,4
13.76133403518696,3.34741193542166e-05,5.980374911781418,4
16.931568406410765,3.673119353410638e-05,7.657023762010766,4
12.03528962261608,3.99737549784672e-05,6.158728125370896,4
13.661605534462668,3.861423127211305e-05,7.630899379476422,4
10.918246612235688,5.208762783653386e-05,4.784931586627971,4
14.959574776368754,3.686854410964372e-05,6.768715749241148,4
13.53222688112179,2.9662973124517712e-05,6.166167414658259,4
13.781419248663786,3.479330872737064e-05,6.12441762552824,4
17.865670219815833,2.790510899849724e-05,8.235189619741476,4
14.048758484122766,2.3323110519385493e-05,5.822423454119345,4
12.536902229906152,4.3606599416459314e-05,5.9419056215673285,4
13.347438394218274,3.799120396425037e-05,6.050903281154433,4
13.948999998106677,4.318157803923047e-05,6.124156706611038,4
14.217758795456529,3.528064166978025e-05,5.704214859364435,4
16.48173276549453,3.419649282975535e-05,8.25217698449914,4
12.662896750783673,3.788226779523711e-05,5.036252910968642,4
14.390176677339719,3.890679113804973e-05,7.029559301281478,4
12.377222922814262,2.5583959851098697e-05,6.259550670734027,4
14.842759674251127,3.1964008470945016e-05,5.891077457950626,4
11.613765390000825,2.8635823710029516e-05,5.398377025705361,4
13.984182496182974,2.7029460288348047e-05,6.636980335827313,4
14.819995041044052,4.564493333109767e-05,5.735660129762736,4
9.48319607888793,3.2912183873201745e-05,5.133049607236161,4
14.657511279689633,3.686554259229666e-05,6.4385605145913996,4
11.863537106312172,3.225510461884364e-05,6.702795934717203,4
15.78468689041441,3.9342357013075485e-05,7.189526578186655,4
14.597170839028331,3.332983438448012e-05,5.7563345720329195,4
13.540443946162096,2.8015123136540056e-05,6.177991121942522,4
13.52206964206231,3.4265919987658996e-05,6.293600277191555,4
15.011323801677147,3.3692019170304086e-05,5.86244795191046,4
11.928993290103575,3.8004061372401855e-05,5.950373423514699,4
14.686958138994749,3.561475103273742e-05,7.356307881488295,4
14.719850273473764,2.9379714876626958e-05,6.298179352397598,4
11.501746696608786,2.8178218619619942e-05,5.291923061099377,4
13.221581555833204,3.856474297620196e-05,6.727974007568494,4
13.818704568556154,2.878581225070781e-05,6.010409698089008,4
17.41778184988214,3.157853098812008e-05,7.2586389833796705,4
13.916374941368321,3.993527703994943e-05,6.918353877317651,4
14.645625661063987,3.017346019464422e-05,6.725149173719443,4
12.713573806932008,4.20993387196771e-05,6.487925192972389,4
15.691816987997612,3.435844947459408e-05,7.133207278106859,4
12.739127361808713,2.5638675502246733e-05,5.0243476106148615,4
13.796410472662954,2.6891912146734992e-05,6.943320017884085,4
14.697501707377867,2.9735526546821927e-05,6.530505897932146,4
14.617783686869728,3.225287468766752e-05,7.040795036298182,4
14.651822581599898,2.9434753851593792e-05,7.097441974265276,4
12.036794489246683,3.8155999992126014e-05,6.2080459427482415,4
15.727853558977506,3.372141660367801e-05,7.457047160593369,4
13.289659157942433,3.886484599568224e-05,6.1696710851116405,4
11.636741111143493,3.972209947411046e-05,5.492141218841761,4
11.700470014744745,3.817474760652819e-05,6.511110211739046,4
16.55794333832748,3.0909964073788274e-05,6.221708751882871,4
11.326694925383485,2.904373670197936e-05,5.925143993549533,4
14.751016284698599,3.800287232336399e-05,6.881077020113526,4
15.756995066757522,3.807245363252049e-05,7.808296118027849,4
15.309401519298564,4.593194003283691e-05,7.616002098759912,4
13.431169419921554,3.881107513952951e-05,6.955943123850376,4
15.100998209851811,3.2898768526780324e-05,7.487701265235552,4
15.161022550785233,3.3740894177344594e-05,7.168714623822788,4
15.601963844328228,2.924917017430648e-05,6.2191833928052205,4
12.332736501428403,2.137210288821856e-05,6.421092973782229,4
10.088662678914396,4.453875012856302e-05,5.552477683822932,4
15.966257899048081,3.8544169646210114e-05,7.595721665978431,4
12.550069853203995,2.5755001443856367e-05,6.161896197490993,4
11.851371602367891,3.3479697687735665e-05,5.942224967947272,4
12.738712393115772,2.307332660864989e-05,5.703429015819113,4
13.026822710977047,3.960117122104379e-05,7.021140557280086,4
13.136931704920407,4.216596870036238e-05,6.504923270311447,4
14.186913860143935,3.6964386373400336e-05,7.262822949598488,4
13.516781183981513,3.933993712536949e-05,6.705050521041361,4
14.952394857606425,3.082557802536914e-05,6.368646817663668,4
13.928477121736103,3.5067217014583714e-05,6.077212362148299,4
15.25823248380372,3.3936427071292686e-05,6.756519321422648,4
16.03808514944465,3.814007323670424e-05,7.405265936800044,4
14.12674297670256,3.5980946408693226e-05,6.817823859703822,4
15.03142836083067,4.154743234509656e-05,6.757979321339263,4
16.01414544495869,3.053897872976708e-05,6.855599372045541,4
16.02349438072716,3.7252597419698566e-05,5.877160468608674,4
13.185813122294764,3.46486855682109e-05,6.283486550988672,4
14.581899321130354,2.8166802028712192e-05,7.453866817030564,4
16.824385809298253,3.4542429189415374e-05,6.967082844839739,4
14.204015972584104,3.145787292170621e-05,7.286696160901017,4
14.191500930072905,3.286971590214866e-05,6.75454511569352,4
10.90403405523981,3.844196685808705e-05,4.073843427016988,4
11.933845400491785,3.1649761989076927e-05,5.041987011154292,4
12.509597030258774,3.346564629909253e-05,7.026325159936148,4
13.05703718230948,3.805422583041316e-05,7.337700765374902,4
13.472753040941843,3.316893410574025e-05,6.410585563230887,4
14.253105316913208,3.628184845897196e-05,6.331367011571687,4
16.076848568319047,3.157420842113777e-05,7.576733066146545,4
16.548150801456636,3.397424857859542e-05,7.596654757684086,4
15.576288499410545,3.0097273081481846e-05,7.571927058102242,4
13.041940008651764,3.2654171457936976e-05,6.833822011089527,4
14.6099366281483,4.373455970736694e-05,7.017967812574974,4
14.606712384155728,4.190592770842282e-05,7.195179488409717,4
15.500186275122545,3.681191779010959e-05,7.86008310327334,4
14.831454976261412,3.5645889318867776e-05,7.60890612838383,4
15.03741766083976,2.9729294966192157e-05,6.5314771051620735,4
15.050570301686076,2.9498808370089875e-05,5.9925341210144785,4
13.316348175001549,2.530195812847924e-05,5.668168718008493,4
15.334963979351054,3.380855697591672e-05,5.755943018241865,4
15.161045182821677,3.0950212266633686e-05,6.396311393575409,4
14.585531197409388,3.4222370240277075e-05,6.7267119629254974,4
13.140321457801853,3.5134698316112156e-05,6.460001760905355,4
15.268579064437038,2.847519511862169e-05,7.207598723828547,4
13.392316467975993,4.386646757739407e-05,6.137688378922212,4
14.779835700646064,4.1243303366839846e-05,6.4594827525237495,4
14.817341105402676,3.727995593452797e-05,6.047049591133897,4
16.249191662737097,3.14572908161364e-05,5.5168622393263025,4
17.15548697934786,3.174455569379508e-05,8.293219367492844,4
14.430534390505686,3.7431029635943616e-05,6.757160405331407,4
15.772214540850458,4.0739470588577225e-05,7.773628618026853,4
13.115326801885203,2.743264428498741e-05,7.509922403365512,4
14.715756235347415,3.221930243038642e-05,6.790728459698541,4
13.832832806587477,2.974527254803898e-05,7.497641996006301,4
12.80981494661324,3.191787811206961e-05,6.5069028836424625,4
14.387711193517307,2.5132951788629227e-05,6.811005541991772,4
15.81922203269134,3.291502198035208e-05,6.426562561516463,4
13.015308601028432,3.0358883777014424e-05,6.492334448261137,4
14.924175231003364,2.8896296197730933e-05,5.960216076029613,4
13.881621309470368,3.548360405664923e-05,6.360752663146473,4
13.584249527106431,3.8675907399467825e-05,6.9961308196933985,4
15.60468946911382,3.037284207497409e-05,7.57311713493455,4
15.51301658632464,3.6533037293250706e-05,6.800269593491351,4
13.061492191170654,3.969224998543597e-05,5.957004476476438,4
13.580277486040249,2.817877193498972e-05,6.013313894835383,4
15.186813627639726,3.3815665685954765e-05,6.894323223787958,4
12.6656598932111,4.132211272412686e-05,6.677358166965628,4
16.323747120871104,2.9828093939047296e-05,7.009800068686746,4
14.97522372961339,3.995914272707645e-05,5.779948742962201,4
12.848273778201786,3.360246648927118e-05,7.30148159580665,4
11.46684378904989,3.0454127728068116e-05,5.863917160553404,4
12.215371856496816,2.837891980662897e-05,6.403934367801511,4
14.450715529678275,3.295631553267932e-05,6.793528722347524,4
11.913074315892203,3.5516768087105817e-05,6.423790841446383,4
12.480263112234885,4.3664146750532245e-05,5.974410469220283,4
14.614426956460635,3.116181552156371e-05,6.735480086465336,4
14.708194442558643,2.8868977960737144e-05,5.992596138656349,4
16.46682940713851,3.2373168330304905e-05,6.904261359267616,4
12.569199612645516,4.5660508325287936e-05,5.1945540471186815,4
14.159976774626895,3.740274780846303e-05,7.953398825984476,4
14.511872874868537,3.6754778240384226e-05,7.069141889595957,4
13.25545529716925,2.8882581243399076e-05,6.545931836066289,4
13.532691984955017,2.7547821557518382e-05,5.9874539645734055,4
13.196958080407757,3.2488669914409304e-05,5.382859635153933,4
14.6864439182293,4.3644105853207165e-05,6.79732252776836,4
15.061351368375945,3.664120373950098e-05,6.3140804284859895,4
15.885410127909232,3.564325451342529e-05,7.05212039380811,4
11.995102987314775,3.5104740891085605e-05,5.845483350332991,4
12.043026502855177,3.1860487323966584e-05,4.931617532814596,4
15.936955434142686,4.083186591264159e-05,7.258934932788753,4
13.961789790807055,3.440412375178223e-05,6.122140762712422,4
14.95291977704295,4.2379207558414604e-05,8.337625861568455,4
13.219294622826908,3.9558811841825336e-05,6.4300503590212905,4
14.10386528249099,3.092837080330285e-05,7.672590406035201,4
12.432515833163933,3.1900459945250705e-05,5.886368701571481,4
12.401830102201531,2.2910834522619248e-05,6.004291653860626,4
12.084604522050432,3.44830354951639e-05,6.173101094824591,4
11.468789916018999,3.110167552566338e-05,4.407119367426917,4
13.387748697991487,3.0572751236615624e-05,5.547894418004454,4
14.952852887677937,3.6774624864272125e-05,6.810565303324392,4
15.415168100225461,4.362623853722236e-05,7.185359430409045,4
14.085995295692527,2.960438588091591e-05,6.789384933780193,4
13.476156602376555,3.3857014446946804e-05,6.403305698772102,4
14.421880450664252,3.633501454507589e-05,6.087081398331607,4
13.928851390581457,2.777334472799298e-05,6.570754573616875,4
13.586972021715297,4.2384530756276825e-05,5.750948469885834,4
15.574657943013932,4.5826470006618855e-05,7.013999962393777,4
13.876145983988842,2.936327431191143e-05,7.323833263864437,4
16.754266503397943,2.9774112413523358e-05,7.450897666341946,4
13.654601965963044,3.636259865403373e-05,6.230967068359972,4
14.785891657035114,4.0271786098031614e-05,5.490289582525031,4
13.029747949293544,2.9315149619386535e-05,6.339588151522054,4
14.944150881444934,3.539225445977389e-05,7.311262668707322,4
14.526934490324283,4.016776201712387e-05,6.949375580826098,4
12.935650749276546,4.0114535715647017e-05,5.9477621420779005,4
10.107660977820279,3.810037537793288e-05,6.095481669468445,4
15.841241957257923,3.6905217602472845e-05,7.358675864639708,4
14.069476620105878,3.912611865029429e-05,6.774682357557705,4
13.490780460576222,4.5198808693209975e-05,6.337166513464163,4
15.106331305684254,2.4870973763753826e-05,6.722505597928584,4
11.36536612478685,3.3102619162486956e-05,4.577005822220682,4
13.684273709251329,3.279388105998742e-05,5.971247377442818,4
14.595754080534444,3.7966202726928854e-05,6.662712940640774,4
13.123301633194343,3.490146338595998e-05,4.811934975091107,4
13.719498694766067,2.323004296840383e-05,6.267593923157339,4
12.473464719175697,3.024956411320685e-05,6.034089771583031,4
14.474291145775961,3.258724500553247e-05,7.189245869659227,4
12.518147591352998,4.08839503914384e-05,6.149302846553989,4
13.498015207197648,3.639682818896983e-05,5.812076480649208,4
14.690005977799533,4.165708415014726e-05,6.659346063136292,4
16.4980602271064,2.9285894386433287e-05,7.278045427223875,4
14.141841756584414,2.9305699540452364e-05,7.4016060864536035,4
13.8592007747185,2.3178179878320952e-05,6.781352403449957,4
11.84590105856545,2.814322882743098e-05,6.705192357856108,4
14.03910619418868,3.9084102462250456e-05,6.794507641097962,4
11.957567396193728,3.69785370956911e-05,4.67402112148254,4
15.469517413040236,3.945655904511086e-05,6.211875050494463,4
13.385459506846328,3.1853295199925215e-05,5.674684115228794,4
14.822244257885293,3.543737536334358e-05,7.042806287550116,4
12.779178494568274,3.081679185411568e-05,5.197504934192332,4
12.722514381610534,3.732610340643922e-05,5.9501349385563245,4
15.303998663203252,3.792734859347081e-05,7.183252952872478,4
15.447789426900874,4.2220880570857075e-05,6.794063195605439,4
14.984147968550497,3.4115813135440065e-05,5.888018717715559,4
16.235027124670683,3.545485077078469e-05,7.715509299414554,4
13.69261206744493,2.9652756336212586e-05,7.228613061588744,4
13.111722590424211,3.499661991131384e-05,5.598286585180205,4
14.482408927594506,3.4211343143309043e-05,7.234976912784926,4
12.400993314364403,3.4719871703114846e-05,5.466132612340807,4
13.263723679344004,2.74369981514844e-05,4.4961296447263015,4
12.126178905297666,3.9953072710137114e-05,5.09300558298492,4
14.72491325713915,3.258694747854312e-05,7.011301346900173,4
16.542315483757722,3.294611608708695e-05,7.347070685293141,4
16.182061560870757,3.891788075249139e-05,7.508745910906895,4
15.37857002210514,4.0397428824310554e-05,6.603509378786471,4
13.652592876418169,3.7022380618833406e-05,6.344427547903626,4
14.438341322424616,3.6681492141330296e-05,6.612581806931155,4
13.751644007319868,3.52000897213115e-05,6.492357164319388,4
12.896729029607906,2.5694539184605335e-05,5.991123290757728,4
13.682322538555994,3.128110052858176e-05,6.644217233501948,4
15.347794349290695,3.3487346180561796e-05,6.6026543900771175,4
14.60737683441415,2.6195017534443264e-05,6.730934193597881,4
12.558183782311291,3.1059703310643545e-05,6.110010436287885,4
14.084744190447815,2.9926923593034884e-05,7.239305177630865,4
13.20748432266014,3.253718045790605e-05,5.878158131519146,4
14.240289334175595,3.407055909074884e-05,7.560468119345503,4
14.609750522158917,3.089253471860074e-05,6.845266231843311,4
14.889603508157272,2.8471011435941582e-05,6.767986869667146,4
15.653099227196073,3.389061978420554e-05,6.487067398691847,4
14.688628585402345,3.9380441733121956e-05,6.564055230463525,4
13.672726825635703,3.769180999761541e-05,6.180455529951759,4
15.378639648481602,3.418503951130761e-05,7.204366281414616,4
16.349920270554094,3.367643124274517e-05,7.758772508703342,4
13.300822646062578,4.2246312215551e-05,6.216590151109284,4
15.253827959324479,2.940999662760676e-05,7.002516103979512,4
13.731146131809897,3.757889100841726e-05,7.695311619374384,4
12.478458937592997,2.6876825935774185e-05,6.987459152003851,4
13.36636975692649,3.716328231981375e-05,7.180661767989267,4
13.02738437717492,2.716150882583083e-05,6.367089216827435,4
13.87264841188871,3.546131674627873e-05,7.677381852022455,4
10.822645884646569,3.152160250549185e-05,5.895238787711682,4
15.388216808837646,3.939837080258431e-05,6.858972638041668,4
13.386110516038853,3.476857304108676e-05,6.953439727368602,4
13.773792469323471,3.803804126191163e-05,5.845039142986666,4
15.6874354309801,3.3694132749597284e-05,8.08125657858498,4
14.391150027442889,3.8914033079800916e-05,7.849707452941797,4
13.275757237877606,3.832471581848823e-05,7.347160200600939,4
12.635349370627692,3.567138512986296e-05,6.349243529463635,4
14.893318637975675,3.6966810282249187e-05,7.17293778068399,4
15.015503374328954,3.265231069441965e-05,6.202673137474991,4
12.423567667998665,3.774218252246526e-05,6.0129032246344725,4
11.446516393696742,3.036888984730484e-05,4.665253968495779,4
15.912152592146029,3.1114950634714265e-05,6.903293082976753,4
12.465211026651005,4.053686576985762e-05,6.650249053759408,4
15.547045048552244,2.9570813258472423e-05,6.825273877665566,4
13.305667233860751,3.808064547921524e-05,6.054737742780621,4
14.74195057397757,3.7201975793542856e-05,7.118454482412345,4
14.643171072408048,3.226879997973127e-05,6.394779256705561,4
13.879010953222313,3.5604574060614643e-05,6.4737471044582895,4
15.54131914323687,3.3201861145361314e-05,6.90999963882155,4
16.15507769098815,4.0184463113143646e-05,5.988719711950398,4
11.500065513344662,2.3332490963161157e-05,6.460781961812246,4
16.026174100177972,3.769609481680466e-05,6.807189754506737,4
16.642381335601538,3.325020748587288e-05,8.2124018887043,4
15.223306821436625,3.429463273327356e-05,6.9383927774807805,4
14.768209895088377,3.5851441164877964e-05,6.613430490244507,4
15.348407287246813,3.293765181926747e-05,7.277285462250603,4
15.4843792965241,3.40686077273055e-05,7.433551872463027,4
16.6965590943116,3.126885219564416e-05,6.901183296317361,4
13.002282027617726,3.2883077915115606e-05,6.958062439550601,4
12.407209450985384,3.108152772838927e-05,6.817320115453144,4
13.028024377938031,3.147675070051908e-05,6.9271612065073445,4
13.667106295917288,3.3622634895095066e-05,6.008950904171573,4
11.009347136997429,2.9491597327350783e-05,5.743653384982855,4
14.43837467180418,2.6015049251744848e-05,6.625988115559499,4
14.298584299327803,3.443835943702498e-05,6.8156114425767464,4
13.881458685376595,2.8973327748375465e-05,7.190902007925705,4
16.850686698604438,2.79670590216692e-05,7.63289446426175,4
12.38256084281461,3.3080534425031486e-05,6.701633466109677,4
13.836244174494015,3.981949804809326e-05,6.257192660571201,4
15.058689850860555,3.0538514475593175e-05,6.588895686027514,4
12.793977196489676,3.764092530842104e-05,7.015973931448535,4
14.734673596538514,3.6522250624360905e-05,6.264728069274748,4
10.321894753156698,4.0167249306253346e-05,6.175468056687554,4
12.499574829522931,3.170630597205545e-05,5.267364237329493,4
13.888933512615493,3.755774262456296e-05,5.8597084608144385,4
12.734311696398601,3.4195877714995174e-05,5.71485845899285,4
13.992529297578232,2.8796654367659187e-05,4.840028414421747,4
14.492792640731816,4.415478333459613e-05,6.1951511069013305,4
12.970363839708476,3.1944805355400706e-05,6.821933937734183,4
14.370903437461966,3.094259362099352e-05,5.956427238952706,4
13.89232602762353,2.6547642454938426e-05,5.266667235529117,4
14.898901180520355,2.3164313079305025e-05,6.857811127754305,4
13.69067993457095,3.165655512765552e-05,5.365869402772245,4
12.92746827845422,3.144845803946821e-05,6.112445116754091,4
14.218585916866346,2.6329853145131918e-05,5.566794479151081,4
14.669539244242316,3.834689380530838e-05,5.836465148952817,4
10.319345261300032,3.599890770448493e-05,7.428794095754972,4
12.833116408314272,3.507194948257226e-05,5.32715173095519,4
12.90872639751452,2.917025897443905e-05,6.504346598159236,4
13.355407830225888,3.1835206188038495e-05,6.31326168913405,4
15.451797899055894,3.150619347923022e-05,7.066437707758461,4
12.871863135236005,2.8711861531346064e-05,6.5832810750701505,4
11.938854773939006,3.2162493235781673e-05,6.966935184633806,4
12.64109010697419,4.0113507243807315e-05,5.837232388745243,4
14.528216572453552,3.115780891263265e-05,7.098186172915771,4
12.825673740749089,3.310210050594397e-05,6.4834424389265894,4
14.529600690214327,4.1193791861395476e-05,5.798072496329373,4
14.705552423124312,4.109415185835277e-05,8.132034614598211,4
16.120335985629918,3.624676462654408e-05,8.081118969329708,4
14.79101728074421,3.2648639524007315e-05,7.459516770365626,4
12.375114469254921,4.227766069326876e-05,6.295349693953356,4
12.676446241971453,2.010196379035319e-05,6.596921021589395,4
13.657807670087294,3.585722537959663e-05,6.947819228409808,4
15.357993388173584,3.2134933900666904e-05,7.322835195458834,4
13.556119653712736,3.1683607578318116e-05,5.567689577444501,4
15.016479273993772,3.920256747060812e-05,7.576113434660358,4
12.009054306010617,3.301797865603555e-05,6.483365377299943,4
15.97949717670789,3.510251033155827e-05,7.74478495709047,4
16.13435262030821,2.8579802958739367e-05,7.22821218768959,4
14.237418361684142,4.546192294290211e-05,6.17046296678476,4
13.577950374722143,4.0791579132291896e-05,7.407783501568559,4
15.286301801917633,3.859741788947691e-05,6.762902671479458,4
14.102544554600225,3.213475286716406e-05,5.417033950891103,4
11.986312335288758,3.636396161477139e-05,6.11262475849783,4
12.870350118692137,3.434431248124827e-05,5.926457990096033,4
14.24270952091826,3.294210515094625e-05,5.603535714575445,4
13.597338686981269,3.15393694305692e-05,6.431054534241393,4
13.208181140837945,3.529686729054549e-05,6.717020345049994,4
12.54953523766614,3.8370571305535276e-05,5.955944994667304,4
12.37872382715074,2.7379762646581666e-05,6.240356112039501,4
12.032150638272723,3.5293633291655515e-05,4.805322575888902,4
14.996861106656613,3.45338236569707e-05,5.647063412425059,4
14.49895135386485,3.436399838988557e-05,6.999327512156393,4
11.527023587059933,3.585617185219185e-05,4.81971418015749,4
15.860174713947995,3.278677994524563e-05,7.277837444937297,4
14.934680260597299,2.6559173876502952e-05,6.347260887976623,4
13.431087424621907,3.253795245631112e-05,5.851377847345656,4
10.897541690899558,3.545663831385086e-05,5.591084509382223,4
13.257171226395261,2.930483648414137e-05,5.427226821208629,4
15.650765210705211,3.4918312113482764e-05,6.8729926960937835,4
13.155939722585936,3.578927617933658e-05,6.485655652272449,4
13.615158795728359,3.870506813631719e-05,7.598721761569055,4
14.188532131203592,3.0243603027084462e-05,6.945995601794489,4
14.083831998750725,2.9646393476827493e-05,5.861171165156862,4
16.50926115785569,3.939435352183869e-05,7.243850107461881,4
15.220774869930048,3.482819383342217e-05,7.46718297401558,4
11.942664424977972,3.906975427356357e-05,6.044612020034574,4
12.830895982634312,3.627438944126812e-05,6.413381181497811,4
12.07447328709632,3.698405434742616e-05,5.664065888239333,4
12.97293208252392,2.8951541147096126e-05,6.08637060869435,4
15.414593871556441,3.481678340065775e-05,6.827638348711799,4
13.765482938828416,3.5654548122117255e-05,6.063443598138653,4
13.977703973417267,3.17414263799725e-05,6.755213273056434,4
14.113014805146447,3.785328554227168e-05,7.018150596806689,4
14.094926534931918,3.540819219899511e-05,6.8759604534900305,4
13.449962276463005,2.835473072632121e-05,6.173941873363965,4
14.838325844153234,3.5015007501357136e-05,8.04644608118834,4
13.779320301652398,3.488983111652647e-05,6.654000213459892,4
12.022645907044074,4.3352254896431274e-05,6.370547480440006,4
14.444598827602322,3.1513065498525414e-05,5.57767039943345,4
13.683597136796784,4.07212306475514e-05,5.494971715596291,4
13.560691688564024,3.6736033312797055e-05,5.946246439758759,4
14.118931057682756,2.7854501895763432e-05,7.029895541175181,4
13.964348682607772,2.571803244144429e-05,7.122488112534684,4
13.782583145332781,3.230319977909028e-05,5.870779796986766,4
13.655484228375387,3.132134629439439e-05,6.5870487587038316,4
13.404608532039836,4.017056982113795e-05,7.052897976162054,4
13.413217291012288,3.0157258505927272e-05,4.609154399409417,4
11.014445446446192,3.519797595614498e-05,4.473706857753814,4
12.200696336914987,3.691637606973051e-05,6.030578443403872,4
14.160329156852754,3.6244509517242404e-05,6.14163622987385,4
14.86149664409462,3.65788955784037e-05,6.847076009649937,4
14.303028160374842,2.7131574797114858e-05,5.818841241035946,4
11.792644910162238,3.517327154722512e-05,6.934521256571061,4
13.37476972935317,3.4393640805283715e-05,5.580102854158841,4
14.515384658050316,3.162922118706498e-05,6.279616715156786,4
14.496047781512095,4.296823507227054e-05,5.973972221914857,4
14.887826323052108,2.7442508186895332e-05,6.139557790730082,4
15.32626689626926,2.3780790548096372e-05,6.8274620553109715,4
12.715523303448965,3.194511549349224e-05,6.904041079534295,4
14.126441498410442,3.468860386737979e-05,7.298689783461927,4
11.398270082998351,3.0003810661257947e-05,4.82299584455553,4
15.435938323049534,2.3143309406244588e-05,6.614285814657361,4
13.88529751853791,4.0193475049115353e-05,6.060066617975913,4
15.054915156723546,2.8753874711280073e-05,6.2333669037079655,4
13.554708982735683,3.5825473918666365e-05,7.124016644139109,4
10.908029954200213,4.419619635014879e-05,4.501965429765972,4
16.10057570389803,2.438501086046699e-05,7.7065990344518776,4
15.801701872928199,2.9286356412327396e-05,7.656774288316068,4
13.237288801814202,2.841645088244594e-05,5.232098076721353,4
15.206366058581454,3.543626217878924e-05,7.329028052221468,4
16.442213465651445,3.399386791857154e-05,7.315594024348879,4
14.459682376246612,3.3176936114693813e-05,7.1030132536872355,4
15.012984347553578,3.939406586586362e-05,6.706242118278824,4
16.002835829340718,3.5338053484461454e-05,6.569425283280115,4
13.938333955089387,3.6593475149989314e-05,6.294548093727977,4
13.223301538904643,3.2768382212120266e-05,6.567857780995259,4
15.329208603464606,3.771210450355172e-05,6.2787017368860045,4
13.264115477848083,3.42034866034558e-05,6.83480232905171,4
14.34646752748945,3.6195450737953e-05,6.712940424355477,4
14.615147070823863,3.2915715564520505e-05,7.118778837791922,4
14.625918520654599,3.782857561450642e-05,5.982252005178692,4
13.976145927122106,2.948345797694988e-05,6.3332790446056695,4
14.293641540517754,2.54317006531086e-05,7.957535883785775,4
12.770746637116492,3.6132206325515286e-05,6.740911532824931,4
14.355357675362,2.861203139593726e-05,5.385884899971103,4
12.384662980748564,2.7461255963812717e-05,5.411594802000917,4
12.644084361860001,3.777546911805472e-05,5.13495125201596,4
15.46353240332511,3.0971292327448495e-05,7.154625928845817,4
12.155588818059739,3.5419106183395966e-05,6.086997827559079,4
12.705265264176806,2.8458306867113698e-05,6.792706718246674,4
13.159349717305265,3.462941205845136e-05,5.146591563117346,4
14.855136474625452,3.516881927898873e-05,6.458987311771003,4
10.910918383853753,3.6516715920011785e-05,5.0540801930982315,4
12.277165672565976,3.0783938794632554e-05,5.84994417286712,4
15.382267788746026,3.8698710419459243e-05,6.522217973810919,4
14.997012687442847,3.193505835355706e-05,6.875431284478371,4
13.885982408199377,3.56438661998554e-05,6.170690874080012,4
12.501107715920071,3.4098494451828844e-05,6.686814880590049,4
16.406828054487804,3.7906138577311246e-05,7.618974301882174,4
15.37064403500162,2.7487526300561884e-05,6.947529336435903,4
14.860406428614008,3.349377650003079e-05,6.958727818276674,4
15.178724768945159,2.5034245071491893e-05,7.152269314819009,4
14.105407012169145,3.854069539120929e-05,6.854357650270517,4
13.8191593341838,4.001814158938953e-05,6.3709204301634905,4
12.36104807619685,3.187160017057554e-05,6.06780351593979,4
14.6338767528299,3.76622403478179e-05,6.5100861409443755,4
15.318245155799083,2.7941470093923592e-05,7.237694333646338,4
15.019635748249485,3.375425890602177e-05,7.886269950269925,4
14.597746410446216,3.139474431552237e-05,7.387120611018034,4
13.736574793501253,2.9191789241383767e-05,7.026757665723879,4
15.607138597906436,3.666890739291208e-05,6.535518822123012,4
16.20584015862211,4.455953519267472e-05,7.64458994682873,4
13.359965675953134,3.612242460861444e-05,6.765500278608393,4
14.690361929018959,3.443030592322873e-05,7.023338127912895,4
10.900733368452519,2.969782701410356e-05,4.973012052256564,4
13.357606168240181,3.482328089662076e-05,6.136501187465916,4
13.446998726089534,2.6471166561282532e-05,6.50235393201822,4
15.556639917186942,3.8064668210761876e-05,7.288585241211656,4
15.061171143377132,3.493698175377985e-05,5.376367122871644,4
13.468220181548169,3.755267186027038e-05,6.744824013911455,4
13.018061766733233,3.145304622382963e-05,6.069657289839165,4
14.095196530858928,3.185447502420325e-05,6.7922984250161225,4
12.179222204340043,3.988067762560606e-05,6.763547810606749,4
13.384746954768433,3.426851885657305e-05,5.02628635510913,4
15.96357114880056,3.883063221222443e-05,6.850254442519497,4
15.244984356431214,3.941973611366271e-05,6.578047195635404,4
14.901390328689745,2.6451274698402207e-05,6.079939539477914,4
11.691051934938157,3.8103214918099794e-05,6.686067840250459,4
11.908047334670496,3.056969141971742e-05,5.966331483535126,4
16.069296077270003,2.7975746162143576e-05,6.853244578955298,4
15.42580930196623,2.293541153284555e-05,8.116772158845976,4
12.153394332972654,3.441968933831659e-05,7.494916435022272,4
12.150177914308765,3.8305561205923245e-05,5.512170335726395,4
10.671020389675242,3.9446816709680626e-05,5.924774259894133,4
15.412013725922373,2.967792394031752e-05,6.288942934622809,4
13.697531962113581,3.783613166039293e-05,5.9100622621959475,4
14.553605797334066,2.7023236991977707e-05,7.79735556755585,4
16.738104959998942,2.4063682478849113e-05,7.523505486982634,4
14.476013888010673,4.04984676732616e-05,6.675513745977602,4
12.034427757653484,2.8567625256393684e-05,5.692338893867685,4
16.848401054710802,4.509621063303597e-05,7.298616146393505,4
14.249774686052861,2.5448527886001294e-05,5.986652232335723,4
10.926203507403688,3.316399223641241e-05,6.076288804701556,4
11.891513206128112,2.5431375174419974e-05,5.2942686223709075,4
11.29036965554498,2.7948983895081467e-05,4.822274466303198,4
15.944865370607125,3.5985532910634595e-05,7.208236155849144,4
12.551974637153885,2.7631149468902662e-05,5.1905617039399585,4
14.211564870335266,3.423632797402366e-05,7.716147769337984,4
15.294288053475901,3.58641313869977e-05,7.2805390282050295,4
14.500379511084631,2.8763295624439983e-05,7.283108287113207,4
14.686442854844149,3.3834537572548184e-05,7.806544327742306,4
14.583157869156198,3.396343168619477e-05,6.305135521946799,4
15.180257140662782,2.985115956004875e-05,7.62869390102565,4
14.506420556441443,3.3056456840761757e-05,6.973736717529723,4
13.77950032133976,3.5361510574610574e-05,6.799593197385202,4
13.434365441061358,2.723761915292361e-05,7.254234610841081,4
15.182507457008013,3.83144943065655e-05,6.428196647711472,4
16.756272474598727,3.8529958789811735e-05,7.78928376801053,4
14.210470023097397,2.9230753172996433e-05,5.848339280483868,4
16.514367125264844,2.990619013018876e-05,8.613682158453798,4
12.412829937253255,3.297248540997952e-05,6.788582068658203,4
17.091986995533347,3.223419902411909e-05,6.6698977288906836,4
15.60124441282074,3.730373863693842e-05,5.618585695292492,4
12.96975997718695,3.1147993457614417e-05,5.415970956862025,4
12.005577702770129,4.432503986824877e-05,5.485737001450446,4
13.3414226023839,3.376576139829004e-05,6.444212654114757,4
12.915583617470052,3.209383327523434e-05,7.177506486496219,4
12.257457472427562,2.3803648113888386e-05,7.401304265848874,4
11.919520554154392,4.019975521994839e-05,4.833531328240223,4
16.243637822478313,2.9660519977274926e-05,7.545962004124197,4
15.556545050780008,3.7899798126899495e-05,6.817404185023859,4
15.335754612125776,3.251130562694225e-05,6.58112648659844,4
13.414552900180794,3.877292506930939e-05,7.248524890906417,4
13.858160911437722,3.6720482794155824e-05,6.257729516652363,4
13.990393402281748,2.472687688374935e-05,5.822742322851132,4
14.523765823973385,4.051589812679653e-05,6.320680142712378,4
14.975891616619677,3.20114467733069e-05,6.988317420247889,4
13.13754173651367,3.374755569729332e-05,6.506193539168761,4
14.699107387988015,4.088170199513818e-05,7.407120112103536,4
15.392256083289345,3.8104541069057986e-05,5.868178817331736,4
11.74147219892681,3.956609649468753e-05,6.385112175914721,4
13.979392963946523,3.2435203914531e-05,6.647135503952583,4
13.574981863048414,4.342079338687538e-05,6.241910697239096,4
14.463078657845834,2.9320881728536582e-05,6.6016564450942745,4
15.448965142813126,3.348165650276285e-05,6.879283767352214,4
14.104153926963841,2.3834814946988997e-05,6.981772287328077,4
13.826294802979831,3.4491016156459775e-05,7.210790349009024,4
13.21877284387708,2.9590809987938825e-05,5.540629252686214,4
14.86261291311596,3.0576664192227056e-05,5.997943143600395,4
15.333700102628631,3.873767976784534e-05,7.968498739590828,4
11.149691205401766,3.5997058544936065e-05,6.3456549307047965,4
14.412125980476697,3.133943579998968e-05,5.934933034276321,4
14.224403568871622,3.6851240490491694e-05,6.327752095830435,4
14.052369336502142,3.5602578181773606e-05,7.151969447659259,4
14.895635678044666,3.0216208866802058e-05,7.202311513647317,4
13.151464851291697,3.8589548075024614e-05,5.516736064047544,4
14.285325108203288,3.239305671123926e-05,5.846873053559586,4
12.868042668947966,4.020201520586227e-05,5.595398137811878,4
13.554304009065977,3.8451630703815544e-05,7.5385128011300875,4
12.927916317968627,2.9700229986880106e-05,5.713907724096723,4
14.027081736616289,4.2353873797436655e-05,6.227305536270864,4
12.82117855335154,4.82359906006462e-05,5.452027117098277,4
16.243989653705974,3.615848162540725e-05,7.744120562339405,4
14.695538545497191,2.5275142063657948e-05,6.900936538580563,4
13.991666238645259,3.3865155880127174e-05,6.6733601182365625,4
14.281879371353833,3.6825167981982125e-05,6.6583496947885905,4
14.735519786308283,3.327670423890783e-05,6.089054102371436,4
12.847831616648596,4.0980430507893254e-05,5.8878060871247655,4
12.512822230536795,4.3628178059143564e-05,6.540123693352399,4
14.108770093910419,3.8214131502488366e-05,6.335933016989614,4
12.64766261716391,3.0284932216449417e-05,5.304308196260769,4
11.616945262221508,2.840953965117586e-05,5.3712832311329946,4
15.65058331542496,3.817685542021378e-05,7.52935953983373,4
13.469973654487413,3.8667671515357054e-05,6.4169592062842,4
11.349156210673842,3.114622932946682e-05,6.225704996491223,4
13.527812417892214,3.4584223766543814e-05,6.06467968151588,4
13.306092496222199,3.728054878577204e-05,7.01970846695256,4
12.920657702430058,2.9315736905770667e-05,5.731094567025353,4
16.35410837648661,3.275658501016548e-05,6.05939019706605,4
13.225604325078288,3.903859906948329e-05,6.5814800162717315,4
16.528640526820254,3.1378654112114717e-05,7.640344700791973,4
13.977201623743783,3.934002735156968e-05,5.82127298883859,4
15.666032354901922,3.835043368913122e-05,7.278996543385251,4
15.285351431840912,3.648396635860866e-05,8.060734670973195,4
12.126887887780946,4.068595814460357e-05,6.592278015293057,4
10.086547539771482,3.0859959567114126e-05,5.112265193593467,4
14.289844326531288,2.6073736446406932e-05,7.306309718064211,4
11.973043332011397,2.7589068239133284e-05,6.58947982732259,4
15.831389474993287,4.088344617229569e-05,5.911686955572324,4
13.861860220104454,3.925518498523993e-05,5.517827888016148,4
12.797687950790511,3.719479875627678e-05,6.675923778508689,4
14.34395155088215,3.865935815728602e-05,6.122366012416874,4
16.51313366724943,3.104556725322142e-05,8.02089955319041,4
14.652989564841956,2.986784046237922e-05,7.0690555220055105,4
13.46590209617202,2.9692457387188823e-05,6.789051069064703,4
13.979670663373321,3.9534821453505645e-05,6.733112134984697,4
15.761094001490205,3.254603058699639e-05,7.261134999493137,4
13.849079233579712,2.8116407224985964e-05,6.699684172930622,4
13.557726522546496,3.8780011632364314e-05,6.758138953006481,4
13.62394866803626,3.682039946014643e-05,5.434280387386244,4
13.830853474767132,3.3336751370936424e-05,7.533388901754414,4
15.051881787446597,2.966327024178419e-05,6.481411468657037,4
14.23300176210293,3.1656098329571146e-05,6.232680737369656,4
15.04244323714337,2.9621409200704605e-05,6.311340242277353,4
16.758794358903,3.89972149177539e-05,6.7449739006807565,4
15.508088435656003,3.30081273995427e-05,6.57277286651318,4
15.34944702293151,3.610648734173482e-05,6.775977973900522,4
13.931919757907753,3.0126172628344046e-05,6.432782064093797,4
14.415137419712226,3.1694478899960905e-05,6.391285791726941,4
14.068061801743518,3.201462653691852e-05,7.1531293312527175,4
16.836267338631963,3.241256093943921e-05,6.409989225866316,4
12.855986662950404,3.292283382593925e-05,6.028958622775311,4
13.502143751358032,3.043007264458527e-05,5.349947636292989,4
12.904607517412042,3.598068990528819e-05,6.344864025593065,4
14.715776016139495,3.18786796557558e-05,7.136568002572437,4
11.212666928328648,2.7189346190925915e-05,6.353376345320065,4
15.095408081132106,3.727181912206376e-05,7.185966845552814,4
13.455626272762254,4.1135110196998734e-05,6.208398293776139,4
12.470894140236947,4.192375988194994e-05,6.393782258380933,4
13.054904617391333,3.265623743120821e-05,5.403875712136612,4
14.843282707609834,3.42230920518458e-05,6.4636367805325845,4
11.498670917471156,3.114533324440543e-05,5.461241968711844,4
12.251222896853257,3.447734268325683e-05,4.6207359380814745,4
14.588492118911976,3.558486381550374e-05,6.214968035376955,4
14.116054710285926,3.567243131685165e-05,6.384065402526392,4
14.695817708587336,3.315641229065262e-05,5.712748472574699,4
14.003746472096452,3.9230713363190224e-05,7.475779672628571,4
13.455178091534298,2.9163060022518055e-05,6.604813861179068,4
14.804246377812152,3.0076973989738215e-05,6.805198189221988,4
14.398031459203686,2.826650555247839e-05,6.728251249326525,4
12.35750650382925,4.1348063713200844e-05,4.653936361022012,4
12.979318123874878,4.07029563228888e-05,5.98119120941212,4
16.81117503243015,3.633192983500456e-05,7.5629262591807604,4
10.939782625329745,3.917301069303677e-05,5.913579561667113,4
12.982800195524302,3.0122085742711065e-05,6.769794308588084,4
13.436589619913013,3.24203554224314e-05,6.507920124428519,4
16.52941369503711,3.5599696862596256e-05,6.907348854717728,4
14.059978379525145,3.7333469156273357e-05,4.968010607808357,4
12.64850892856462,2.3193856765060363e-05,6.933274790008033,4
14.763858923951775,2.99372122218461e-05,6.2145478004245875,4
16.36254330003238,3.8165389172862926e-05,6.570166036251732,4
15.712449175498865,3.32458799648187e-05,7.091342158883733,4
15.250117565799506,3.84647616605524e-05,5.685127334509163,4
