8.376451190063914,2.7921731718634044e-05,1.803260302235485,1
7.317693161976861,3.735472608547577e-05,2.542589514181656,2
9.736150533043828,2.9447305808096884e-05,2.203896393567265,1
7.948443382837107,2.8218889602792845e-05,2.2898744479139297,1
8.388414565199795,3.5976457707970235e-05,1.3952646230143764,1
7.948754860416248,2.6083313924692394e-05,0.9498931270650957,4
8.704161884847542,2.4813624266828705e-05,1.2178438515552101,1
8.43788345435471,3.5063416600226775e-05,2.0147148329676656,1
8.32741246069348,4.1646410697882984e-05,1.6515368688845409,2
10.060908893541026,2.7822668906267763e-05,2.684502659191714,1
9.328494601482005,3.7469718999166205e-05,2.2547799459261126,1
8.338000122346584,3.224034918540494e-05,2.5118470678219675,1
8.993375614375811,3.9497164691743524e-05,2.1091902868412515,1
12.114595594759818,3.2394850807943055e-05,2.6773786742702437,1
11.414373277031565,3.1795987986846404e-05,2.499771076669755,1
9.698439684167116,3.341176583701153e-05,1.4421573800620915,1
10.85118555779765,3.122689638526765e-05,2.039481513715418,3
7.755194991108656,2.3692957668576265e-05,1.9292373216387102,1
10.225926061090679,3.991816450712974e-05,2.506133192466688,1
9.372169381889933,2.5336015762059802e-05,2.158149466158126,1
13.08519557648017,3.6221391508335494e-05,2.768517726905627,1
9.71860535388089,3.1837525651329166e-05,1.8765267576593263,1
10.473562360811046,4.178214592788628e-05,2.7325969202153924,2
8.951955243512305,3.328625615032674e-05,3.1582702520841233,2
11.61400989386065,3.741010971730331e-05,3.5600890510404337,2
8.698416833137873,3.350961035261342e-05,1.5795454543197263,1
8.765853408436046,3.5734868982974574e-05,1.56801383804642,1
9.888654789773272,2.9680145831764667e-05,1.3034190824067027,1
10.41070708794892,3.194116570726e-05,2.410995291677084,1
8.567624750085816,3.345441532733162e-05,1.294727319841972,1
10.436721248683142,4.129860785887231e-05,2.2769545361155625,1
9.572143784273072,3.3824700852022434e-05,2.4968575151695784,2
8.613733547085841,3.4442446140757726e-05,2.619911184831647,1
10.354619245011033,2.9516967399584027e-05,1.6421120898307806,1
8.413913244149347,3.503389733510836e-05,1.8280422055224008,1
7.33878817878445,3.289337974119078e-05,1.737216373785434,1
11.562354315211131,3.438570978191506e-05,1.7688737484854495,1
9.073315714410548,3.857719998607066e-05,1.5795902364736714,1
9.783990261519104,3.727382539943552e-05,1.762096880861939,1
10.133083727025452,3.205980817481828e-05,2.297968310670604,1
9.769385646125896,3.68279602951304e-05,2.296872779528697,1
9.489695117606443,3.654129612997215e-05,2.210449282361261,1
12.023064663043723,3.5460747461197526e-05,3.9928142702741045,2
10.41258252228254,2.6603890203959144e-05,3.153498273207087,2
9.576864759912707,3.1610824886025795e-05,1.6513041572610305,1
11.333586067454139,3.0963900525516334e-05,4.696675529190733,4
11.308157280814,2.8937524654717912e-05,3.224820734857574,4
11.145450468627248,3.232365098893936e-05,3.9918697433116384,2
11.3291924912842,4.205946905798481e-05,2.4570698044067223,1
7.6044745437479575,2.7490365955521843e-05,1.6373417590677384,1
10.973859630447933,2.4925311308300728e-05,1.6443891141729163,1
11.446738546309858,3.752653089749061e-05,3.0100414605568897,1
9.932243559166539,2.634302229182877e-05,1.3700071278707722,1
8.765257058544208,3.212324003264007e-05,3.79140688570544,2
10.820561953457657,2.9954919673014865e-05,2.865849196644594,2
11.88616348591654,3.0514667920223706e-05,3.8836043936489846,2
10.695239750869497,3.241948129599471e-05,2.3641947398426817,2
11.355781646541384,3.54132758764289e-05,3.755366318552945,3
10.751827028726487,2.8257974573432057e-05,4.0514528353309816,2
10.862807428661101,2.5111100663241947e-05,2.3721683884488955,2
10.905413423949216,3.478912205309537e-05,2.293539705300678,1
8.557428454477748,3.086384701043947e-05,2.426566380749535,2
10.591460869689458,2.8529590585738968e-05,4.777395232564983,4
9.150062949807026,4.0086507113141513e-05,1.972558516277466,1
9.99294091666431,3.242127250135612e-05,1.655994264657934,1
13.12032547548273,3.295962596736605e-05,2.1273654917724634,1
8.931878532718049,3.7029942064488905e-05,2.0477423445749965,1
8.644192963574376,2.6802675036234648e-05,1.5303415697193277,2
9.439139558653743,3.3581379662008296e-05,2.6525143256840633,1
9.996836831494363,2.8851289644935283e-05,1.7800250269758109,1
9.977030081037274,3.487112200397607e-05,1.730722520875843,1
7.697405035681955,3.887741172677544e-05,1.7927060020455827,1
9.294385760669217,3.8773903858618196e-05,1.5264853622903063,1
10.979655026279069,2.6469569029279794e-05,2.1051099252022545,2
10.82996092027767,3.931210198226748e-05,3.0624532325005642,1
11.798425085792768,3.302276988951195e-05,4.30592756417977,2
8.204356114753372,2.8931754654163952e-05,2.5422073824350537,1
10.191301334447436,4.3285570943599605e-05,2.9747934111544776,2
8.36171337638009,3.5495728992607414e-05,1.6955878591347129,1
9.361733002804403,4.143192717137406e-05,2.6395122247178198,1
8.570256118814003,3.173377062835533e-05,2.3748871034455314,3
8.767151950355034,3.517909939762407e-05,2.0746581792061813,2
8.503453693201333,4.0115159479037775e-05,1.5728306464401065,1
10.097605300483254,4.109966053878457e-05,4.284708768011058,3
8.209002283164494,3.365327719650885e-05,2.5478541104403067,1
9.793518454645683,3.9978406011179405e-05,1.25336861033158,1
10.122545260883305,3.182956118988537e-05,1.7111292756847538,1
9.629029376583961,2.488191579040828e-05,3.5656652219842067,2
11.03035915530897,4.57287658258634e-05,1.983058332811022,1
9.203570649127132,3.389338696496702e-05,2.3407525218254146,2
9.579982990301993,2.9469338352733193e-05,2.5348272449561198,1
11.816283477088005,2.8929601605605048e-05,4.743213721012047,2
9.061723333094308,3.544776326198629e-05,1.8655309374211317,1
8.835720262547278,2.795619388153923e-05,1.371719229910309,2
12.708098850670037,2.8710556729305978e-05,3.4521843043292284,2
10.984871054372494,4.326172384228395e-05,2.012763935417883,1
8.93604525416054,3.5215286802603504e-05,1.5433800927591295,1
11.640723780134374,3.06440187276646e-05,3.5574764041369553,4
8.580935829372804,3.980885353055678e-05,1.1428929056945938,1
6.815286900606843,3.5281356777075483e-05,0.6704321075662023,2
10.261964037734149,3.7843842838687484e-05,2.4717305120716575,1
10.536625720892822,2.8591949517847078e-05,1.8123709520487643,1
9.628352153805503,3.6188217102895015e-05,3.4488194452873167,5
8.648355089210318,2.8043162213098703e-05,2.421193384667787,2
7.546930513320416,2.58873834036921e-05,1.7033739793760303,1
10.062748908693456,2.8365271590265465e-05,1.8387163258164547,1
10.257543255545858,2.8987084424184886e-05,2.106032734163313,1
10.951556783323184,3.0385694351149743e-05,2.0249588707894257,1
9.855126242235771,2.5211156653484973e-05,1.8273180374221731,1
11.355585021644064,3.374179069714922e-05,2.524283954958796,1
8.946897698039269,2.814603236556523e-05,2.6909514523578166,1
10.179426377456213,4.031240560068507e-05,1.4788730590854864,1
10.786096664196597,3.030981221867182e-05,2.106497864248892,2
9.859187422520792,3.254409388405085e-05,2.4650265301309866,2
10.553598285345608,4.2104665695268836e-05,1.751852429723753,1
11.157011600826012,2.756356500519937e-05,3.0631235452557766,2
8.123161609808278,3.0153360873614375e-05,0.9776935300816834,1
11.649911319212533,2.8679827582770133e-05,2.36518657604668,1
9.422576169712562,3.2961956207861004e-05,1.9943441583045831,1
9.534455797473985,3.786410884810375e-05,2.0853040212863907,1
8.00736202913721,3.2752648257395566e-05,2.1652166925824625,3
12.072104451677582,3.7869589867980185e-05,3.6845332105027846,3
9.116440353531168,3.592571579760731e-05,1.4405886953573495,1
11.641358239506744,2.9296803996865617e-05,1.6254629696557585,1
9.500361216431331,3.4456136752001755e-05,1.945768242118231,1
9.300079878049738,3.0713437991864296e-05,2.1317229766343018,3
9.855302666998664,3.174615253176831e-05,2.539653990498799,1
6.6756118992457845,3.702700190996986e-05,1.8106355906023954,1
8.10468296161211,3.676927679234478e-05,1.5466874219010025,1
11.09844624301926,3.3860424432316805e-05,2.2673850984137682,1
11.793415694565692,4.038931840371949e-05,3.0744377127045457,4
9.538915904098658,3.767363711869858e-05,2.4050205102615467,2
12.941008585508385,2.939352554990949e-05,2.5292215054669995,2
10.741971738494563,3.975327280663141e-05,2.3285583118467774,1
10.958084489523353,2.980061154884946e-05,3.19545257144037,2
8.044026527834683,4.2073462192862564e-05,1.3099278166563804,2
11.589585037621777,3.494175610014047e-05,2.8407335664181597,2
7.596899611347939,3.6127495075477584e-05,2.409431183352565,1
12.396282853051423,2.2350815663177237e-05,3.547699047856025,2
10.865320839510424,3.597654227765368e-05,1.8126831606516047,1
7.394396314179268,3.660376436156681e-05,1.8084982533796667,1
10.358704418499256,2.8753984274905464e-05,2.3320868559746106,1
11.447255236535561,3.7195226010861114e-05,3.060034897052947,1
9.387201791353743,3.2664661466935e-05,3.482503611519258,2
11.76190138163631,3.956646093296269e-05,1.4418953836867894,1
11.293561423879769,4.4472429507165874e-05,2.391284276691788,4
9.764253620901979,3.3331966923154306e-05,1.4294797610570829,1
7.533853646000287,3.565594770387593e-05,2.213582724323745,1
11.828654116474658,2.576789385582143e-05,1.4570892079130782,1
11.475786064096887,3.6440224023961894e-05,3.0206557353853816,2
12.807185027878642,3.712324845729821e-05,4.691538628798465,4
11.847118664404258,4.104456254318752e-05,1.9379129754629547,1
7.512981318007931,4.50842920891845e-05,1.9503294870351402,1
7.669569999864064,3.995987706275041e-05,1.1550287287889995,2
8.805417309853828,3.5048128332975384e-05,2.856403614780742,2
8.571327480060383,3.527345964431729e-05,1.258260543419726,1
9.201738615841643,3.296031009233047e-05,1.943320062582703,1
10.011495373004779,2.766255667153573e-05,2.061497303016401,3
7.686855758590067,3.182128253977694e-05,1.5346257158743661,1
8.394812520993225,2.8320921701340837e-05,2.2489551747742524,2
9.365325980003258,3.873577174291997e-05,1.914864549724878,2
8.174871315093878,2.4793201112633116e-05,1.334525220569835,1
11.06074359311707,3.145699596378041e-05,1.8285594166783583,1
10.49550415758431,3.123771400459042e-05,2.160545005676092,1
11.842154693091997,3.6052883692921633e-05,1.6562575145927092,2
11.617571376607948,3.339264751986709e-05,4.732434735437843,4
8.525802259225777,3.705050929393125e-05,1.4001640534187845,1
12.175877053349874,3.575187517307687e-05,1.1108180153998695,1
10.07311614694427,2.9669495553550326e-05,3.9370539207702384,4
7.935742883505025,3.6897238615426825e-05,1.2497779055057046,2
9.447754614199743,3.8968862854186244e-05,1.249031725539834,1
9.99758321477751,4.178712838807536e-05,1.702487262122271,5
10.502680214501629,3.0542550098489276e-05,2.178530078376834,1
9.523684289322135,4.165831234516209e-05,1.8612485533721768,2
11.425028327798563,3.585225268983525e-05,2.235600652558755,1
10.48765282455,3.455449189421654e-05,2.792726186296658,5
9.43417627224194,3.293197762695388e-05,2.711745261234011,2
10.392195153381415,2.937896523212422e-05,3.2195277707994086,2
8.803961437389553,3.241415182420004e-05,2.1314526073175464,1
11.15290373631217,2.7475920732857324e-05,2.996180146781801,2
7.757054715214435,3.249783628568961e-05,1.388900940170129,1
8.363742079679225,3.4465728715635126e-05,2.3403520313449455,6
8.244879183793424,2.9553785803572914e-05,2.190480641403199,1
9.96446773045039,1.9527543757805016e-05,2.6003317016339804,2
8.870098304899704,3.51017266459244e-05,2.091689299830967,1
10.593429451529637,2.6088276749017107e-05,1.7308759380738137,1
8.635817243041034,3.386565064282803e-05,2.0097975740892076,1
7.199822049249607,3.403639417033863e-05,2.187671018703527,1
8.69957313667317,3.130045722519576e-05,1.6488488132944186,1
8.044222750579099,3.5142670695596585e-05,1.8179978985261478,1
11.321322651342372,3.306929840981158e-05,1.8198966502261893,1
11.422578755837195,3.493700246048408e-05,2.5661341500364387,2
12.123646250806173,3.0248225548945737e-05,3.0707372254106797,3
9.008798336206546,3.4856706294367684e-05,3.729154989378575,2
8.363879213815062,3.132367304583743e-05,1.6551179700195537,1
13.396876795605406,3.4803601644478987e-05,3.4874920418730424,3
11.365049266794585,2.5975339129792317e-05,2.4610213170847866,1
10.400912328802502,3.248856732979877e-05,2.511160424876879,1
10.051428723713864,3.78780745306631e-05,2.34168784054717,2
10.329090362071131,4.266657863695917e-05,1.9907395611947027,1
5.720301789737345,2.7373063539472366e-05,1.0676670279356228,1
10.800384249738364,2.7924284750113082e-05,1.7037786506582786,1
11.599571358503448,3.15277122610037e-05,2.482617785712786,1
11.648235609866934,4.383627348490503e-05,2.487375675110982,5
13.315234306774085,3.2472627923595e-05,3.0735068175653546,2
11.82301330626211,2.818587226578669e-05,2.7524136003647417,2
10.29099067382865,3.6470073695872275e-05,2.192107497335365,1
11.615997284765122,4.1367156843682274e-05,3.6392899983335822,3
8.296291833240899,2.8392785627682228e-05,1.9606339490756508,2
7.099335303521293,3.9432853025257436e-05,1.7840584633114704,1
10.621361456330753,3.104378486259669e-05,2.6015377048812773,1
11.731113351877365,3.2886344507745875e-05,3.620865500430603,1
8.704717104650545,2.7317485486097544e-05,2.033083588467789,1
14.365854962481889,1.9625372178640814e-05,4.789339781939506,3
13.762724658369425,3.19782722593107e-05,3.5990239989094555,3
6.688047780267318,3.479293438158391e-05,1.980534047275357,1
10.951391944429838,2.874370183152367e-05,2.2283133602600445,1
7.774073737043393,3.435004056232385e-05,1.5116094643702516,1
9.774272579466913,3.75892734584649e-05,1.6653767713170118,1
9.079725066209717,2.5956436694826717e-05,3.0652964432162944,3
9.381619038555723,3.396846769456951e-05,3.2500960122125435,2
8.59738589408404,3.531376717892582e-05,1.0781513428874185,2
9.87949647966994,4.585530882153348e-05,2.3042237907363097,1
11.424538837185535,4.3535786459018375e-05,4.980042346911124,2
9.36455211881578,2.7559146350982648e-05,2.3189908396965673,1
9.480596899758675,2.9662042838666145e-05,3.0405632503756355,1
12.704826230273506,2.4855310205355277e-05,5.1097163198440105,3
10.918379516105668,3.601135867783231e-05,1.8308823035067414,3
11.043761653136713,3.368731054043646e-05,1.6206187874762978,1
8.850406044806107,3.696929082311066e-05,1.6360930641562978,1
5.992627594916721,3.503066146289505e-05,1.5139035134635157,1
8.104202378438004,4.082657249338428e-05,1.7116266503500477,1
7.957992351380707,3.210213290470983e-05,2.2148968477261852,2
9.752733389451524,3.697316279699223e-05,1.809262104519077,1
11.55691048842828,2.3816017150106507e-05,1.7780181806342792,2
8.74276346117049,4.298605583107261e-05,1.392836704306553,2
9.283903698381536,3.468031703773517e-05,1.1864825982063283,1
9.862785599956773,4.059811510081962e-05,2.0630651732940817,2
13.93077825989706,3.113567227452463e-05,4.322414888388101,2
13.219386170316698,2.906240659398283e-05,3.79839130284501,2
9.607801730663446,3.601986667687405e-05,2.0891733687674257,2
8.91785342954089,3.613356648743351e-05,1.9321800524996944,1
11.277800560408346,3.378606902088324e-05,2.1767327709020394,1
9.63722397876328,2.8423827831673043e-05,1.0833065627888732,1
7.9374852885630505,4.195238986638181e-05,1.5693049534100454,2
9.606830528722075,3.631354572353909e-05,1.44622470267697,2
7.417808624298717,4.080868052420973e-05,2.6044711339267934,2
12.022972631466612,3.685105003675553e-05,1.347939492715584,1
10.987598631013304,3.570958604125617e-05,2.856958921232897,1
11.215545013692287,3.794516627082175e-05,2.6301860852045893,1
9.892841633338177,4.323536488199869e-05,2.033870870496755,1
12.705843601221758,3.2928796826130435e-05,2.347271943768365,1
10.524471836131369,3.699952147018942e-05,1.7882434942353915,1
9.131797486766274,3.179217183058442e-05,2.268132442957603,4
11.003723466024653,3.432193635917165e-05,4.073357397751634,2
6.899713533980234,2.8609209974482846e-05,1.380005521474557,1
9.533271974786926,2.9791392323172514e-05,2.3841898802435493,2
12.12893760524813,3.679715841410931e-05,6.007907632881224,3
9.631243001142263,2.8671268547426206e-05,1.9725886217140172,1
13.050239415206365,3.585821221035834e-05,2.1286195989968584,1
9.07319293165957,2.4814054504754222e-05,2.0842652316081844,1
9.327582831915006,3.021473771283558e-05,2.6768921520813223,1
8.672864630409151,2.923269529284312e-05,2.0768045161508826,1
10.984689641421514,3.7003988541724604e-05,3.6576192744648153,4
11.414660670504473,4.284560823836156e-05,4.406373029586815,2
7.530312918289829,2.242724236739044e-05,1.7881292009824037,1
9.378752120560893,4.287535708432259e-05,2.166769671426955,1
8.74390492438641,3.470000409410864e-05,2.072651937406322,1
10.396567532725937,2.822981309896141e-05,2.557273679825974,3
10.283825676178452,2.5232285771516536e-05,1.4699982911091891,2
11.750089620580354,3.096232372606041e-05,3.8599086764812673,3
11.109150014966195,3.148454489016349e-05,1.6483764891976613,1
7.077301619613048,2.7082808143933333e-05,1.2925354371916757,1
10.134762515860382,2.8553374801891792e-05,2.114808540108307,1
8.877896314328213,4.0481922888359444e-05,1.6969919813385166,3
11.434466384195005,2.9488396118048135e-05,2.7457081261438505,3
8.749901357538048,3.298475571693102e-05,1.2872761149117222,1
9.18590055448056,2.7683033993061417e-05,1.278037704276444,1
9.487875620605262,2.812968791137245e-05,3.255252836238665,3
8.873123684887867,4.189946741947146e-05,1.5799367862564733,1
9.848556197417153,3.388912293243655e-05,1.4320336688804007,1
9.696077085277336,3.183961280309638e-05,1.5821950240443505,1
11.29909296686779,2.8605433164619802e-05,3.2153213703057357,2
8.24348151426171,3.3080460779936615e-05,1.2878464681984703,1
10.961369604735655,3.072897719561999e-05,3.199412331034514,3
6.078755973033539,3.6262157036457656e-05,1.6935037964016497,1
10.177361367573281,3.5186933625151864e-05,1.9812752190632927,2
8.812615184558776,3.068569147326263e-05,2.102462293985778,2
9.011871817310354,2.6789105498403996e-05,1.884233051003639,2
9.69464874051604,3.389102269549075e-05,1.7170774395000086,1
5.424659803470381,3.268055738494108e-05,1.4287573465269947,5
10.414232488357339,2.852455194698819e-05,2.0097112867045595,1
10.81318958451346,3.0703150793147304e-05,1.8317233773243031,1
8.549495151795332,2.674188415229266e-05,1.6784732131801725,3
7.934782227463273,3.1271819293736586e-05,1.7608440704335635,3
9.563146657499857,2.878694107103824e-05,1.7100029820567246,2
9.041236298838783,3.488389526761402e-05,1.2427666110449258,1
8.490939891581945,2.8160659670228624e-05,1.8218494942292789,1
11.916232499155967,3.84840866364259e-05,1.498072831253667,2
10.743451909268828,4.119146861059818e-05,1.9354354140594137,4
9.428125871326845,3.728834598456954e-05,1.8622709941675841,1
11.648312799560252,4.02090648049502e-05,2.335653442721702,2
11.166704832831591,3.367609442088852e-05,1.7246283589344447,1
10.005973840631263,2.2627131199421104e-05,2.2395203643648363,1
9.161397557460555,3.229188985182466e-05,1.9449324608348508,1
8.782527351002141,3.969235054838935e-05,1.7696941116064548,1
10.02347397832581,3.4658226401698935e-05,2.4424635359893814,1
10.138153776322156,3.147086129251987e-05,2.037911605725778,1
8.927621491292006,3.4550005175836084e-05,1.489169528792257,1
11.204197035030116,3.5303374502558356e-05,1.9428564894007978,1
10.939638774429532,2.4309106422279552e-05,2.637669829450086,1
9.009116579765477,3.3555199816859124e-05,1.2059893770407835,1
9.928244657029232,3.555992084031166e-05,2.3993234400675614,1
9.812504518884651,2.836871281128091e-05,0.2206969445471243,1
11.187493833474637,3.456475962349084e-05,1.3760670683130898,1
8.204180261739495,3.302848837816136e-05,2.055299411492978,2
8.999912297964585,3.372968177708767e-05,1.5642199755898125,1
8.345895231119487,3.82557923013363e-05,1.5258525269685097,1
8.493011987565659,3.4988534118820845e-05,1.8991737945709286,1
13.26769179737049,3.582345535239134e-05,5.87470089184876,3
11.78592820804274,3.192234440612564e-05,4.614420370135136,2
9.282136553704289,2.719970815525786e-05,2.5202573287057413,1
10.950340098768617,3.9183977400102437e-05,3.859908903825181,6
10.41320836788762,2.743637890030645e-05,2.653859999017213,2
10.089651640574521,3.424237532269034e-05,1.7385591897109245,1
9.441123191631526,2.8873113240880692e-05,1.6881794690911178,2
9.486477609020765,3.317259272768605e-05,1.8942670523553164,2
10.148624374556922,3.924050840517604e-05,2.8282592909952067,4
9.900069187040334,3.847241952095804e-05,2.271959420381395,3
7.384457813913105,3.163396950169969e-05,2.8163934495646723,2
8.506234844672015,3.08330165142148e-05,2.4436487026765756,1
11.068247364889856,4.6224911313317896e-05,1.9790794657503639,1
10.347152821148423,3.483610601763145e-05,2.123809216931644,1
10.884632091156707,3.9148380538149235e-05,3.387229886538465,2
7.866893560825177,3.871974055270957e-05,2.586743358352298,2
10.269375046821901,3.5366509397552426e-05,2.0305066092402235,1
8.434150900377874,3.49635403915542e-05,1.9345257004425558,1
8.878615077729108,3.811112616334895e-05,2.6458223290762786,2
11.195517056982855,3.1677064747186753e-05,3.19614835424163,2
10.974162735342345,3.602062460567434e-05,3.473891981440617,2
11.34688662257092,4.1576725300838916e-05,2.034007700420222,1
10.824642089517553,3.843848179392677e-05,2.2153777756665796,1
12.143649964174092,3.675354019338455e-05,3.544761735866392,2
10.025217366647992,3.2138568577516445e-05,2.196347416084861,1
10.51402545130922,3.2674486964549474e-05,1.3846524523068862,1
9.345313517731995,4.0802104634419124e-05,2.065134311617775,1
8.04699961047631,3.418046310441522e-05,1.4789753618842532,1
8.131803932694037,3.184083077243688e-05,2.249597245156162,1
11.647390359180687,3.1923594225648544e-05,1.3031266789529452,2
9.682944620959226,3.362189617505346e-05,2.049134252441349,1
8.37354040271763,2.851370256785447e-05,2.3484247595991365,1
7.086927627341657,3.148668841754489e-05,1.576134221109791,1
7.139212500797246,3.1431860124422056e-05,1.5154222333114769,2
9.545493419993853,3.61769268373295e-05,2.17252280151657,1
13.374697704970576,3.6031326589820645e-05,4.359208260896885,3
11.080937801245945,4.4337914282401096e-05,3.852893212323783,3
10.260148738982807,2.5691896482290676e-05,1.063572850920246,1
14.069677658822165,3.4520381403294304e-05,4.618141461598663,3
12.23787634195018,3.938089577650645e-05,3.5859553918007485,2
9.855462596887993,2.5374430844039344e-05,2.961541020011482,1
9.364301867905994,3.4752912365645926e-05,1.9876258470800876,2
9.933737246100163,2.3855078833024674e-05,2.6941243258114778,1
7.951741534202546,3.2984996226686074e-05,3.1454087954107512,1
9.307411254583258,3.575661479779644e-05,2.8231403502851133,2
13.139188533920947,2.6068855852433915e-05,3.8180250068527593,3
13.690634916056792,3.19288023621452e-05,5.18054519846469,4
10.28106085725544,3.017904499157595e-05,1.5218576322569164,1
9.202247271497116,3.735609521318362e-05,2.9825130285340564,1
8.686721073781117,3.875896466221934e-05,1.425711779387844,1
6.230890389920413,2.887531235488029e-05,1.09798049040376,1
12.39855590170549,2.120939992287276e-05,4.099682421061625,4
9.482035008689401,3.260328964354848e-05,2.143745522681097,1
9.017956631875824,3.155542615233278e-05,0.0029272840955374413,1
7.437623600416467,2.851765943989761e-05,2.041273322106701,2
7.888510879706921,3.251491372551961e-05,1.831078811710138,2
10.715805858360358,3.596586579718453e-05,3.716408041803364,2
12.903045187038595,3.1899273623911114e-05,5.017057502606203,3
11.201684597107839,4.344751492853472e-05,2.2357304282573818,2
8.172565261058896,3.870791926881001e-05,1.830854537137144,1
8.613516163062393,3.3422771688807025e-05,1.9068059005289597,2
10.39478513370349,4.804939696002114e-05,2.6484886946358284,3
10.035794442923578,4.5180376227622296e-05,1.0651680890927813,1
12.847587929068453,2.9884840996100505e-05,3.2567262104231416,4
10.567534763409672,3.732338920676804e-05,2.6571344270234496,1
7.1217603777533025,3.591417162796042e-05,1.1580170105368772,1
12.543526213262322,3.540365941416242e-05,1.7319601905844548,1
8.008815491606402,3.766104721117259e-05,2.821818853036405,2
10.905809871174263,3.1593022243682164e-05,3.269767986572055,2
9.549790172806578,2.972357609314558e-05,2.612416899759176,1
10.451274157634622,2.2065700673403703e-05,1.6733168725816379,1
8.855144681468062,3.6413748851329184e-05,1.7515995168751888,1
8.598124325176515,2.6248639786403872e-05,2.287014644726805,1
12.315210338526356,2.4180363923238335e-05,2.697784875396416,1
8.521531207740798,2.8186080003279613e-05,1.2832929319925586,1
12.96568987811959,2.1294831039641633e-05,2.87225171042639,2
12.39587413740537,2.8202234220130695e-05,5.501309667730849,4
12.435530177662216,3.383999880222365e-05,2.034121524718305,1
9.004424128807692,3.2231492304176216e-05,2.0200538847124925,1
8.236419656042681,3.9412825051715595e-05,1.7775884384322658,1
8.993552851886053,3.116750698645439e-05,2.205469221388297,1
8.868938150301517,3.436996741437054e-05,2.468790575341112,1
7.170915223334323,2.4422800181074756e-05,2.4801936490433434,1
8.698585255869654,3.287766457653917e-05,2.41394726637486,1
10.1449886767333,3.6854356987558577e-05,3.2493300515385877,2
9.548596280920643,3.652894832981162e-05,2.1324371523076655,1
7.09378354077047,2.96296200139696e-05,2.2307457142744234,1
9.231281517605078,2.7175510989557335e-05,1.7567913409055325,1
11.667080272121877,3.2577322184280275e-05,3.921635355074084,2
7.208141581574593,3.5945631160476756e-05,1.656844086167652,2
11.429004026022518,3.280156332153941e-05,2.2843088362631176,1
6.892821688125392,2.7853747904335535e-05,2.294119681556461,1
9.628476706282907,3.153435920223131e-05,2.0092591692972457,1
9.56439645330747,2.9792802084628166e-05,2.524275953061184,1
9.046231244067233,3.740320961352436e-05,1.6411073980616269,1
10.852047894268367,3.109255748883945e-05,1.6843224715483656,1
9.452757415762937,3.235938426548169e-05,1.5291099940150958,2
9.877442882153726,2.041444066647421e-05,2.1872765716065663,1
12.824918494386758,3.7971399945870956e-05,2.0143200114137443,1
9.00444222365921,3.355478143071185e-05,2.09464649482417,1
9.760746978002528,3.34991678012261e-05,1.3272713450019933,3
8.254779694008512,4.200360781780408e-05,1.6059350677775064,1
10.961769328822042,3.488950446696466e-05,2.5476847644161853,1
9.166365064234542,3.001724795074206e-05,1.2849604576549623,2
9.240335609895546,2.587643504970432e-05,1.492097133136194,1
10.956012758908605,2.5724721752492742e-05,3.8870602681521067,3
7.208516816206455,3.2839833639377617e-05,1.8222806857914107,2
11.449390610567704,3.638528598342345e-05,3.6047934329967166,3
9.837394857877273,1.9392286641806523e-05,2.1175373144180223,1
7.283152742479175,4.1451992699649886e-05,1.6893386701977084,1
8.50261768787238,3.063365225908094e-05,2.142838512733305,1
9.240354833457534,2.8319552158870642e-05,2.021444725587994,1
11.911973331189305,4.5218631350754364e-05,2.8235544598108815,2
12.26722503313316,2.7142412611617262e-05,4.360389411746138,3
11.283661454481885,4.0983304590574304e-05,1.6754575094041504,1
7.177988110983224,3.1806873487156134e-05,1.9019129724744936,1
9.847651715332105,3.4269355248839894e-05,2.73696610157939,1
9.774785378685106,3.2621803741335414e-05,2.350755134685834,1
10.483171870803552,2.8785058869536043e-05,2.219608470425211,1
9.279370570895866,3.394042137117004e-05,1.7841797251827543,1
11.053488959519163,3.1045825564709455e-05,1.8160515483202309,1
10.596410019238649,4.490082428692084e-05,1.2945692009499608,1
9.487965127154121,2.279692133311365e-05,1.293872358474266,1
9.022691878662917,3.878191000886558e-05,1.321680691176211,1
9.028238718933189,2.8724418813395502e-05,1.4074636610652733,1
8.214437183879015,3.534864404343947e-05,2.770671592689613,1
9.589991187208751,3.101602477167189e-05,1.2926715603199448,1
7.1303211610946855,4.0650077187515154e-05,0.990451242390417,4
10.372733616634736,4.039703261477005e-05,2.955164762019617,2
11.976049372807301,3.543122951813267e-05,4.634410002025021,3
9.030536862348711,2.6832930529224414e-05,1.9906680426871337,1
11.784260999984848,4.240642382193537e-05,2.5922750387006985,1
9.857732428584807,3.127753105153687e-05,3.000526853333496,2
11.266976057279615,3.9229442080731824e-05,1.2854696590660404,2
12.24844483035916,3.278591843976244e-05,2.4972502108093617,1
10.699059933774635,3.507236364716121e-05,2.0826164515760897,3
9.372185316497895,3.3122060931722374e-05,2.7197036939476935,1
9.642177848472302,3.010252910846552e-05,1.3977591450295652,1
9.778964891057022,3.5755044945683215e-05,1.7356741191052392,1
9.411589706568709,2.0523704129584768e-05,2.8338238836656044,1
9.834258353330245,2.7800084785170853e-05,3.750027793311319,2
13.564786432721077,2.4945470877748152e-05,2.7814079919904664,1
11.616675150842557,3.8816267510690556e-05,2.3484697208289065,1
12.024756004090296,3.1196964454866885e-05,3.2210323846565543,3
13.799912176176353,4.0193733364310115e-05,3.1793794883489923,2
10.2376431151406,3.982963968977011e-05,2.111561015854975,1
7.334961499919553,2.6797871820042395e-05,0.8776415901599544,1
9.626816519682423,3.41949174284607e-05,1.1823450213351385,1
10.410681559006907,4.232033642102124e-05,3.237984465210575,3
9.857776698627475,3.546018623072064e-05,2.2431507827861816,1
9.723971954583856,3.052403277439336e-05,2.122551634279289,1
9.507524170660002,3.488199931420501e-05,1.7969978670394715,1
8.64401015074948,3.810674139534133e-05,1.1660602493439827,1
11.566502873644993,3.292620817223394e-05,2.4358012553797797,1
7.917725768142365,4.193224700399966e-05,1.731732478494599,1
10.575288821812492,2.9635791365458678e-05,4.1925140146911275,2
6.511813429178047,3.496534385490515e-05,1.6236111654687735,2
9.68296900857446,2.5890393935790453e-05,2.234458709142781,1
10.249488037426463,2.9854326508284974e-05,2.142194085009029,1
9.212130819310465,3.95287886092458e-05,1.7766272910495142,1
11.908476309736578,2.0250053674040023e-05,2.7122472542516123,3
11.277563976449514,3.751327037628325e-05,3.789698727774958,2
8.04907558977752,2.3977896502855216e-05,1.2337365273294165,1
11.30313225204452,3.661716336342351e-05,2.0378194065492194,1
11.466414321670944,3.422376748404806e-05,2.4664744875434774,1
13.733314193744258,3.4708161551565074e-05,1.18768061836575,1
9.581480137702112,2.4854285404344695e-05,2.4169304398118596,1
8.0176172285033,3.969301771468379e-05,1.467546547913251,1
10.265842460877277,2.565966618691511e-05,2.1366797563255937,2
9.58124135011176,2.783832683596462e-05,2.1327120078777284,2
12.258093547913342,3.2420807549221346e-05,1.8621389146852656,1
8.589125940607113,3.566409501004514e-05,3.2634701528946577,2
8.341936985536911,4.011408062696496e-05,3.1611639906784865,2
11.94901086409757,4.16039628466864e-05,2.262731795780232,1
8.009638618915481,3.21169635908207e-05,1.7044281637875214,3
9.964457126966458,2.79561579610138e-05,1.876763143771181,1
9.515150822939717,3.0465350327598247e-05,1.7246754168846186,2
8.705102223081619,3.1506279734872886e-05,1.4740632390897186,1
10.762601735133881,3.1169601646421864e-05,2.091456902035691,1
11.471886226914943,3.343451598264417e-05,2.9939011051254436,2
8.881935347510787,2.7369734765378872e-05,0.8451673512855298,2
9.614747513930528,2.9220491089640434e-05,3.6160064749367002,2
10.052526023208296,3.885377867275961e-05,1.6043814445393159,2
9.825780230038896,2.6821706785583198e-05,3.67204087142726,2
8.779452453850103,2.880055921436175e-05,1.7736259885769075,1
9.309183434864169,3.620486847041388e-05,1.8024143382268714,1
9.681386462995997,4.018090318842456e-05,2.2722837958473585,3
8.597285666506973,4.068604462677929e-05,2.4625714970556776,1
10.59894464668163,2.8233005976424714e-05,3.4742509597964766,6
7.522983206653636,3.363346254416878e-05,1.503604422402788,2
9.258736511805221,4.0538903639132336e-05,2.321865150763126,1
8.674704116687147,3.915489960122976e-05,1.6041986968634463,1
12.722481371688295,3.542338974708876e-05,4.785904006053105,4
11.574104740359294,2.8513035750416665e-05,3.6344185270554608,3
9.15011814460843,3.3727060539506165e-05,2.6954468606911255,1
9.185981015191945,2.4886187657289822e-05,1.4683152008219291,1
8.665224023669339,2.8303011635857022e-05,1.6038264231681383,1
11.156149847261252,2.768236164046649e-05,3.7906423675726213,2
7.5258110895027945,3.05923601465157e-05,1.6968750752845643,1
10.547534458917239,3.854259171406182e-05,1.8801643462248,1
10.749205342758398,3.353201400417859e-05,3.231545301438446,3
9.66805087352033,2.7690506392661752e-05,1.7849122303708773,2
10.884764935670947,2.9890681649327325e-05,3.9889834332348775,2
12.06195544237143,3.3401922453461754e-05,2.8923437398454235,1
11.585977587337068,3.8397538724567084e-05,2.2525668634564773,1
11.57311320769499,3.757961800211273e-05,2.678851777584743,1
11.353184373377086,2.859562706009567e-05,2.396444196430286,1
13.374461452493472,3.0794034731268924e-05,3.5887181762058016,3
11.413074853860104,3.200884636268747e-05,1.609561672423736,1
8.838130390112338,3.157451012956975e-05,2.281236397998059,1
10.85499445695874,3.513421381632098e-05,3.7137930549647615,5
10.39565062477839,2.7656828481370822e-05,2.2168134014627814,1
12.873401495646636,3.91439204615504e-05,3.345171664448384,2
11.165950446635641,2.2964326079152025e-05,1.7769086612367582,1
10.431543941583454,4.45729184785313e-05,2.2826660824148473,1
9.62086268629584,3.2347562168973455e-05,1.3582848619224568,1
11.593010089700103,3.081848901337313e-05,2.220081390671873,1
9.264638977232822,3.641925238807583e-05,1.8519250439536692,2
11.638708976292683,3.99728860062884e-05,4.136373513223874,4
7.949344933462565,2.4900765687889268e-05,2.1124930001236786,1
11.566942702170287,3.234893295366169e-05,2.779835429081208,1
12.009524926687517,3.185220369258296e-05,4.1379060136949075,3
9.66358982529224,3.852221305171031e-05,4.34280846747729,5
11.542923639390686,3.955910656251911e-05,2.0801133206583247,1
10.649105458149492,3.2925219844688455e-05,2.244042780024455,1
9.664999181640225,3.36385964168962e-05,1.7232918324209934,1
11.759577694100695,3.981256008356412e-05,3.500232575933935,2
9.169397698229869,3.716863046175631e-05,2.5745037651191476,1
8.111874303995794,3.929890245176296e-05,1.571113368807731,1
11.841254301561094,3.26050132323074e-05,2.9687135859012868,3
10.690634977288179,4.4569805849853874e-05,1.8927040885729465,1
10.159878509885953,3.205079299145274e-05,1.1829267402763017,1
10.219785929644042,3.151948681189426e-05,1.9982091819234022,1
10.34141787999296,3.192562133970869e-05,2.2891548009632,2
8.215889665798533,3.5156191616828375e-05,1.6564175102843268,1
9.13214925198688,3.2317440768829105e-05,1.3453977982390068,1
9.308956487477657,3.872209365480402e-05,3.2382295848633817,3
9.017842095210455,3.8237233287183516e-05,1.9514839941923412,1
8.984672093909145,2.3751999369056974e-05,1.5424749342968012,1
10.338602487146046,3.63977378973421e-05,2.7419264647785404,1
9.276103622433187,2.7056244679191025e-05,0.8838439747781706,1
8.610435373660508,2.727354843109744e-05,2.3665541375752372,1
9.597067462392578,3.429656481854836e-05,1.8625308036888568,1
8.846933191149702,2.6295582053764065e-05,2.1722318999395545,1
11.67340131514277,3.110545633936651e-05,3.5036517141462853,2
10.019432916777937,2.4787931296323355e-05,3.3773001360745782,4
8.2290545187927,2.5558309112415956e-05,1.8212142997857785,1
8.239907788418034,3.0414915532356094e-05,0.9880273245369846,1
8.921823229331089,3.320355858569275e-05,2.8814119701701575,2
8.746090890090741,3.54617662097289e-05,2.224302018691429,1
7.379401860199607,3.888650918374862e-05,1.5674315427335417,1
9.78445382377066,2.650418730548984e-05,2.1619446616331324,1
9.702087332653214,3.8695724703611514e-05,1.5777103899679215,1
10.194080892887907,3.059705235397116e-05,2.1838106331452725,1
10.978285622714733,2.5067299637271794e-05,3.1939739619407788,1
9.540868866755012,3.718112041780752e-05,3.185792097736588,2
10.732934726173612,3.089924570189529e-05,2.0865399317550932,1
8.866016522681948,3.201951886831605e-05,2.068302548841708,2
9.281605452883579,2.112107071776111e-05,1.2279078073424836,1
8.100263167768954,2.8126607881825295e-05,1.6315643261010295,2
12.118910550555075,3.508672405029522e-05,3.091861370142982,1
12.561927594477428,2.9544657001924985e-05,2.874609777057082,1
7.707743660709696,3.630638616592742e-05,1.8338390241530433,1
11.195240177828605,3.718535115613812e-05,3.990294850574343,3
13.07507822292046,2.18148855383739e-05,5.132692337560742,5
11.682088461590816,2.872784377142992e-05,3.3239284317967286,3
10.499600313109344,3.727792942587977e-05,2.4190841016976083,1
8.811988272753794,4.370847241762702e-05,1.3680237057307647,1
11.319737037289205,2.7120196047888682e-05,1.4429040941952818,1
11.045525896945662,4.291602220091672e-05,2.0346234346653556,1
9.75591422202502,4.040130025356875e-05,1.967820785787739,2
11.17673041658356,3.635672608682388e-05,3.7440022163461455,2
12.431763004796188,3.633287444850101e-05,2.9606025041716713,2
9.666386976595085,3.3493084514299035e-05,1.977483094711679,1
8.85519158513984,3.858898515775842e-05,2.526889784315733,4
11.989173122889651,3.948882236618425e-05,2.1223607099984547,1
13.348776171713414,3.667682374259458e-05,5.3517378867539875,3
8.395792157231345,3.542923495907856e-05,1.537799918274262,4
8.280615148423221,3.61628619871509e-05,2.035417628755816,2
8.63381247095662,4.061025074104624e-05,3.1283668123068944,3
8.321310753863573,4.023958606876745e-05,1.2059584686637206,1
9.575389185222411,3.0107749508342978e-05,1.3780458618690252,1
8.299776076446852,3.635684875172456e-05,2.7487493418256594,1
11.041983543792277,3.377705623940248e-05,2.1152246082170585,2
8.815413269208248,3.0295737593406366e-05,2.2815866826047704,1
10.624306234321775,3.429518140656359e-05,3.084944601963114,3
7.650427932182097,3.08697727641126e-05,2.55137072208913,1
10.186557463467276,3.7417853132792104e-05,3.532539133959557,2
9.368531436506064,3.56429410683476e-05,2.9907993222113003,6
8.127588411043359,3.3893769324209375e-05,1.4301908920341704,1
9.222992842556948,3.599842960477201e-05,1.9944215363986983,1
9.803048793041443,3.9515061526118744e-05,2.0924780871348156,1
10.103296697275605,3.816845639857061e-05,1.7334209084799852,2
8.916185163097069,3.0028383726945223e-05,1.8268653547298397,1
8.371113239717943,2.784565819092646e-05,2.79523177782907,1
9.90116602355841,3.4792856159939095e-05,1.5512732575473045,1
12.553500212241653,3.517557681235476e-05,3.8965024215767325,2
7.406661913665222,3.639112693028797e-05,2.548239879825979,1
11.220116795991943,2.949627892708272e-05,3.3791880704498256,2
10.154769538681034,3.4537082774959275e-05,1.8769085079888161,1
12.600792491091507,4.252927386049582e-05,3.4195789763110365,2
12.451068063791656,4.294988299612926e-05,4.220161224544654,2
10.222942853093267,3.483787608727615e-05,2.614395942819966,1
9.834782295952188,2.9897730008886533e-05,3.345409735285398,2
11.173848283637938,2.5000262822573923e-05,1.5172274250277822,1
11.821556041263872,3.9989959548067386e-05,4.749907804233451,6
12.067089211438262,2.9290254656597424e-05,2.5693023124193903,1
11.352628800656504,3.4057387497785645e-05,2.4350845241561863,1
11.476375164611408,3.8017433515980694e-05,5.107297363628163,4
9.940566601674355,4.389982562298452e-05,4.596707349509434,4
9.25446863541596,2.95316054231483e-05,1.7962504879977792,1
10.20402956132798,3.368824407412623e-05,2.1039858638157174,1
9.382516410981397,2.900715114232092e-05,1.7145876745721558,1
10.293254453820069,2.7889725438689432e-05,2.198873934104675,1
10.181562700347232,2.965030955290695e-05,1.8611312845246004,1
13.270730320351122,2.734404629131605e-05,3.666003020474406,6
10.597317533499591,3.5151175022988543e-05,2.930532156378977,1
11.269464143505349,3.2428668972567434e-05,1.6201174271965275,1
7.677663124383034,2.846423960831863e-05,1.771327263521378,1
11.819665237241034,3.3353619603513195e-05,1.0953483091135099,1
9.38374315928946,3.925706390420267e-05,2.6528240965585317,2
11.961475678328739,3.580014102969505e-05,2.9297398872109968,2
10.380463205292955,3.161591850597711e-05,2.6234751160323047,1
11.897485596213563,3.586595346221582e-05,1.3299138626034002,1
7.837523427422478,3.0571650601934864e-05,1.65629366506001,1
9.422118615090412,2.3146873229950485e-05,2.4120660675349206,1
8.296930293604289,3.192635431230372e-05,2.4916083024681694,1
7.423602999071122,3.880883095520251e-05,1.4553655840050723,1
8.294154038593563,3.0998175766591586e-05,0.7492468327277666,1
8.11500399590945,3.4194783109423674e-05,1.4929270167786992,1
9.765000828529681,3.4840336119476055e-05,1.7271294118604639,1
8.404305335684798,3.55425488997289e-05,1.7945396016249373,1
8.059288076742074,3.940509372414729e-05,2.268115714788114,2
8.8630119202404,2.0246424034161715e-05,2.072366335349693,1
12.237765179169642,3.990186578681748e-05,2.5094028552405785,1
10.988325572061653,3.5260662594203115e-05,1.9982099911932927,2
9.93971515128694,3.3405973824110004e-05,2.489741842303622,2
10.758787169359607,3.4522893547671705e-05,2.0066639386477694,1
8.041659258416315,3.2749137859769716e-05,1.161822385205221,4
10.041516091586534,4.44238932218564e-05,0.9520084239990407,1
9.882854816949957,2.312207830038282e-05,2.4625627348428827,1
9.488013345523903,3.0401674271619227e-05,1.2614555389578355,2
7.066624856112442,3.6185375595044534e-05,0.7337412317701606,1
9.099321382708347,3.3180025045220595e-05,2.5591214451165216,2
11.791017230022828,3.2026777809518895e-05,3.0212380151718268,3
11.15543389560912,3.6190584976235086e-05,2.6635828736208707,1
8.967786343947205,3.228307944635955e-05,1.3263779017991841,1
9.74374651744901,2.0647558297706294e-05,3.713718553183262,2
8.138668963816988,3.0037104893691366e-05,2.4345941284480026,1
9.497162083723385,3.041151392090164e-05,2.1881616128726296,1
8.440279534388464,3.593019240262076e-05,2.146848557352495,1
10.522536664573893,4.036533225509117e-05,2.93682502776442,1
9.13690867002848,3.719493772059529e-05,2.7306182634515874,1
12.311964832297164,3.155394398793332e-05,4.046827870366113,2
11.947330853636343,3.1437206508140785e-05,2.2737187398601844,1
9.296232399503932,3.923244105292141e-05,2.1170171370016657,1
11.524298998885719,4.009342670757113e-05,2.325816392064507,2
10.777666536156019,3.806563026828995e-05,3.339271992384658,2
11.640337247202016,3.395224002299985e-05,2.572448456240177,1
9.102797480690578,3.827500769608546e-05,2.1083843821021917,1
10.659745512043012,3.114900091412728e-05,4.138536656599635,2
10.25311938025668,2.8508940123680875e-05,3.0114807439344506,4
11.611141772694728,3.3884229532714934e-05,1.9181071947192345,2
8.126165991263756,2.859160786960044e-05,2.2528316206379535,1
7.565820051910389,3.4319726522025396e-05,2.0484493965869404,1
10.16276869039963,2.9493436755713132e-05,2.5481463092028283,2
10.300657343586504,2.8422733731495327e-05,0.884439650789419,1
10.133287892320936,3.07765558206104e-05,3.8126120883300123,2
10.97462990655654,3.6205994694602655e-05,2.8054249913787537,3
10.14062574501369,2.7275660557528962e-05,1.7848984845062263,2
11.099439395200259,2.5490378202209793e-05,2.3683069200360123,1
9.430041092705412,3.679414696842521e-05,1.870890483520874,1
13.052533962959558,3.4313842177323906e-05,2.082922362958119,1
10.492478104519721,3.182366870630155e-05,3.1712064097934247,2
8.840550462245172,3.2308505329482485e-05,1.453987215652331,1
11.887096887723207,3.041820908690541e-05,2.5784337188384407,2
9.705242191111807,3.4867500761249724e-05,2.1960134496507613,2
11.810006374156353,3.523935371940387e-05,2.934040194679016,2
12.165628029242022,3.501262536327283e-05,2.816913544927967,1
10.664708894416858,3.7538614326016576e-05,1.0923788285871736,1
12.224212915402827,2.680047785661566e-05,2.7078907155868857,2
10.554629636733521,3.4450817101336784e-05,3.1866254806269856,2
9.004304632974986,3.4600977936689765e-05,2.2357785470323024,1
9.387970522757128,3.2406643642411525e-05,2.0949348476244762,1
6.449320550793891,3.397351132757499e-05,1.2642968107356016,1
11.457064637425084,2.700147881684393e-05,3.9660156357198546,3
9.299536237480167,3.992006407650625e-05,3.088225145139104,3
12.612661719015698,2.891113984421424e-05,4.245044629093979,3
13.88506726971092,3.481004644137702e-05,3.698754998758705,1
8.176157277031933,3.1341546853110094e-05,1.3198192123777024,1
10.263302198136607,3.0480900795121505e-05,3.946807130122752,3
11.165578624276444,3.266155794845949e-05,2.4088287202795247,1
10.712970151453815,3.947983882632542e-05,2.0551552370788597,1
12.325207785154976,2.531667320128722e-05,3.1235409026275125,2
11.931775180330538,3.433379073039571e-05,3.4342720827033912,2
9.00976314012415,4.7967439259198103e-05,1.9106324550408753,3
9.338875599835653,2.907719431749627e-05,1.7615443545306169,1
11.647103349961878,3.428082464706735e-05,4.390477454718619,4
9.321371042953361,3.0281661162502558e-05,2.3689880400790218,1
8.262277530624772,3.282919056651599e-05,1.4652894950066278,1
11.078466219591286,2.5235037160288086e-05,0.7871422274703375,1
9.975698670989846,3.040405174298937e-05,1.199484803053057,1
9.248917483323739,2.7202708819488145e-05,0.9682945382657935,1
11.56061495009786,2.2075734127107518e-05,3.418201104170582,2
12.152354330662758,3.096722679930074e-05,3.7239518433102488,2
9.420923854139073,3.345862771286747e-05,2.0076422180693085,1
8.423591514575778,2.6534101113475127e-05,1.4189909137725154,1
12.251536581443393,3.4097326555097195e-05,1.610059372365271,1
11.02244444909184,3.348759328271259e-05,3.1032131747171734,1
10.816293573208425,2.6125141613936487e-05,4.028202393839206,2
8.65251134050875,3.3025231198730336e-05,1.858117230507466,1
10.201554232868798,2.2696263765100636e-05,2.0713245559043463,1
8.436544398629588,2.882423440859379e-05,1.1430241747766965,1
10.119497928172354,3.261321801422216e-05,3.4827652880029882,2
7.403706722806744,2.9988952570923116e-05,1.724673344370997,1
5.789892186962042,2.3369497102648523e-05,1.4032917958520126,1
9.918153120901964,2.9580063253538788e-05,2.0851661076845223,1
10.92531116972396,3.5063770406198986e-05,1.583134655161103,1
8.874195825000063,2.8019317926921874e-05,2.5197290105720374,1
13.055342231172633,3.7412049085922e-05,2.160630692300495,1
9.080542114112783,4.09164585582807e-05,2.2642769448528393,1
10.233114124605628,2.9191491463986937e-05,1.9643338709167608,1
11.119843782144631,3.654458220956539e-05,2.3363269704953393,1
9.547023577396963,2.989639112991142e-05,1.5170927730135109,1
10.888332375505168,3.201450426601586e-05,4.101381222249002,3
9.37443280214439,3.244518997364786e-05,3.4019591392040147,2
9.847386204554088,3.361538805039134e-05,2.24817729464577,1
10.336551307369533,3.942292507262864e-05,1.695623054074801,3
12.050777008382573,3.2714439802995914e-05,1.894876986314296,1
10.575995109310314,2.143282776953362e-05,3.086177324193338,1
10.248804888769449,2.8333334305795338e-05,1.1016379003161028,1
8.974361503328312,2.3125072889919303e-05,1.8443923134964821,1
11.085888465621974,3.247969699667076e-05,2.2018021005249224,1
9.72563936275137,3.749383213548991e-05,1.3122020082708368,1
8.235392484692083,3.456479971113922e-05,1.4231049328724565,1
11.00688761388934,3.4277961465529775e-05,1.84773727862236,1
8.542793655808094,3.25205271217997e-05,1.8299240678115543,1
9.520971584856584,3.569461996384631e-05,1.1311847261976713,1
11.42361086003625,4.2119528238621764e-05,2.8747507502202216,2
10.102805271722875,2.317726751405915e-05,3.237912641198662,3
9.628125484705519,3.0667497417637166e-05,2.128230654855694,1
10.064905556889274,2.241322211609778e-05,3.8532837867760024,2
10.317845156650298,3.179529538927582e-05,1.783989344757691,1
9.675572586502938,3.592476302333403e-05,1.9459929716717734,1
7.322613967426383,3.354304400782856e-05,1.7386191724058897,1
9.169408642823608,2.8079052234246764e-05,1.7333575051534227,1
8.094752710259305,4.7201190484379976e-05,1.166972451476311,1
11.418430898983972,2.8697374964107012e-05,4.279811244042969,2
10.583377497990156,2.9863006684053435e-05,2.36080697860294,1
8.456441267999976,3.4615209105167385e-05,1.6081561267436244,1
11.306314091622543,3.2261147681223975e-05,2.5771606935119222,1
9.7951510662871,3.31584637708158e-05,2.092336994684238,1
10.026035853497328,2.779655235004117e-05,2.9350071093393177,2
10.2345365371547,2.788800641638753e-05,2.0850249421767884,1
10.361557510865842,3.8420631869971285e-05,2.099691748757448,1
10.067670600936864,2.8433427860683525e-05,2.43046578799183,2
7.203044623803006,3.8448567780405654e-05,2.0115949638405066,4
7.984655003095485,3.742312370746217e-05,1.4215802163924562,2
9.235871367592157,2.5514067871872226e-05,0.6283137582407621,1
5.962315721812297,3.918248172930912e-05,2.537159054523542,1
10.47939379596318,3.180223373925416e-05,3.2216474661222874,2
10.098806875010045,2.9538714473549013e-05,1.7195258875515762,4
10.16171900090979,2.8562464179042614e-05,2.4413824885866378,1
11.847940543630278,4.329768464215167e-05,3.5149950447315734,2
8.252222503305592,3.335125313310458e-05,1.8068368083668378,1
6.485097479851881,3.162322623616176e-05,1.58536409339145,2
9.502775314679452,4.1609275982213686e-05,2.035962184145319,1
9.748862731055846,4.011761867705073e-05,2.4941964266474987,1
11.091930851186987,3.618374922330986e-05,2.545385130198711,1
11.670627746649103,2.846247388788549e-05,3.4336643765384878,2
9.23409021445073,4.025280903046818e-05,2.1676560782521888,1
11.189074592185559,2.7786107026464064e-05,2.3254457931192793,1
9.317697203324462,2.805290600275003e-05,1.9363815018201416,1
10.829231882197615,2.8344712045622017e-05,1.1578971347921512,1
11.383612079438716,2.3982386847369197e-05,3.3768586207384157,2
8.296442892676282,3.353811699734443e-05,1.8183529019168532,1
8.391975979529175,3.537534506817398e-05,1.8842975437502514,2
11.21933604224686,4.1022036227812425e-05,0.8448441404669487,1
11.066155740398596,3.551199316132008e-05,2.6821140755485615,1
9.910546533507116,3.308608991373061e-05,1.6279251714389336,1
9.882944079157323,4.0161669851249485e-05,1.7073323388932171,2
9.24132093364464,3.0708432950579133e-05,1.5792231624397273,1
9.762320399309303,3.3448889519677604e-05,2.447559852934804,1
7.13987820866574,3.0769337336236415e-05,1.17877583944639,1
8.270191945898082,3.054472514193772e-05,2.6691565906325803,1
11.167605628329587,3.4051408442814275e-05,1.4290641090562204,1
8.360460521006955,2.5467300625588336e-05,2.4354007555766812,2
11.832119178108066,3.048677858431193e-05,1.5233100393461079,1
10.119166510189313,4.017700816668941e-05,1.3944535843803605,1
10.551256626084783,3.559487758096562e-05,3.7655609478687486,2
12.180044648960216,3.4235322813761304e-05,3.766380553816999,4
9.158927797228358,2.9573218169968463e-05,2.0647554860851844,1
9.106109031728302,3.138306259695807e-05,2.2301645256365266,1
9.861755388302054,4.612837181291498e-05,1.7694053950140636,1
9.178895417489777,3.6465745747692424e-05,1.3912293604913586,1
11.766902258415213,4.0739884607094245e-05,5.084154829665449,4
10.520526674165586,2.749083956724675e-05,1.487063947278964,1
11.218438690678527,3.391779655917087e-05,1.8198830113143616,1
9.051082449074414,3.621807076160028e-05,1.325821842720009,1
11.65240006714765,3.3847728324370814e-05,3.388669751445027,2
9.608500958414432,3.708292422802192e-05,2.8561438370181857,4
8.616898108507462,3.616002095652849e-05,2.765642339315943,2
7.411777555949889,3.369216828979762e-05,1.8637052979703033,1
9.189286844802972,3.0324298919747824e-05,2.502195465383627,1
10.278288862003976,3.547280947708592e-05,2.1331359676963313,6
9.108832749692423,2.7287619739163967e-05,1.880559937219374,1
10.825350074909807,3.4594911993521705e-05,4.340291249119091,2
12.511679064511625,2.5389425693353516e-05,2.9529456652904096,2
11.908636289912277,3.612664227193762e-05,3.121816971633345,3
7.042208469595639,3.7081556948455704e-05,1.2868599657930844,1
11.475225842489076,2.952678070110832e-05,2.954133101246719,2
10.053058702850693,2.8877872847240355e-05,2.81664831656204,4
14.135954770272157,2.3807998893212934e-05,5.645809674016921,3
10.630695501568649,3.7381434896788104e-05,1.1811574514383842,1
11.132963016377422,3.3702618174379e-05,1.4229695927236912,1
10.572087705107844,2.6930186166524272e-05,3.3883090360761043,2
8.061003671711799,3.0881629710183884e-05,1.0046887390183756,1
9.416411797717714,3.376516476626917e-05,3.6799088792246177,2
8.673339339359595,2.968333322070525e-05,1.7855647657682316,2
10.972004419748432,3.4142838537375034e-05,1.8223407778198628,1
11.707675567635466,3.5972768748813034e-05,3.5808325225115167,3
10.932221722988729,3.609067434567671e-05,1.3513040919218027,1
9.210864720627558,3.3130962042094625e-05,1.412106957582089,1
10.324664088596561,4.030271256543364e-05,1.3575949355770174,1
9.818214760074065,2.987511725055844e-05,1.6117366987008006,1
7.776757274865152,4.1774568892780686e-05,1.4128506612569884,1
8.828899229027249,2.8369460528260738e-05,1.8986398921787724,2
9.851617765385704,2.1492696052683316e-05,3.6428739771865724,2
12.752142972550425,3.9483864301547136e-05,1.6099435601853913,1
6.852207321048808,3.512178286748975e-05,0.775636401601907,3
10.619158755203003,3.541880992158905e-05,1.9588481912132392,1
9.305560224429879,2.7340279964248672e-05,1.6180990525423782,1
10.091579750010915,3.6291296310743366e-05,2.303753770196794,2
11.352859289909999,3.4311303380434406e-05,1.8254755385102002,1
9.713461318224645,4.884833134301589e-05,1.7903755355893411,1
8.773149538315854,4.10165394595626e-05,1.070696777596553,1
10.319148326593323,3.410238172629465e-05,2.5106400964894844,3
10.587501987167897,3.065575105209879e-05,2.1908594618439605,1
8.858429429688174,4.073227907962188e-05,1.4647305581396628,1
10.522322780445375,3.8794059718527766e-05,2.1448543931497976,1
9.555451871584049,3.310081620784303e-05,2.466191439223418,2
10.35075694402509,2.917423105181082e-05,2.0324308632578267,1
9.660835347285943,3.579227543652131e-05,3.0253766085041325,2
10.137419409484952,3.095669381009244e-05,1.5302540143017715,1
9.412838907372967,3.21812225409934e-05,1.6600415255966812,1
9.297268771211051,3.0081964346537587e-05,1.7975939097530347,1
6.987962544554207,2.7274116861289322e-05,2.2555868671745887,4
11.062991852518373,2.9027169360919584e-05,2.161858891878796,1
9.769623119805654,3.548189541433503e-05,2.1657569190940187,1
9.000927445033986,3.5154447837161936e-05,2.4234550413401363,2
9.499377549778025,2.5643607439894197e-05,2.6493609441474093,1
9.662166486509644,3.381988760910991e-05,2.867469647429749,1
12.89424542859122,4.020661513578397e-05,3.1139720582845305,2
7.708089113786116,3.317820960297628e-05,1.910911720488488,1
9.658582579937754,2.8850634272127895e-05,1.1989111713815808,2
8.738356447382499,2.352790549594637e-05,1.1708346696795267,1
10.51925581705819,3.109542200720822e-05,1.6883486232411131,1
12.252468972961534,2.885878294840926e-05,2.574530744572563,1
12.425128633061727,2.7554087431954947e-05,4.17488210588145,2
9.362318509065155,3.2363112496449745e-05,2.464094591254809,1
10.43818547900031,3.531880987560619e-05,1.707977905937862,1
9.379630919170586,4.0933743757666894e-05,2.342285417406046,4
10.99247372384132,3.4657354653246715e-05,3.1798698994514156,2
13.057051322044488,3.565907724136952e-05,3.971083712308194,3
9.653261620670037,3.72392022496717e-05,1.9154409424119214,1
12.97487205079053,3.667130196534715e-05,4.147455647135223,2
9.804845346059107,3.345679011842783e-05,2.243114592314639,1
11.104153136511478,3.223559669235517e-05,2.629082460386971,1
11.543071072989639,3.0979855867379155e-05,2.0208139347440985,1
12.87852163564704,3.6697345372457404e-05,1.9812841429184014,1
12.02605191493381,3.400080532075432e-05,3.6568246137782205,2
8.039867179446155,4.229435423866713e-05,1.8049008784841665,1
9.67161752674362,3.546561791421387e-05,2.6999264150530236,1
6.529626411629319,3.316424169013696e-05,0.8888441513685974,1
8.744252569578228,2.9066945680758687e-05,3.2777909471639237,2
10.830703213377543,3.1478185970978545e-05,2.2742644974761816,1
10.7761330872959,3.92420564659433e-05,2.6121561358503964,2
7.963716431024383,3.2781984973960965e-05,1.5418106983381357,1
11.032680646313686,2.910186008577241e-05,2.0608938138529287,1
10.773133676348973,3.870498149503169e-05,2.343071612844797,1
8.96046949981227,2.7736123291673176e-05,1.6919882671095778,1
7.525207061146512,3.019056595565417e-05,1.4048146109390487,1
8.519798667203009,4.0146980146502845e-05,1.685639703948892,2
10.902309544049213,2.734843076379532e-05,3.027793137185933,2
9.891173492183933,4.049905096370119e-05,2.2377002112439235,1
9.377522541636543,3.935176253217473e-05,2.4268561013429175,2
14.521286257386492,4.095515184467333e-05,6.964503776952455,4
11.508811660473626,3.425770463428067e-05,3.785261546322122,2
8.880577179990517,2.901061365353574e-05,1.7143434042897268,1
6.532659191033341,2.4189150084408018e-05,0.9411931367613247,1
7.118572108519415,3.5201844289933705e-05,0.9474097129355349,1
7.433078243287731,4.236229523897085e-05,1.3183038380734693,1
11.764473111308483,3.768922552364434e-05,5.40938996214289,4
11.469185276013384,3.373428349048314e-05,4.682314092552662,5
12.916191774700987,3.11882867674881e-05,2.813500013341776,1
9.555025653192692,3.0327833756438906e-05,1.6659884959374942,1
9.092534375018602,3.6988437961246966e-05,1.403225284207135,2
12.402469056326431,2.3575221422550505e-05,4.386296857158243,4
13.259538703410824,3.472070242342251e-05,3.539564303900142,2
10.578022078430807,2.4626681663752674e-05,4.176414855087914,4
10.925699028538943,3.090286479446474e-05,2.5321103207947733,5
10.22750427873471,2.5773519906136204e-05,2.0624322971987508,1
8.451328851795857,3.8280440935061215e-05,1.9614951881284153,1
7.881568413788017,2.5552066001494375e-05,1.4152529244009537,1
11.054943408102826,3.555776305309074e-05,3.096215894589103,2
10.263037429921777,3.9377228952233595e-05,3.227190284497933,2
11.358662810344182,2.9455329278103666e-05,4.015709070605684,4
9.698571115100425,4.007289726435498e-05,2.9254522097381033,3
8.43320306717645,2.8105204683498367e-05,2.6432181707514197,1
8.279284730618025,2.751996787761906e-05,2.304823817077705,1
9.344442621916922,3.3964717675431414e-05,2.1967453983680327,1
9.3924054495058,3.401488551452932e-05,2.3488301951304646,1
10.20739815192028,3.5374450642928454e-05,2.035268140752222,1
10.17645043734912,3.09372661614231e-05,1.7901010794194003,1
10.176296348643112,3.951712451102542e-05,2.9370976118420145,1
10.097936256497682,4.107464930254876e-05,1.9977929931187615,1
10.384772165083202,3.092286130247262e-05,1.7574938076452682,1
8.794040338925491,3.140635776727675e-05,3.276026199736871,2
9.913839967686636,3.729992612199276e-05,2.48975256107968,2
9.84352625469391,4.8483961426045204e-05,2.499572982383897,2
10.29629755326791,4.047381741723872e-05,2.0300336962387933,1
9.332911871713478,3.687967010657228e-05,3.102545455790307,2
7.9554045124413,3.339249805610484e-05,1.5008383159664413,1
10.570011964739628,2.672014713608264e-05,1.95360220715526,1
8.592664297495315,2.4060494250403063e-05,1.6423000098891203,1
11.242992051571276,2.7005751850174976e-05,1.7174138879367373,1
13.515207350527167,2.649719321741864e-05,2.792025513185647,3
10.810065667137213,3.362268479286666e-05,1.072195839538531,1
8.553808858652847,3.719834639060364e-05,1.6631784647056311,1
8.769310043285099,3.4340084516876035e-05,1.525131359060615,3
11.017582924489583,3.0389401131432046e-05,2.44602864014029,2
9.725567607391856,3.108384146687938e-05,2.7613754544717133,1
8.672830489212306,3.340845303349637e-05,2.402027702383086,1
11.243124880199849,3.86310914341129e-05,2.1398844390093155,1
12.346993394546319,3.0694808588601946e-05,3.547814804821969,2
10.154551534140992,3.7080825740770944e-05,2.3579751148836094,1
10.926430937287513,2.6495493832515153e-05,1.9842395735646121,1
9.266285280647942,3.060431816338199e-05,2.411249891339564,1
13.173259410860815,3.318542331112198e-05,3.7241046371183057,2
8.842058802682093,3.0792947590221804e-05,1.408116426065852,1
9.805594448101058,3.094685248527999e-05,2.9366771272475596,3
8.726973353800084,2.931884995017849e-05,2.2642365434899547,2
12.54492282927987,2.4649466726113202e-05,3.7362311946831026,2
11.516638432502617,3.3896985493781404e-05,1.3565687478325905,1
9.11028429448885,3.669550667028661e-05,2.3244505978899146,1
9.409670535563563,3.1284066515571934e-05,2.014969771690537,1
11.717390567321658,3.189699757344947e-05,1.9907607506672247,1
10.256850712563063,3.541980970272889e-05,2.8223687244240327,2
9.420410742553056,3.5313267907515256e-05,1.4231653126280066,1
8.433863414961204,2.2449550659936694e-05,2.669866361423346,3
13.945228046990808,3.339465344601287e-05,3.330844573901234,2
10.020106506123934,2.663993145359853e-05,1.6864515745227042,1
10.272663226341212,3.0403228675245366e-05,3.3247039315881715,4
11.047311043528424,2.424613292770919e-05,4.263884281478203,2
8.91051779577081,2.9793928913139098e-05,2.3868544359045263,2
9.304270202618476,2.8215337975083175e-05,1.7118503806478853,1
9.670334240154263,3.511859965304697e-05,2.5753219026607166,2
9.249005299911524,3.474105075177542e-05,2.737641235353383,1
12.217235559674002,3.198526113433686e-05,3.561547049006607,2
9.050344100616098,3.6930644466841926e-05,1.960951208781359,1
10.820055165273812,3.112804243850949e-05,2.0359322792467753,1
8.539982235765912,4.004158809274465e-05,2.295917345489902,1
9.832181128279,3.307398985451625e-05,2.1726639708865165,1
10.987186561481808,3.149120271814269e-05,2.8146360109972823,1
11.05272061674974,2.9298229969408892e-05,1.783623637189939,1
9.912565329954877,3.519829710883992e-05,2.0048176675916647,1
11.60987495251129,3.9266185583963276e-05,2.3118844881249614,1
10.417834092687269,3.1259165079482914e-05,2.273635837512075,1
11.161871299423174,3.5974794464451885e-05,2.6631351076955,1
9.0512797111682,2.9793368479227803e-05,2.1244412207031447,1
8.122472155397777,3.454860893813428e-05,1.924063526427096,1
10.449670843250276,3.206496572757448e-05,2.0519791287421483,3
7.088125012157116,3.13061366570329e-05,2.0376805083986147,1
11.533432167342124,3.6540423877755526e-05,2.2423885333660962,1
10.95662543985516,3.2045622072741526e-05,3.4788235376067194,2
12.050926722588363,3.480985692502315e-05,2.8853977303652214,1
8.973877100692311,3.2948395634205244e-05,2.602724761688142,1
11.381779681242957,3.384916183783356e-05,3.4070215806307833,2
12.432572866212436,2.9290363440029898e-05,3.6019276968290725,3
10.909957700791054,3.2692278335707955e-05,1.8690194568097893,1
9.507751698089868,4.177266124755824e-05,1.9316437269210474,1
10.776880326419873,3.91345324234721e-05,2.4065664052642832,1
10.493289524334623,3.0456582683033477e-05,2.3958407919809024,3
10.841215866764124,2.629314206733824e-05,1.3058287330791758,4
9.858575367513222,2.5939837785328782e-05,3.4272421964581605,2
7.878672966509646,3.1196289998985374e-05,1.9182635746347962,2
7.5967059099193825,3.276956500870212e-05,1.0599817344830662,1
8.43184153935768,2.8300369420948323e-05,3.862404656697329,2
8.175938616483805,3.8675808017272345e-05,1.715020940870511,1
12.702683435965755,3.5178500445430885e-05,2.982139601953967,1
5.991742341803851,3.2475296882510705e-05,0.6853326643660254,1
9.125319465417533,3.070726802523847e-05,1.4642903286725546,2
9.559990959777739,3.9250531361325225e-05,1.8948349579126487,2
12.767298224135148,3.484467895364166e-05,4.489766642193363,4
10.960316511070637,2.6751602208618003e-05,2.929967950585138,1
9.989288354924334,3.257017852397079e-05,3.968831019335993,2
11.246515834724656,3.279703511074286e-05,1.5180512624520648,1
7.556170144295681,2.7369144210652956e-05,1.7887328811394672,1
9.575411562785503,4.048830063679189e-05,2.868392485985239,4
8.307815215372056,1.995017892209052e-05,1.2887026504172576,3
11.422208644988315,4.041177902231576e-05,2.7067405372038253,2
11.340427837360988,4.805078993483875e-05,2.3791281233703323,1
10.33177743831393,3.3127902174912145e-05,3.0972859076188293,2
10.624132374701624,4.224293584320457e-05,1.849726743044426,1
10.699511370673608,3.383092709339094e-05,2.312831052904511,2
10.339010524772121,2.742022034439659e-05,2.6021642625195103,1
8.360109220802126,3.86080196880877e-05,2.106307937303915,1
8.687393294578824,3.611536387175173e-05,2.3905129471065827,2
8.096095504725065,3.9112291885400806e-05,2.0838285554470812,3
7.896580591809823,3.820149389714424e-05,1.5648860339054689,1
12.023879086825469,4.060471205077486e-05,3.653791627527582,3
9.385989024572831,3.867246786616459e-05,2.5569950910722437,1
9.183290970018058,3.781761544668335e-05,1.9066216645767566,1
6.44314663215108,3.881483789455105e-05,1.8429135483482066,2
11.486260629164896,3.706669817249603e-05,3.1404317730971036,2
6.219681485132311,2.600815562616338e-05,0.4644714112652131,1
10.861689729259925,3.161525033137419e-05,2.3456452113106123,1
8.966666665015566,3.0346173537242692e-05,1.3003932362129649,1
8.687638195622398,3.4781668334111894e-05,2.193400175478671,2
9.00936181105232,3.5809711370574564e-05,2.311203745899662,2
9.05353572552659,3.029582010670545e-05,1.3847658483784917,1
10.34626055699793,3.347322469289039e-05,2.2980772611435434,3
7.657888627192802,3.620119948266891e-05,1.8088098605143481,1
7.739065611523381,3.788799001374195e-05,2.342893921442271,2
9.789624885175032,3.882040417584096e-05,2.11131581348785,1
10.419141180371568,3.403518656411352e-05,2.7315108702734627,3
10.046587209206152,2.3657760684867835e-05,1.889430991005257,1
11.521293987199455,3.823010982027635e-05,2.0649684473313132,2
11.973383562985312,4.312860890651148e-05,2.3920330245548804,1
10.810514045362552,3.3409165880105026e-05,3.07378446556198,3
10.697272610159999,2.5420770849029645e-05,2.0013249940067657,1
9.691284149339515,3.2361252000930164e-05,1.791135172796539,1
8.19035812897589,3.3491817472037756e-05,2.056898718764603,1
8.311732348883755,2.686241437075982e-05,2.067639893970632,1
8.132295528445791,3.7844061460293105e-05,1.658965155249717,2
11.258436826187882,4.0064851198702094e-05,1.757215326838673,3
10.388448991006754,2.5056255066498378e-05,2.610005558753489,2
10.862010167767316,3.476456689946744e-05,3.388167668613421,2
11.801098590562699,3.592097918812266e-05,2.9854627560592926,1
13.208353586569592,3.282545553707369e-05,3.477861048031804,2
11.601720920961196,3.1501791649219616e-05,3.36982361132819,2
10.634157278955657,3.163284807240192e-05,2.6632459472764993,2
8.956842378617132,3.3079690711155175e-05,2.2787929172089902,1
9.921641277733467,2.6131377478722e-05,1.6757649479459469,1
9.342315523888361,3.6748840606221764e-05,1.7435541239250951,1
9.621717175070081,2.524419094195115e-05,1.8104335929888524,3
9.422272555449261,3.213631009075001e-05,1.7384778033753474,1
13.261888171548762,2.5142370719840203e-05,5.060980465424823,4
9.613728928115151,2.3043342503781148e-05,2.7184950673206236,2
8.226306717683809,2.934537578296476e-05,0.8249524680500571,1
10.467591878559299,3.584252209786301e-05,3.33444486989998,2
10.711972196295564,3.43163910399415e-05,3.177668469940033,2
9.659206699895616,4.24044633401189e-05,2.409696280719588,1
10.100199245086763,2.772218631667633e-05,4.1481747003386165,2
8.724492642265766,3.564644184784085e-05,1.5077595323111666,1
10.095408943291442,3.7144218794802096e-05,2.4655862256647443,1
7.619916965765405,3.215242260331877e-05,1.8558421293250358,1
9.834077518844007,3.516880133568757e-05,2.024533795062635,2
8.012159130775194,4.027358467667543e-05,1.6770595514693056,2
11.513140727863425,3.470621399484988e-05,3.1629973364096484,3
11.18011900495042,2.0301368131575134e-05,2.920678801376509,1
12.35226215277473,2.7278776025570422e-05,2.1365902258737166,1
8.983212816633877,2.4496066868995334e-05,1.529132995492841,1
10.007170546833976,3.617736207271304e-05,2.538479057199428,1
11.123419256284151,4.171701602726139e-05,1.7755203423239005,1
9.230214740286952,3.046379348235228e-05,1.6681612588448622,1
9.351567206462267,3.088957515754875e-05,1.6581041069389526,3
9.550454913724804,3.4138146292812083e-05,2.2669344754935974,3
10.794938119649032,3.0442894269299966e-05,1.2325331412974698,1
12.0959367209826,3.396305108223951e-05,3.99602339182034,2
11.116484595417587,3.399191513214351e-05,3.4309157908716674,2
8.860705074763057,3.175855822983928e-05,1.7861217236494051,1
11.000251670754006,3.435010283123011e-05,4.210286640040663,2
9.4210032007123,4.1814383217137713e-05,2.7347798197459507,1
8.85862190815616,2.5644103705240932e-05,1.8690053207971369,1
10.02197652297061,2.661321958507224e-05,2.5024946723277854,1
10.590171298922549,3.374521057977361e-05,2.3976545650962957,2
8.39141219669374,3.1590978824918756e-05,1.8934175845754369,1
11.788063234142385,3.618307602500626e-05,3.6146713372063934,2
8.047998255515402,3.5418036382978836e-05,2.0667549919301496,2
9.627989961396525,2.487385048291609e-05,1.5929413234994576,1
10.74423714121521,3.291162081257917e-05,2.2762431564824386,1
8.238608598825948,3.293709902116618e-05,1.760447128555741,2
12.746479545642693,3.167669673880633e-05,4.957951523183259,3
10.001530960095588,2.9346203086234973e-05,2.726841807666698,2
11.987493021980828,3.719500537101118e-05,3.750475550216088,2
11.723709044636733,3.199704937578983e-05,4.083182713548907,4
9.622348503184158,3.411239311599044e-05,2.560532020251201,1
9.532471641409705,3.84379766337223e-05,1.747028726689723,1
10.14867377407078,2.8454337319480283e-05,1.921975348678748,1
9.136626467150313,3.999352697474624e-05,3.9615553880094927,2
9.523141652482614,2.5073096216642274e-05,1.8966162125477708,1
10.723434082752496,1.9491294312202176e-05,2.269946497880163,1
6.70730138188963,3.1075145658033334e-05,1.7090266354225163,1
12.485363180633325,3.157535642952372e-05,2.331822480118185,1
9.963666435055796,2.736406558886735e-05,2.513050052810642,2
8.023051485876817,3.4143111150073e-05,1.2283777136202165,1
7.707885254255419,3.216476677322514e-05,1.4308823851860497,2
8.350236580041383,2.8171134881075315e-05,1.6408672914596623,1
9.767635250684641,2.9961597820735203e-05,2.130676326761237,1
8.295037073811216,3.655066247933492e-05,0.7351948364632779,2
10.41947859685625,4.241809806254199e-05,2.41755080601463,1
13.206632270923993,4.098766550624865e-05,4.467606584843592,3
8.151797578239814,4.302738390691913e-05,1.6053368922113505,1
9.368304046236151,2.9363196673529882e-05,2.196599843708947,2
8.085193652722667,3.211689729997173e-05,1.8840495237546246,1
11.443102721118256,3.918401923539703e-05,3.8649960794952634,2
10.993314914557587,4.1060282341822844e-05,2.0781838918516113,1
9.584126769009305,3.083993553507278e-05,3.909342226497296,2
10.192982777217395,3.133159337525116e-05,1.5512034120216545,1
7.412503688204925,2.7127830210078957e-05,2.2616560775878196,1
7.8292785890416345,3.481452369531401e-05,2.478120586836094,4
10.372576862873643,2.798800647394202e-05,1.4705263086246427,1
9.175342172955302,4.090270687481945e-05,1.4977981142865207,1
10.816140642849534,3.575302976251236e-05,1.456185381418913,4
9.031419303658637,3.651195891190496e-05,2.296253949969887,4
10.19557452808121,3.574806834560612e-05,2.2161928502322485,1
10.214957012128895,3.286180061004999e-05,1.756090135867904,1
11.301810546952812,3.5202945526945374e-05,3.779107127064014,2
10.183124974396497,2.5878599611341676e-05,1.894338670888436,1
8.483868375180286,3.743310366500215e-05,1.0341227243815534,1
8.35113051272388,2.373027642274839e-05,1.6838051759469363,1
8.64990218633964,3.8882086275713764e-05,1.3114512956943898,1
8.094517525536519,3.42207503509181e-05,1.4540135043175266,1
11.328052765069641,3.065768112926425e-05,2.2010905957805975,1
8.422433943126935,2.4266762336783517e-05,2.367571835699443,1
10.072322319766387,2.849599669191472e-05,3.8753047170452564,4
9.449119549988295,3.189965670187961e-05,2.484102487091689,4
9.957363886793487,2.7927065077164762e-05,1.390818245195641,2
11.220359523757647,3.643876760305936e-05,3.8940696425379646,2
8.420656595883681,2.9734883323137078e-05,2.0735635142363757,1
9.460439812477329,4.135049789771178e-05,2.5232037747114133,1
7.621085589470315,3.3881470194346684e-05,1.560205256485666,1
10.530007236895084,3.1178137932275124e-05,3.9546817689187126,2
10.649378165579341,3.5882289995718824e-05,3.4204416210327917,2
9.31091366123778,3.860787065014511e-05,2.083719427002481,2
9.512011674636891,2.947215331852843e-05,1.890804966095533,3
8.068490374825199,3.5878599409394384e-05,1.1998670916742549,1
9.548752274432307,3.641553702382216e-05,1.831229439513903,2
8.398361852358912,4.020120443888798e-05,1.7188731262201644,2
11.217533356428168,3.173484560958587e-05,1.6724557368358839,1
10.426998330490726,3.467868371564015e-05,2.03787098704146,1
9.449959742399765,3.3459806922458084e-05,1.7042127409947563,1
12.44716909112332,3.7160040722837506e-05,3.9362281387000637,2
9.025270421780316,3.6047338984005236e-05,1.2106224986990375,1
9.310041514332362,3.1038650023792655e-05,1.3327490033140845,4
7.757590289089799,3.4539015585599986e-05,1.1558431926911692,1
10.054552190508772,2.932475136332872e-05,2.9746805808536205,1
8.974492158856549,3.997872140210863e-05,1.1076942163600898,1
9.992610942310435,2.8135953995510953e-05,3.4890434656589226,1
10.560905807231492,3.565858664447196e-05,1.498971051158914,1
9.521758311232638,3.187128527101315e-05,2.234478296873235,1
9.850859853477493,3.5326563364286435e-05,1.9065833036421642,2
10.425874230922902,3.2654314809651454e-05,1.9246470650007605,1
10.044670155719748,3.1794271111020116e-05,1.7412464466785273,2
9.522956603504243,3.042577158418369e-05,2.3603512810639655,1
11.519445387781687,3.617924444461905e-05,1.562621255988392,1
14.367550183119048,2.830409600013871e-05,2.7040259894451366,1
8.63406674871457,3.630521422723947e-05,1.579881569924972,1
9.510189045845294,3.124092021731048e-05,2.116948855579964,1
8.975442710990336,3.324059661037336e-05,1.4967851514393524,1
13.909481434799972,3.41974998154719e-05,3.332493666877082,2
9.574808902020784,2.3855589476920555e-05,2.78597198262389,1
8.59924641868377,4.3429050198938424e-05,1.621367376923925,2
8.470876433766627,2.6036685814653866e-05,1.8924342410959956,1
10.55205242675944,3.480684763959718e-05,3.7505431790224204,2
12.609075994802032,3.0023427313391388e-05,2.1475872028213274,1
14.597674090748285,3.16317786179515e-05,5.153093708479068,4
6.38069293673521,2.583142758985453e-05,1.6458132799066856,1
9.660812222857114,4.277478003211422e-05,2.080166064359341,1
11.062538679506877,3.0365489512256533e-05,2.3852472556488125,1
11.19367397290036,3.580792501717904e-05,3.0746659888494143,2
10.961291088227858,3.922820638708445e-05,3.1958809829345003,2
7.7159814864336616,3.473371465258199e-05,1.6013605446571995,1
9.85233689829583,3.0487323519390532e-05,2.0348542679641555,1
9.07065883953895,3.313522561652115e-05,2.3612940955906003,2
9.73536243485487,3.485795707377274e-05,1.5643473862890436,4
10.649550472772642,3.637800084324207e-05,2.0482857379541026,1
11.231357001292164,2.4595006693984906e-05,2.475332315216454,1
8.272792150636397,3.258732509437507e-05,2.4210714027979914,1
12.42492200257849,3.946266836650538e-05,2.7985073905353715,1
11.688749791033489,3.343380079504337e-05,2.7848645242554437,2
9.39903599330969,4.322104307438948e-05,2.112826745422269,1
9.295509245575833,3.395171003867237e-05,1.627522233384089,6
9.938205464160994,3.651033380744168e-05,2.2564120952817373,6
10.953926393700176,3.6469598506885415e-05,3.7621419571771604,2
11.621297232596115,3.0198578788571254e-05,3.7590271865129616,2
11.169709528838325,3.243340047062482e-05,1.89236726295038,1
7.6004737841127135,4.149170364044192e-05,1.4614079340880601,1
11.410113710225508,3.820194823688742e-05,4.703372272943715,4
8.448443166816737,3.2229958985572694e-05,2.6213129994939317,1
7.456038662318829,2.8361582335849692e-05,1.685131826533087,1
9.419010235661034,3.6717191147118784e-05,1.4536477169451483,1
9.86199424272539,2.5239444074843758e-05,1.8487687929310097,1
9.97791707626947,3.2728293244142804e-05,4.554715441018242,3
9.959120154037809,4.645206779773282e-05,2.8249933793491637,1
8.308491017043277,3.3306214913831464e-05,1.7343781922190367,1
10.580525227669328,4.144384018095852e-05,2.0567430266647757,1
10.74639642175516,3.325970966144691e-05,1.5610138700247407,1
9.805752844990455,3.052362516211419e-05,2.587789889491269,1
11.608047649737982,3.7460014530770003e-05,2.7727275778282774,2
15.016201960147487,3.669276723612355e-05,1.5607892950678943,1
10.365425532378671,3.55334394439026e-05,2.714686864261257,1
12.458203987724737,3.226006749520897e-05,1.623468143079736,1
10.961064085349715,3.412421976767764e-05,1.2553699444512274,2
11.20159313886822,3.104221451636805e-05,4.502752178298295,4
7.687512079124534,3.472201191772221e-05,1.8287448144574585,2
10.088540979972787,3.4026154074762825e-05,2.268857850099125,1
9.728967347648961,3.439354730771485e-05,1.697659113605035,2
9.012189850427314,2.4665950018525855e-05,2.1171495498518356,1
13.53524902630274,2.7194010618796594e-05,3.9581831979406505,2
11.387651377052302,3.191459962145066e-05,2.2023690741847544,2
11.866749278903718,4.2964845337460415e-05,2.572974892543014,1
9.525879273254843,2.4970159437268746e-05,1.8648554267848656,1
9.058946549528812,2.696299428478052e-05,2.6910946822948087,1
8.58076691878083,3.483261276209946e-05,1.1877943211915678,1
7.814105971614611,2.7648310750346957e-05,2.8363855338469395,2
14.377056677522702,3.190192097339342e-05,3.6770457942462107,3
13.14521913162689,3.357875426507434e-05,2.637376323582069,1
10.86442892870324,3.0690015182488356e-05,2.404127860542753,1
7.924274187133982,3.0269624815348187e-05,1.4094173645032786,1
7.815832891382425,3.167420687068122e-05,1.7390429297917398,1
9.091943924823003,3.336219000720389e-05,1.9958477025228825,1
7.007756294650704,3.688797579329623e-05,0.7780824758597795,2
12.389253548984708,3.9408561559974194e-05,3.3424515528930954,2
9.490742302935933,2.7632366319125196e-05,1.6547446407283213,2
7.42503871921667,2.9394539699026077e-05,2.1284329661697816,1
8.614085307757811,3.47042222629489e-05,1.903440960008624,1
9.21032830807933,3.314808209975607e-05,2.4129775703888336,2
11.360104381334171,2.8471759069876347e-05,2.225584734431692,1
7.295587229102059,2.755530894816102e-05,1.967797471722525,1
12.352131221474206,3.4760861699305625e-05,2.2937131615736623,1
10.714332916912362,2.8150577139806e-05,2.238952211453718,1
9.314535864296534,3.949951889808664e-05,3.0237044632322974,2
9.520884503325602,4.577716872973913e-05,1.3270625547879886,3
7.297309136194263,2.620037475348695e-05,2.047623308913102,1
11.448722171685388,3.5123579968040616e-05,1.8724929263694239,1
10.727528365654662,3.3151506883772316e-05,2.235150551368091,1
12.082431127776943,1.6204624091361817e-05,2.1556899185640557,1
10.895253219576643,2.9356777123087677e-05,3.5207116595340775,2
9.184479320884906,3.642851599183294e-05,1.640365346913317,1
11.664546858549112,2.8181382662927085e-05,3.2920128102533495,2
8.746494107712591,2.81964750439096e-05,2.098720235022307,1
10.732880506787371,3.013557950277947e-05,2.034277998254781,1
8.91369578740539,3.134636007356665e-05,2.6399788797884653,1
10.80163937568539,2.998200305553151e-05,2.9507844058380392,1
6.33980741856461,3.1040806983754574e-05,1.5656681656072355,1
10.085310773917207,3.128740203115449e-05,1.8725365488863397,1
11.024739498235975,2.5532611823967624e-05,2.0787163314408876,1
9.745721524196856,2.7571792011944124e-05,1.966196183150856,2
11.242112566804643,3.6897761072655536e-05,2.1534033516236275,1
8.499430934412437,3.2640999099987474e-05,1.974997200854665,1
7.907027564871949,2.3530883879963612e-05,1.713568074545047,2
8.55567243063544,4.54597892004364e-05,1.563591555734119,1
11.581520461310323,3.5400626947097475e-05,2.537190233774838,1
9.797079239696194,3.029319826860859e-05,1.6627185744145605,3
9.250524136414251,3.635457390446107e-05,1.3036034059173782,1
14.657312491863735,3.910663149851967e-05,4.084176807486914,2
10.010069336955642,3.384279253207388e-05,2.3327410756937073,1
8.119946815348182,3.2524452964322804e-05,1.893451095451766,1
11.4187904334332,2.631057100381866e-05,2.1867295121196344,1
8.599116977333038,3.1971077116024594e-05,3.1511451555852723,1
12.135846156711983,4.201809127090881e-05,2.303043254406117,2
12.319250236536071,2.9651894222146483e-05,3.8659015506066474,3
10.674959702327142,4.141301056177322e-05,1.9994886672881287,2
10.102300053722134,2.7473024101513434e-05,1.9414408762417406,2
12.415517487022052,3.465662866276233e-05,1.383027999353406,1
13.048395866344858,2.5720288396311028e-05,3.361297396527374,4
9.11193566638982,2.981414512404324e-05,1.3237724440200385,1
9.380541657267306,3.519343574623319e-05,1.5817756449350895,1
10.42736008969328,3.444020575343339e-05,2.4614190342384608,1
11.534113745775429,2.9522915591136456e-05,3.0010684017341567,1
10.111057742614092,3.873340102487029e-05,1.2122599184784955,3
9.288797964827777,3.611902761496364e-05,1.1440673683895133,1
8.00899376557468,3.468152675842661e-05,1.9882057700166165,1
9.282150408368114,3.2106100756443486e-05,2.133609869932833,1
11.098944043832972,3.20230891857707e-05,3.767025719976526,2
8.952182383592325,4.392504323603157e-05,3.165480588433852,1
8.871232789939997,3.168488282586975e-05,2.502211231796278,1
7.878612894621871,3.3979500055336414e-05,1.496790056482788,1
9.491185944141192,2.5703808408293148e-05,2.6965172406643076,1
10.73700308137974,3.300111260693408e-05,3.58640871758052,2
10.07981951584708,3.9547520148700125e-05,2.54354838087111,1
11.041054506808,4.351150924807906e-05,2.9922773249771,4
11.572474798706578,3.191106371220453e-05,4.018491880189286,3
9.791843803313515,3.3367069515886504e-05,2.257411695145388,1
6.945355142348985,3.0203713801078224e-05,0.8222597940865988,3
11.64715101395144,3.98263384474551e-05,2.6551213077290714,2
8.01722728934194,3.463710491955403e-05,1.9157382973746797,1
8.16113878741508,3.1577640267985934e-05,1.7648838033251801,1
10.345349799333839,3.787407943279328e-05,2.348582496828208,2
10.213194190017004,3.6181840371419694e-05,2.0336621326867195,1
10.802152705283778,3.6239785929652504e-05,2.590850937770554,1
8.710641241651636,2.599335632141031e-05,2.2163769815652072,1
9.904282702165887,2.8757070017774655e-05,1.7031944534607877,1
9.183070965232652,2.572734160007122e-05,1.668981370100282,2
6.983608570634178,2.8544005387549066e-05,1.7880932570554329,1
8.898226817246254,3.936430316061589e-05,1.9573632564077244,1
11.871339836532321,3.406460372042028e-05,2.453741961949569,1
10.336555938393754,3.464150689511693e-05,2.3991530524129874,1
7.322018544160764,3.221925095984335e-05,1.5536209610471976,1
9.554221935247366,3.52182730838551e-05,2.6201019427357846,1
11.383134283684944,3.282293136790077e-05,3.7891380395308585,2
10.495580359892614,3.9670438565031816e-05,2.7133372702460106,3
11.057428403692795,3.6521506591852545e-05,2.8782432550369865,1
4.036545891655406,1.9389104269228705e-05,1.2773175795072649,1
8.84317898456477,2.824253845433428e-05,3.4417040956341336,3
8.874604078493235,2.8572268563637017e-05,1.8187187136309213,1
7.925624831916791,3.680305489237693e-05,2.477506415244755,2
11.652966629618716,2.7370358352764723e-05,2.3934635714134345,1
10.381378819100453,3.4361134858115864e-05,1.5145752607714844,1
9.947025226897646,3.0287863817322312e-05,3.371111748362074,2
9.52792056498732,3.1905234039581864e-05,2.4924479064168343,1
7.448737179494374,3.175735826858517e-05,1.9379910679206227,1
11.084730471098542,3.466157368894229e-05,2.7273261231248247,1
9.346311816994698,2.565293334600338e-05,2.2422445614894646,6
8.870386963899865,3.8010167217748536e-05,1.9624822496728123,1
10.200766514770898,3.26533962368339e-05,3.4387446915420057,2
11.589091975777784,3.2682430547929696e-05,1.8971463983250918,1
10.858937447188808,3.005608553033125e-05,1.608960995487072,6
10.525669845918536,3.792399481385789e-05,3.794950797843592,2
11.279999669369435,2.9198116298614863e-05,3.8569833054579004,2
12.061184566705908,3.540932474596169e-05,1.4766925744452006,1
5.312709452573461,2.787311494835896e-05,1.1379689763919147,1
10.064647858146285,3.034551956396849e-05,2.6972204287856334,1
8.93834293726567,3.438077803873617e-05,2.5262877730214433,2
9.637122855062483,3.0261562144282804e-05,1.6063289823957243,1
10.1796087164818,2.519401307888866e-05,2.414230309883296,1
9.921408672482773,4.018676915703484e-05,1.2477704347014282,1
7.056284697982456,2.8830024921512228e-05,2.0048924597375275,1
11.865826867293402,4.263789288591594e-05,4.103192647151199,3
7.965872719294214,3.935966298713756e-05,1.6798566905185592,1
11.751402068451297,3.594951597208589e-05,2.0419580750213298,1
11.935717393050039,3.4906554335199e-05,3.3238571151740377,1
8.174775465623455,4.445346553660524e-05,2.365749117910387,1
9.045070826360694,3.191129923370186e-05,2.233820901499523,1
11.891672251722204,3.509876025036944e-05,4.803086083967462,3
9.694185911891127,3.5290311508070216e-05,3.0298009885541677,2
11.683333036743258,3.546739582260577e-05,1.5261568002971306,1
9.185541118855255,2.8077345516052187e-05,3.355098599925295,3
15.018347218662662,3.322209622380125e-05,3.9704136863456663,2
8.160926398821275,3.960294254893569e-05,1.5909679183103265,1
14.232410317302321,4.405279552062072e-05,4.6387981176972035,4
10.60062235054829,3.578241395470224e-05,2.815643057859893,1
11.701032102956766,4.120112218873973e-05,3.1168975670883254,4
10.892009350756743,3.2476217652939426e-05,2.916876141393762,2
12.633151160403187,3.880059227085127e-05,2.3056550065850896,1
10.661987344620533,2.6100306806731016e-05,2.1927716858569672,1
11.006046460117059,3.0213884386409266e-05,2.3646820709898324,1
9.101869359737295,3.2877210768610366e-05,1.6134674410791594,1
10.375826264261157,3.4321156676320645e-05,2.013497343443799,1
11.126546641741612,3.461957577679048e-05,2.4488782760716257,2
10.997059121702748,2.5826632627717972e-05,1.9535875158129272,1
9.279629745820488,3.235002803224026e-05,2.667222216803896,1
10.038963439871589,3.140641785552883e-05,1.1508489597912068,1
12.267594679622333,3.2912164583932535e-05,4.150175778045247,2
13.18409195881837,2.8647810288559928e-05,4.771539758288068,3
10.553568732795505,3.291415429766269e-05,3.2843508367818335,2
12.420069276400636,3.6507974076618486e-05,2.410068183937288,1
9.966110835849307,3.076178310572939e-05,1.8958059974080976,1
10.997543722525045,2.3625512139436587e-05,2.891303470899294,1
8.109257819403325,3.105957051661148e-05,2.651183655498814,1
9.932621590425084,2.7052719805182264e-05,2.4009485626253295,1
7.706138216307742,2.8205432626070295e-05,2.1420840740186913,1
10.92310024736898,2.991324115692233e-05,1.1925873271685332,2
11.042745920973385,4.0764011932501765e-05,1.6972501626563077,1
10.000573226085553,3.2103916513620254e-05,1.6307281924365689,1
10.200749381711354,3.375228799464976e-05,1.7589040105561096,1
8.836306287315896,2.8008737679149082e-05,1.6265928108468928,1
9.821722520208011,3.847335816512951e-05,3.235118409479745,3
9.162021655457732,2.7786321925672336e-05,1.5562503141729054,1
9.03352955230957,3.651640305249439e-05,0.9360803098715723,1
7.61864050470513,2.9276194448754108e-05,2.2451521034829014,1
9.101590228908183,3.0028560394468973e-05,2.3587877991071413,1
10.457824889183,2.8854703481430185e-05,1.3911196550376836,1
12.13415416677163,3.681487443420254e-05,4.0747799796744015,2
10.431474941726329,3.334425451992557e-05,2.0535260235202846,2
10.48887610220927,4.110247332975843e-05,2.5103131309520688,1
9.262692855365803,3.4641084604291566e-05,1.4669820491604564,1
11.60491148844939,3.879126249187981e-05,2.6437428533054654,2
9.012590315554686,3.358520168418702e-05,1.4287505773595863,1
10.611270363784321,3.0226470351129916e-05,2.347850237719388,1
10.328576012652135,3.9660907815297676e-05,2.5872898711288093,1
7.449371621777567,3.207410440232068e-05,1.1801259917981453,1
12.189075741195417,3.575971588757063e-05,2.074370339177461,1
10.286398744612995,3.265972445539745e-05,1.9962420396666702,2
9.897875510488607,2.7961669324986883e-05,2.7252198233792564,4
10.967866878036936,2.57865402720581e-05,3.470203422150847,2
12.62419110968243,3.197422596846866e-05,3.352441751491991,2
7.807211663804406,3.1624548210159594e-05,2.1523145287640904,1
10.023469035439224,3.603543478027784e-05,2.1743445036227973,1
12.19236099655277,3.1374007252307046e-05,3.619465185054379,2
9.51883231059077,3.476843068303119e-05,3.4673250889381313,2
8.839021096100687,3.4487253558127575e-05,1.5953159712802591,1
11.097446850099303,3.8103741104946276e-05,2.3785757713476037,2
9.202804836128301,2.721053292167968e-05,2.5955822187644317,1
9.136186150479473,3.1103232148281186e-05,2.321477186632262,1
8.938191046177698,3.172678321022817e-05,1.7078178626837104,2
9.494850756003991,3.0253355876299705e-05,2.5716276003361065,1
8.28832265715392,3.70797906174094e-05,2.4561310669765586,2
10.031336899605314,3.213989723954027e-05,2.0370914501342234,1
10.933790776481601,4.424572326473254e-05,3.4718425657641596,1
11.209778353018088,3.928178982418797e-05,1.9004978779238788,1
10.45026313345747,3.705079867158097e-05,1.9216350822007957,1
10.189568700975176,3.418186579998331e-05,3.103124178583708,3
10.264265533183554,3.228302295228939e-05,1.6730458472888987,1
10.77295983027433,4.0970630182188045e-05,2.4273606433436363,2
10.32068706584058,3.2769836276382024e-05,1.4652014439785206,1
10.034244976241329,3.710592102154907e-05,1.9069201334314254,1
9.308368495957197,3.534402736983235e-05,1.8497792319442652,1
11.275828046401775,3.257074338392198e-05,2.081108453526036,5
8.89347464171374,3.2373995684144986e-05,2.144962004607985,1
8.170975800187463,2.7060245876570167e-05,1.1095950218178596,1
8.182378104859593,3.488916550031261e-05,2.03604782848863,1
8.1838823188044,3.519518006155991e-05,2.022739946224277,1
9.75088651541529,3.1515485533760094e-05,3.094105457685296,2
9.66032906584689,3.681801732062347e-05,1.7698753758679997,1
11.84950862853154,3.5429982337576343e-05,2.887481603476361,4
7.499339612268917,3.330727550146573e-05,2.167827628014617,2
10.475343086018638,3.262898393295692e-05,2.205002513292538,1
12.29843531727399,3.204434051105949e-05,2.2253510035444233,1
10.179966716346653,2.509150278864872e-05,1.801735286687925,2
9.529324885252766,3.70439912719766e-05,1.9589124511003098,1
9.3680120957599,2.58090937630701e-05,2.369506514859361,1
9.954746981629096,3.256881096881344e-05,1.9473019612602245,1
12.646313670276948,3.374654976378269e-05,3.8399309477777424,3
12.061583939753039,3.0997852590119464e-05,3.493254292674706,1
9.42969329444496,4.182650920229833e-05,2.201253132980843,1
10.787163196332955,2.9090928835927776e-05,2.745147505100019,2
9.359338748466524,3.60600976495095e-05,2.356047385449626,1
12.499813367477831,3.7921510727482636e-05,2.8275202099817536,1
9.099848895801559,2.6417005624023208e-05,1.807454706104782,1
11.132231243729711,3.49999111491402e-05,2.508647815221187,1
8.372437517224421,3.40178273058023e-05,2.347689814117609,3
11.8688243996951,3.0043740731829786e-05,3.6274182142854614,2
9.760300404692176,3.408152407010619e-05,1.5572323206095757,1
9.02841644506874,3.102384541308582e-05,1.7137085410594566,1
10.162501933352775,3.8614557488273495e-05,1.9587888819023866,1
10.386090427252846,2.5776475425852717e-05,3.0516531345033187,2
8.388581230636213,3.0405258974114002e-05,1.7307391333107511,4
9.869358712654464,4.1741425562561026e-05,2.422268821561821,2
12.9467555630518,3.78760812051189e-05,2.877774498500987,1
8.74738041881466,2.707064374830918e-05,1.9181659397679847,1
10.141728816503532,3.3505842688013545e-05,3.2465725761501036,2
10.22683449023392,3.809118211972206e-05,3.150963942991814,2
10.22176663733033,2.686767805729747e-05,2.004657040753646,1
9.404900456937158,3.325765150142256e-05,2.473456460546303,1
7.9119859208532315,3.5470519517272495e-05,1.5381689613024103,1
8.528387867965066,3.124329497483516e-05,2.2627080151427874,1
8.441829384926535,3.160640681273582e-05,1.1032796346446003,3
9.593515520392682,3.6911792750599526e-05,1.371936498969216,2
9.386260309405849,3.855062527931618e-05,2.1806726444166973,1
10.2157338433515,2.4250571961657703e-05,3.4592532675297014,2
10.971591631821573,4.523332070224897e-05,1.9686876914774036,1
9.640641811989813,3.683461692045977e-05,2.362029124868058,1
7.930532696584736,2.9680513632981356e-05,2.4558522139272148,1
8.630070284040919,2.9398096455023414e-05,0.9948336433365715,1
10.597138473223632,3.603644919667782e-05,2.09691746189298,2
10.317030978243302,3.987261251493259e-05,1.6594025011592575,1
9.411377601032019,3.7926322821496574e-05,2.4288200697212674,1
10.194146469279167,3.275386678179221e-05,1.7902678059583887,1
10.133784362523544,2.663225347646348e-05,1.9729962431608552,1
10.943582755019769,2.774984606509633e-05,3.9763540513625437,3
8.159380528993573,4.038253397428824e-05,1.7272569538799292,1
9.03504338981984,3.7706752296234356e-05,1.9683593301521591,2
8.559474155893986,2.919821962079269e-05,1.8563027214915961,2
11.709351084216738,3.7085994777008206e-05,5.000600500776239,2
8.440862961382482,2.963102531994213e-05,2.162473947170479,1
8.89456100232016,3.3661262069297024e-05,1.4225209538046073,4
10.102187249293728,2.885538533062987e-05,1.6923288860427084,3
7.488489824419123,3.430352841884423e-05,1.8648429652992036,1
12.187921197109885,2.634610480258735e-05,1.435690188931678,1
11.09332505234489,3.19730719432307e-05,1.5319697891158148,1
10.811801147260214,3.4886260787283605e-05,1.9759138805775824,1
9.85722238098112,3.356111401501622e-05,2.488776124340388,1
7.613471219854231,3.754079740307546e-05,1.8630616693489663,1
10.402382311874925,4.0353631699997546e-05,2.001467453779848,1
9.78696579310777,3.6930782561698304e-05,1.6232791418613304,1
10.33495708562173,3.575337838674108e-05,2.169068896606416,2
7.697164584716406,2.992362404489945e-05,1.7195625217698232,2
9.852631560547394,3.766089076945529e-05,2.191567285802678,2
