16.764530728936617,2.9443239665661505e-05,9.783458410071765,6
15.723176419287885,1.9162080147702376e-05,8.397476876061019,6
17.74166219985753,3.538984186196908e-05,9.741009483662443,6
17.206599767883432,1.8114837602704745e-05,9.968058415522018,6
15.462849968356627,2.679932997227711e-05,7.6715577188118695,6
16.9505464498253,2.7296891424008168e-05,9.498299122740848,6
18.599447188147636,2.6225746997051428e-05,9.18420781328397,6
16.748527380073412,2.6825868830133907e-05,9.00417855704222,6
14.89001334995225,2.807220805069266e-05,8.401741167755844,6
17.784689233496838,2.8355830310363774e-05,9.422210194061364,6
16.48968964201027,3.275032272215062e-05,9.182699779041748,6
18.07309478154875,3.337931203280112e-05,9.651706256036547,6
18.010166583397798,3.1367496009635694e-05,8.00490125957085,6
17.492753773188134,3.348677713403316e-05,10.96265029418055,6
16.787670958694484,3.49156673334474e-05,8.40617597541238,6
17.752238558263894,2.246852561784647e-05,8.258275061813011,6
16.42502708457984,2.9352180078817722e-05,9.016342602377089,6
14.011008723795698,3.5698071342225404e-05,8.841119646154624,6
17.649973883817495,2.6717629887490042e-05,9.295397377908506,6
14.784670576372925,2.029755959192128e-05,8.191225944858997,6
15.582957017676506,2.8120043398437477e-05,7.808737549111305,6
16.935738959437316,3.370204431570724e-05,9.113226847943169,6
17.62024491056363,1.8201844395922186e-05,10.294805223243868,6
18.991276658420674,3.1885671746529736e-05,10.813940185695177,6
18.33958734084536,3.106598516490764e-05,9.868308360803015,6
18.60513409047621,2.3044034213352005e-05,9.687546513734336,6
17.37961678871953,3.314016568760359e-05,9.316311460240682,6
17.992841902775538,3.46151435666455e-05,9.118826527699332,6
17.83626267721143,2.3193721262659664e-05,10.487099030925616,6
19.106805389697318,3.504700223488125e-05,10.307382572625931,6
17.896597563959958,3.212100315453299e-05,8.527861356875896,6
16.05393836590433,2.9219141855841987e-05,8.298676630832142,6
18.788211621025038,3.6341661573867584e-05,9.576067334011576,6
16.351308564832998,2.3517845742855766e-05,8.020818750999378,6
17.536474666465782,2.3547654927043157e-05,9.026865053139359,6
17.709087980491148,2.9271325734162646e-05,9.784173127103497,6
17.82870085268872,3.937218119988823e-05,8.703178408195589,6
16.63283806892396,2.7329951243891726e-05,9.53104473099605,6
15.60104987140004,3.492793634204111e-05,9.011243405588289,6
16.55556517970329,3.078388167318984e-05,8.521096866092726,6
19.314631952601037,3.1067722197640773e-05,10.160937462063801,6
16.987414711299667,3.262532826555971e-05,8.623506239596026,6
17.37168975232176,2.668476045587313e-05,9.82204851676912,6
16.804720895575734,2.5291690223710475e-05,9.009820303218863,6
18.269204685586836,3.278824883970459e-05,8.175275174217397,6
17.85686773319978,2.4855527370699934e-05,9.155448745745035,6
15.817533741304208,3.223866194285158e-05,8.419885734986156,6
13.244249201777254,2.788395835427549e-05,7.310723552555393,6
17.52269309669993,2.2130154320285703e-05,9.100040796620327,6
19.089158259697736,2.8958916527863884e-05,9.068276168831547,6
16.2356865245477,3.395475698681152e-05,8.517003912614175,6
13.148817552321697,3.4355520435409095e-05,7.892397866758671,6
14.885673756441426,3.749052942112192e-05,8.23241585020581,6
14.89552720792951,2.334253080549535e-05,7.892764070112237,6
16.08888338271857,2.710932812442303e-05,9.893231937883195,6
18.57317538546993,3.551293025498558e-05,8.850757659672958,6
15.092874375191183,3.659821249594998e-05,8.950938877411557,6
14.855116601549984,3.187835595873308e-05,9.540353812547409,6
17.476895598269547,3.411751733326463e-05,8.8052114203014,6
17.917238282921332,2.169201101272843e-05,10.087935489529551,6
19.96407844008477,2.417764361395185e-05,10.393409771661686,6
17.638236103103907,3.061032916660724e-05,8.667083292113475,6
18.110032326755537,3.231574997787663e-05,10.203948944153355,6
18.09965888235265,3.0783930430954294e-05,9.397917153259908,6
16.343853081871707,3.0415194740138186e-05,9.705793601699039,6
15.529063280669819,2.5578443958252368e-05,8.839633030900528,6
17.11482339950566,2.8233297412060873e-05,8.958284160087187,6
15.395962419981693,2.444023317262235e-05,9.401182292699417,6
16.678776773391224,2.854923872388299e-05,9.272263377743553,6
18.923453268906933,2.9405782835851726e-05,10.993575506081221,6
19.482907505750784,2.8716669965470546e-05,9.997040573083947,6
15.358601882974646,3.3433811573204145e-05,7.941926969443326,6
12.76843347828975,2.603594876126529e-05,9.206484412308662,6
19.29893744645976,2.517411602669956e-05,9.270805282874685,6
17.68426642550287,2.963268672969099e-05,9.464652085333912,6
18.627230826412468,2.2783238656546462e-05,9.482697410263963,6
15.874080117552431,2.7698704418471505e-05,8.728151964298599,6
18.12052678777338,1.7665611152978398e-05,10.046770947502424,6
16.926847605505486,1.6307384856139814e-05,10.009739319896678,6
18.85938064526475,2.4872109875277295e-05,9.473700296713279,6
15.796760584538868,2.7987726734010404e-05,7.918140608362822,6
15.22382675212528,2.996367890890356e-05,9.326306134201364,6
19.6683527478738,2.7491497225754448e-05,10.282325662197922,6
18.111397694366833,3.26212660799438e-05,9.931009239206496,6
14.644674707730626,3.102934885217737e-05,8.082179570947018,6
17.687740675380446,3.449481795551475e-05,9.243376778090727,6
17.34349038738617,3.5017417565272155e-05,8.981038272700268,6
15.907547975555142,1.7699775468655487e-05,8.466597822107818,6
15.966285431078665,2.0340473711445594e-05,9.129503693563747,6
17.20855499179987,3.134730023290896e-05,10.421225123613713,6
14.191519877203818,2.684727184464437e-05,7.169284593609566,6
16.126428104219077,2.5261759463074495e-05,8.002543885360144,6
17.852472029552747,3.576397806809455e-05,9.695478653850692,6
19.590910841119943,3.0609730521958156e-05,9.003889915279128,6
15.930146462502565,3.3670820434215886e-05,9.216199544480192,6
17.20201243305081,3.0694104967287515e-05,10.198886745231011,6
14.772791445524646,3.109890726700178e-05,9.641957166387973,6
16.78969791119358,3.3834203335631964e-05,9.556948489224336,6
13.979882310636185,3.017402597131658e-05,8.223898973495293,6
16.533936405005726,3.7329316852175575e-05,10.219082862577,6
17.00539401864085,2.5178425853096762e-05,9.90412546390866,6
16.954849963063296,1.6665219630067683e-05,9.533291655498887,6
14.750621820045954,3.280970449341892e-05,10.078973360982003,6
14.038653935015956,3.0147016224015175e-05,8.547558225165613,6
16.09061828490222,3.418183477918094e-05,8.724148950244906,6
16.11278066292475,2.5511210972180508e-05,9.714929502794714,6
18.36434698870517,2.93237975999778e-05,10.171797354723747,6
17.687163560941876,2.7204425455882028e-05,9.063482988115881,6
13.548464035296808,1.198454226862221e-05,7.692075822132143,6
15.611649228705586,2.8620649417854755e-05,8.925800738601197,6
16.904223330990217,3.180974159496975e-05,8.739167942936659,6
18.70647981291481,3.495851904859187e-05,8.713275865477287,6
17.69801916469506,3.4430743535447534e-05,10.054043214314898,6
16.86911130449488,2.8381110309082074e-05,9.64051871169055,6
16.56123406264974,2.9221702642724044e-05,9.467739476119,6
16.098679408699425,2.7754316046996373e-05,8.244989233350974,6
15.22369812253206,3.101376586744318e-05,9.872460998589382,6
15.637944301129622,3.3139391368938765e-05,8.69112075129391,6
14.641858172283268,2.2596113271497788e-05,8.442641834677367,6
18.260287962438184,3.849609295564014e-05,9.282694741786072,6
18.984266555784643,3.38714341059344e-05,9.729950713634041,6
17.482574093724413,2.441872152003634e-05,9.945904863802618,6
16.416395151682057,3.928383395528324e-05,9.236437042610095,6
17.31050225925707,3.335436446368297e-05,8.702122068923009,6
15.115994151694677,2.9000357994263736e-05,8.065420735785946,6
19.293101073713984,3.28372865636083e-05,10.054354565913977,6
18.03044662538734,3.592052916110924e-05,8.451148960804204,6
15.629773654507183,3.0422611610927432e-05,8.495516544756413,6
18.55056078369673,2.8267990675298413e-05,10.5406370062278,6
17.87892780345802,2.9458751658857703e-05,8.854841556875472,6
15.456980687384501,3.3853939074351113e-05,9.400647482073158,6
16.069492619762386,2.4477460979185172e-05,8.134698071596256,6
17.226912156113634,4.023892426900206e-05,8.533694796096214,6
17.413332447771957,2.8797878019731962e-05,9.872791189160985,6
13.659961756004178,3.798005493564477e-05,9.36567383012294,6
15.043739513891236,3.64668675626918e-05,7.987112461610107,6
15.316109398040961,2.085650430893846e-05,8.247571475334448,6
15.767161741233302,2.300641254727823e-05,9.156045931872345,6
16.041662115457946,2.1950399070353787e-05,9.022598090595478,6
18.986604970731065,2.972444367607595e-05,10.181017966770078,6
17.454123053981036,2.638538115797307e-05,9.415300527849771,6
17.55077162658497,2.840089989439459e-05,9.961052093956074,6
15.815728877104547,3.3053917650333884e-05,8.165342216239996,6
15.401325793986846,1.977433810111046e-05,8.870657634546367,6
14.859892261513748,3.3696248716125797e-05,7.535175340249504,6
14.283807102395215,2.884666490352724e-05,8.126913793775238,6
16.638704814564587,2.652722631248487e-05,9.888772382771027,6
17.515105836101764,2.6234622779173124e-05,8.784415586720641,6
16.492539956214507,2.0180627971700776e-05,9.097114065270677,6
15.408876767252988,3.1991338574589005e-05,8.098889915559836,6
15.11407839849441,3.611062110873667e-05,8.794204571192834,6
14.994062305088875,3.3651468048750636e-05,9.094421655507558,6
15.516042346176068,3.320803405570329e-05,9.397403275756298,6
17.575179544188103,3.0593349429229675e-05,9.53480824096144,6
17.4343728232131,2.5703790050305567e-05,8.662565140948235,6
16.76241578310514,2.513796386972186e-05,8.185361279944305,6
18.003050756852247,2.3543530880473196e-05,10.238751493928596,6
17.49450979131856,2.911857978943055e-05,9.877455449870016,6
16.88640092473606,2.3350595396292722e-05,9.629720739269468,6
15.228144466688779,2.860083275773799e-05,9.379863603548223,6
16.713103360477305,2.1589721176006767e-05,8.36335642943125,6
17.845960312669945,2.2894015417449714e-05,9.202731505768856,6
17.2542808639094,2.150550486164204e-05,8.804911656931287,6
16.251327436514163,2.403398709903195e-05,9.725771255432013,6
16.957829008632366,2.8781517517547297e-05,11.019520542844646,6
15.038104515371375,3.0192475794065308e-05,7.5667782538318775,6
17.171537174735672,3.6618327288253744e-05,10.01621922283319,6
17.40151118617377,2.3870938745676767e-05,8.95149185041638,6
17.17578204918895,3.170524409314135e-05,11.129074420166726,6
20.017212058878016,2.857228338505673e-05,9.683452466727191,6
17.633409155118756,2.4813807329367517e-05,9.887695040158892,6
15.792993668292063,2.5731752762301184e-05,8.351650440222514,6
16.658410901656147,2.2370846042973378e-05,8.133561760988421,6
14.754867621039939,3.179928550785027e-05,8.247838674732751,6
16.490922063325414,3.1565783470638525e-05,9.352846810370972,6
13.983891398740433,2.1028493166147293e-05,9.939342688177591,6
16.30508434479624,3.206083292188981e-05,7.943322137722351,6
16.69653300358803,3.065239088155465e-05,9.376439196516696,6
16.305269046616235,2.5351130755465722e-05,10.478946988012094,6
18.20326753823928,2.617427535694573e-05,10.242860074694534,6
17.525807847514155,3.325849952275556e-05,9.74740047708615,6
17.4970913875641,2.634479435877394e-05,9.700429287362052,6
18.079946532119834,3.8430639012296416e-05,9.477317867041045,6
14.667522020419833,3.107093744232161e-05,8.260669512940316,6
19.138675740547033,3.307984570516037e-05,9.80262238604072,6
17.8789786684454,2.580151820666614e-05,9.150609514459328,6
15.956722406769194,2.6875309392981913e-05,9.557300255493132,6
15.588543813593942,3.4419838153495986e-05,9.110886922874439,6
17.176415799716104,2.245745791924211e-05,9.455737731407893,6
15.493029973489504,2.2825980040799568e-05,8.080940785448172,6
15.963930097240741,3.583255508751311e-05,9.3364116241855,6
16.594178389302865,3.173814440139812e-05,8.528281648312266,6
13.380341774219673,2.89863724625934e-05,8.220393153263082,6
14.940928730012443,2.0689900973020424e-05,8.236501227945501,6
17.169030621257704,2.4181427232281732e-05,10.32722649200451,6
15.251285798530684,2.5624279692328055e-05,8.128011398667994,6
15.187628738375317,3.391342850318256e-05,8.927160630792674,6
19.874175697702096,3.72970384923159e-05,12.10945810489103,6
17.5778455471138,2.9227624664383943e-05,9.289060779962618,6
14.745327919741401,4.0188380653156025e-05,8.587949576261625,6
17.653854796241962,3.341529519447987e-05,11.155117582667943,6
16.89335843573522,3.2098918896197485e-05,10.490648978813539,6
19.211787125623715,2.334350009377421e-05,10.148570744521892,6
15.622514145681313,2.8524968104845672e-05,8.990234512768806,6
15.83142092444628,3.5819774409693324e-05,9.918340387642044,6
19.801247846173577,3.215165997176178e-05,10.052923227640864,6
16.08110300101868,3.284004322033202e-05,8.070292555524425,6
18.22769376743491,3.697159326054513e-05,9.517455615032326,6
18.673415718136106,3.3650833066829826e-05,10.121615330525728,6
15.041365741172324,2.6317350162760304e-05,8.333324754894255,6
16.140238621165878,3.1739057668305904e-05,9.634621196567203,6
15.423953566970953,3.346288609591478e-05,8.888926649997533,6
15.597729175410322,3.653435454026296e-05,9.655498785545266,6
14.966092171497351,3.236933483646256e-05,8.60922026579815,6
15.598981251990633,2.3799293419027113e-05,9.151576349296217,6
18.462241895688546,3.187554661847513e-05,11.551763610381002,6
15.936772355979214,3.1322982283963e-05,8.79881029431185,6
16.577881477237945,3.0362931451108594e-05,8.088666578504178,6
17.651827214127632,3.705656955720612e-05,9.645172063044821,6
17.646209367181005,2.847589253945236e-05,10.001994538491385,6
15.999072415388387,3.309729146259387e-05,8.748791802044924,6
17.099814559722653,2.3616373392389852e-05,9.648586215532646,6
15.661666050862435,2.9938944791196355e-05,8.922665609035143,6
16.125348161474342,2.7022102220695666e-05,8.632894362104759,6
14.199839899329433,2.2545987868943753e-05,7.244490127320264,6
16.752481106297264,2.066003835726273e-05,10.289150679960601,6
14.44952870830955,3.580035975542561e-05,7.710943468125953,6
15.281456973792274,2.6406886927659176e-05,9.676616837281808,6
16.08868323787257,2.6148117907909284e-05,9.07103478839575,6
17.983400538533417,2.7825843205809716e-05,10.273035367907342,6
14.009118042984754,3.132414446444963e-05,7.67297958927685,6
16.29337302400708,3.787266073133623e-05,9.191360313684891,6
15.435167004138627,3.151398793869921e-05,8.603601774053093,6
16.982450722852885,2.940473155478841e-05,10.411390179351482,6
17.12346175897328,3.2667362654420855e-05,10.945178147003666,6
16.69723903433571,2.611871407954059e-05,8.081210767882123,6
13.751231937320695,3.2210513730956245e-05,9.805817143921148,6
15.257775050348224,3.594677886470799e-05,9.015695493448582,6
15.641461916101584,3.4328107644047797e-05,9.079806276190759,6
16.30878726582597,3.2641947558550505e-05,8.986259724362633,6
16.51829570444985,3.0101730979124116e-05,8.34169048334251,6
17.993356319974698,2.9261785828302532e-05,10.315643165777288,6
19.769550800112626,2.9751744266253777e-05,10.528906930933973,6
18.048123815659917,3.420091483202736e-05,10.369368894156723,6
15.202066328136784,3.07259201261648e-05,8.712218911774903,6
15.02311865200917,3.780096780766308e-05,9.589302167408768,6
18.0474780123729,3.645730324436237e-05,10.5806658820674,6
17.141979437875772,2.96644350207464e-05,10.077410141599492,6
15.713002919171364,2.281834854514818e-05,9.117910924483748,6
15.770976686424508,3.609292700436223e-05,8.178744987143242,6
18.298406210238902,2.5890564322936086e-05,8.423719493476517,6
17.321278778921165,3.525969066537473e-05,9.925334293565438,6
16.828196286469634,3.551159371030914e-05,9.736019044621068,6
15.797683080473071,2.2364950505759937e-05,9.01227434391178,6
17.29482911649363,3.833507055517453e-05,8.77452432959428,6
15.462156041734104,3.089444666903311e-05,9.561630505120021,6
15.758704366049262,2.551021643205874e-05,9.429077603845482,6
17.68731532234137,3.725071501787028e-05,8.35751409498335,6
15.933110373065997,3.769986181650983e-05,10.056072672022374,6
16.55537736221258,2.4447258177062104e-05,9.435660346857588,6
11.464322811288906,2.5659396350297024e-05,8.215306498818673,6
18.50008611768927,2.9919492289619757e-05,9.353182770837533,6
16.427422362572933,2.8773704900261263e-05,9.562640133288644,6
17.85201353583089,2.640986738981177e-05,9.665170598903225,6
15.683830940360114,2.8528616692242278e-05,8.308809357287686,6
14.165075227013752,3.164382298204111e-05,7.390901916295675,6
17.965090710605594,3.812472338444644e-05,9.405172837180862,6
17.08648046332172,2.5775121729829643e-05,9.597910549094015,6
17.067658638098397,2.1506577196285427e-05,9.901566479672208,6
16.54794207680972,2.4708937456283694e-05,7.964525556617667,6
16.906567181052967,3.2983062276282736e-05,9.922760579609982,6
14.11807526852511,2.5673648741539082e-05,9.212648835632937,6
16.463243062954675,2.981248702462792e-05,8.902096717819044,6
17.61240156414594,2.5645877336368782e-05,9.649308530221573,6
16.79624584371653,2.6630276788903278e-05,8.944065217124864,6
16.357770322758096,2.5913569036860493e-05,9.50634866241441,6
18.676431945179843,2.41222750685172e-05,9.990389176446985,6
15.84405071797905,2.966473934671442e-05,9.361141256683155,6
12.735759030191817,2.6273706204141864e-05,8.936607350573711,6
14.17870966279806,3.052373057067449e-05,9.437289326294232,6
15.003810360557969,3.078249647264213e-05,9.249260782644848,6
17.327727750409185,2.601393336842159e-05,8.9624475739335,6
16.19416834741564,2.1809868389932168e-05,8.988002827287804,6
16.596506406052377,2.4898409407300963e-05,10.044065715848486,6
17.10345004924382,2.611998965314548e-05,10.721729345867946,6
16.38374555275575,1.855005935704992e-05,8.67442603397842,6
17.788390622796605,2.7693378444003346e-05,8.679917442669392,6
16.015612476861133,2.9666624618395008e-05,9.225681342485911,6
16.14381025378337,3.0684572579957195e-05,9.26319683449647,6
16.66497258860059,2.9073097943855525e-05,9.003614906828908,6
15.601247764230173,2.4490103045123447e-05,8.53121270884473,6
18.983484918927154,2.910217907873857e-05,10.029438412450556,6
17.833377604459184,3.0106846249292086e-05,10.313227057199335,6
18.003105554945705,3.0206222243600336e-05,9.28030454942851,6
15.056536128555358,2.672243041397069e-05,8.54532192655649,6
18.40363426441982,3.446902825405766e-05,8.5697326031645,6
18.82402486833867,2.5672642421698152e-05,10.318502633970681,6
16.510252503788188,3.477369474107845e-05,9.615921704107642,6
15.001567164677622,3.0637063672471645e-05,9.70885531933359,6
15.397126982345448,2.068217521012755e-05,8.670248191933869,6
15.979762881155652,3.088720743422503e-05,9.246715169666933,6
19.275160211005105,2.3335838210522445e-05,10.028463610231622,6
17.91228235356351,2.4007640504078448e-05,7.963979766770466,6
20.4055087487009,3.4569317069182115e-05,11.147842609409171,6
14.571717591664072,2.6915541684533267e-05,9.495754930451936,6
16.931669926280975,2.606044046451741e-05,9.509711042334793,6
18.23953595385926,2.629516326649744e-05,9.096216473996503,6
15.388396764422694,2.6501481717195358e-05,7.325273958999306,6
17.718957279351955,3.938451409943871e-05,9.986597707774026,6
15.168796028341948,2.7237058596754094e-05,9.885054099372836,6
17.148234565075803,3.151774968882165e-05,9.257411334920219,6
17.637499836937206,2.7183868492314077e-05,8.801139014730559,6
17.561810683898536,2.717578649649301e-05,9.81548687681305,6
15.36594408205597,2.4497857687995512e-05,8.586933478999576,6
18.08405583481291,2.959917666239254e-05,9.556912769950426,6
18.067504421840862,2.928046545831419e-05,9.082517428675633,6
15.259867634495649,3.552312252488285e-05,8.719449052369288,6
17.02464992578655,2.796009104867415e-05,9.965299581383944,6
14.662906812787876,2.1225629409854267e-05,9.355563827671983,6
16.40403905271808,3.271778370221905e-05,9.206924777561987,6
15.085390236874119,2.9342099711220727e-05,8.587001624793205,6
15.296592297918963,2.397445813210634e-05,8.79749897424319,6
15.180945872873412,2.3429796911324875e-05,6.1089034059277125,6
15.70283446755959,3.7803833655153844e-05,8.633200289192809,6
20.10868621042411,3.0136702327789795e-05,9.746782285031102,6
16.253863662536165,2.9861952222681406e-05,9.069760170991655,6
15.886566677029325,2.628785718833568e-05,8.469788867003594,6
17.132242426303048,2.659462198663901e-05,9.165696523752585,6
17.992053463727366,2.6705181841835764e-05,11.112287288748675,6
18.83475820858769,3.2077699272480684e-05,10.375923505315797,6
15.790303990798535,3.127174097822755e-05,8.858713904718002,6
17.829516409136687,2.4466316636923257e-05,9.79399665020438,6
17.55864170654324,3.706757979958615e-05,10.305125807386748,6
14.973378036141614,2.655571829624117e-05,9.183489388721691,6
13.59354897686982,3.553702293309437e-05,6.244867717891148,6
18.373512369431502,3.5544579813555746e-05,8.52126360645393,6
16.084952090119312,2.5523969289896278e-05,7.787831768218107,6
16.830480540647162,2.4831981028411965e-05,9.494227625417054,6
16.807874214992502,3.480638965755163e-05,8.962721618817165,6
18.525503461754194,4.0966711796534786e-05,9.556539130279264,6
18.438361937567276,3.376970898492688e-05,9.377933655655017,6
17.484970550884125,2.0233045943517183e-05,10.157219544025452,6
17.841464080936465,2.874410796383958e-05,10.604052643951,6
14.224957697092696,2.3470455369664526e-05,9.637881220290051,6
15.034542322743706,2.7595550932416505e-05,8.45452162763474,6
16.3167598813257,2.6346547712976476e-05,9.12531982543612,6
18.091181916795165,2.6116042217962933e-05,8.898465191157584,6
13.883553778846348,3.0273736783898946e-05,7.800452884866183,6
17.908128788063305,2.424301513401741e-05,8.473079377813054,6
17.71239260384391,2.4983035321602076e-05,9.259604745336263,6
16.78473429719755,3.2042557851867675e-05,8.509116350631155,6
17.0540331041535,3.233760066673165e-05,8.316699857845586,6
16.876738700019857,3.612870264710411e-05,9.917680655957327,6
15.179365096680028,2.6148517289857712e-05,9.200784765802462,6
17.41820913841211,2.8533456629649043e-05,9.546955989792625,6
16.45140466452422,2.9091400660056635e-05,8.985093530445903,6
17.317536752898675,2.7481610228200283e-05,10.296625229362064,6
16.684199460662413,3.133305692992873e-05,10.151086952202437,6
17.309149504510657,3.03763167972892e-05,10.002443593625019,6
18.046371706129957,2.9041232953209235e-05,8.565139185954209,6
13.14802265865735,3.0924024179126966e-05,7.243134000849452,6
17.499905478128316,3.5772921945616945e-05,9.459975933934096,6
16.54511203701734,2.881414206187049e-05,10.017278487522882,6
16.18143969633576,2.228873124084907e-05,8.543240349931159,6
15.403763873497674,2.683659511473919e-05,7.803563901333294,6
16.748224402885377,3.0329386218269602e-05,9.00975196766501,6
15.11032076295449,2.436554934679667e-05,9.055721229187586,6
19.998023971017172,2.9274163762977152e-05,11.232915621659444,6
18.328348031718697,3.269479505594622e-05,9.083223637491493,6
19.1024002522204,3.1848713860561305e-05,9.189033523765396,6
15.433477790385272,2.5424307476508145e-05,8.662752902354732,6
16.258552090059382,3.146468756008908e-05,9.401167143765432,6
15.634385435934709,3.4892029524921405e-05,9.359575211894061,6
15.63710740213136,3.211693717445309e-05,9.320394570115534,6
17.78023642423652,3.8998214300379676e-05,9.937261038503113,6
19.733893205135942,2.955995727733235e-05,10.982448537434614,6
18.115873835494753,2.4328444254448348e-05,9.91614808467932,6
16.04636799004229,3.708241503230988e-05,9.340121957632729,6
14.806398072033266,3.2959309932519706e-05,7.876898291429262,6
16.73833023725651,3.091097826675894e-05,8.971818937793104,6
18.326960897377184,2.272839256624187e-05,8.673342497621148,6
16.700093868797627,2.9988791794139774e-05,10.243064990796078,6
16.209039108218466,3.0212164433378305e-05,9.869211556710138,6
17.295565588510964,1.9397180491283788e-05,9.857137848264768,6
17.680663085328355,3.2486281672211705e-05,9.110339050906724,6
17.126695426271063,4.247282057351926e-05,9.883865109961853,6
18.19561074390424,3.269231085720316e-05,8.699262118818533,6
17.3104337863634,3.615779014518625e-05,8.207826452918992,6
16.79516107714256,3.462732663624538e-05,9.706969321048076,6
15.742747229084909,2.9549623655548165e-05,9.273951252562686,6
16.09496572772552,2.9491120540395607e-05,9.647552304047949,6
17.07283394781824,2.8803906489746512e-05,10.010374737866313,6
17.498888038452975,2.5924891975871116e-05,8.195898234373157,6
16.047394660525125,2.7054514598183624e-05,10.495890491621099,6
18.18445654753841,3.483960230032887e-05,10.362090348820734,6
17.414845927743148,2.9156340609387663e-05,9.777244753543329,6
16.12689013044306,3.325436833683698e-05,8.099744672031907,6
17.60234757783465,2.2785471553862445e-05,9.86393609236814,6
19.305028588124493,3.6125313972291644e-05,9.197941401536443,6
16.47946603874997,2.9685727185086613e-05,8.603866161578821,6
14.911530768170127,2.8835801856568077e-05,8.090521955020932,6
16.979985935789152,2.574007477639947e-05,8.745883422237931,6
15.561998658207727,3.4520492921404806e-05,8.581367312534578,6
15.789452472101964,2.8609186700684962e-05,9.365502741537934,6
19.222623591291345,2.7959823794054522e-05,9.387607724562539,6
18.28630289363674,2.4459194745223912e-05,10.227896069892386,6
16.559145371738232,3.90428979049035e-05,8.451773920602028,6
15.220362665495784,3.322518504919718e-05,8.076235416614805,6
16.585678191662353,2.9808388484605643e-05,7.95479393874763,6
20.25786911824286,2.389267082748403e-05,10.549474936723765,6
18.010273414155925,2.8712630565725966e-05,9.399414315983309,6
16.88986310915352,2.9766243016474395e-05,9.243160419907774,6
17.80886381298565,2.2047943131407418e-05,8.417862125913544,6
13.794961328155772,2.6159660752710513e-05,8.365348905259353,6
19.213809643357113,3.3914331758715315e-05,10.544514097320217,6
18.512021043053274,3.201745147493769e-05,8.083177536060472,6
16.540651163921325,2.4903573309307216e-05,8.691497844140873,6
17.26546802645602,2.634513975404027e-05,9.084172070818653,6
18.77287868631378,2.7244088586090983e-05,9.372417702425127,6
15.151663014245848,2.830555580291944e-05,8.797179027483207,6
14.239509451638758,3.2274390710879255e-05,7.862454096055724,6
19.088176644883244,2.252356989068003e-05,9.875684313955881,6
14.51688860269473,3.27603341479399e-05,8.61017794200264,6
18.075338626717052,3.713928923974407e-05,9.074637962247117,6
17.07486185823534,2.4112287029792043e-05,10.540888063337087,6
17.415939399897724,3.350561381346824e-05,9.670088881651095,6
19.851477433032258,3.084222646947658e-05,10.571586840878048,6
15.878913364649842,2.7154668937220765e-05,10.58969216847815,6
18.487191676859297,2.760620012791044e-05,8.660526716119774,6
19.61331014483432,2.2490761272931724e-05,9.981978960620797,6
15.85397710352525,2.969146111210999e-05,8.150611759665196,6
15.900687889154465,3.086517955610404e-05,9.3849201462347,6
18.140784646934126,2.8298177996763896e-05,9.561031146749214,6
16.199839334236287,2.9492568472895766e-05,9.488734499544506,6
17.90996221330298,2.9539198158988577e-05,9.48483494632475,6
17.377343792142245,2.831174620376031e-05,9.072191097297804,6
16.135778523756237,3.095346894563502e-05,8.55198408608263,6
17.659974227779664,3.3017137970656824e-05,9.898103767203509,6
20.148708164993312,2.099205474755938e-05,11.166619632888569,6
16.727863583456045,3.740954179695305e-05,9.315652216670141,6
17.243554901212693,2.664921394308913e-05,9.389752609778508,6
17.160367222300447,3.2903489246885565e-05,9.650297227238854,6
14.343317365167202,2.3281206521814437e-05,7.9214531122793765,6
17.4193466843094,3.0112979048288403e-05,9.638873428836575,6
18.163913591510482,3.254038812207148e-05,10.93230810878985,6
17.297937753539895,2.4416862470171447e-05,8.60022834912693,6
16.14869218501655,3.600016049448136e-05,9.080103499075271,6
15.156381603197532,3.431557634359126e-05,7.571632916125487,6
14.508266034488523,2.6339372599991103e-05,8.608219986647264,6
18.16739248546219,3.666463474836722e-05,11.62291139545977,6
16.300074074069137,3.3114899171033626e-05,8.474989138554927,6
15.07898196477081,2.7466013532534838e-05,8.224051480511351,6
15.338163867232389,2.3703049360035946e-05,7.425481015812975,6
16.435917042432294,2.851496093772672e-05,8.554065445036764,6
18.01164765274234,2.6402027404235435e-05,10.014696348869405,6
15.211923415185918,3.2049418411740054e-05,8.58584947844528,6
15.335813851810038,2.586548297709007e-05,8.543708425956769,6
16.90755007447417,2.7357787343437642e-05,7.967466925555203,6
17.62898115199608,3.130089726899355e-05,10.318063816622207,6
12.783637103487678,3.3487284135298514e-05,8.031017007345971,6
14.634917780835373,4.197624318775918e-05,8.254689914447557,6
17.212155333980004,3.637633598339359e-05,9.24002691968748,6
16.87774340990652,3.505402750726606e-05,9.351340644076782,6
17.651065772283097,2.8730322085824965e-05,8.02901331383646,6
16.169244823114692,3.5450709461446176e-05,8.838264359521116,6
18.122098947307475,2.788340029325187e-05,9.32673996708902,6
18.357867327263264,2.8307347145842764e-05,10.92501711562687,6
16.42953611429046,3.377189097944124e-05,10.006951320599793,6
14.889338611730347,2.378927275697859e-05,6.659623941267114,6
13.958771020926507,2.886332522679287e-05,8.665787366094946,6
14.262158960678615,3.3678269885284936e-05,8.222861408258359,6
15.911148493858997,3.3003764029210825e-05,8.881313253140934,6
17.451846125493702,2.4786305461427097e-05,9.554154304841592,6
17.529109145183334,2.6442655044814366e-05,8.700245319479558,6
16.326893907356265,2.2676447615541466e-05,9.622086499234099,6
14.980781198495396,2.877540490542176e-05,6.744736644884989,6
17.34005491884266,2.452452897330398e-05,10.19148799449102,6
15.047848665951078,3.0277839657817683e-05,7.5163258894437615,6
14.55747680939399,2.026569064879934e-05,7.475214702728237,6
16.73533472381962,2.641528845623138e-05,9.688609856740504,6
16.210699549541722,3.573482772595515e-05,9.066884572228174,6
15.187086402820311,3.365120229364467e-05,9.141323495902324,6
16.606191928058244,2.8838500535611864e-05,9.804014699942849,6
15.241762560250956,2.901285030011109e-05,8.22805518709805,6
17.049237003726066,3.4206063353993896e-05,8.92863871182422,6
15.344070612963485,4.002278396895667e-05,9.423095396117368,6
17.098706574687107,3.746817202670356e-05,9.49361795879911,6
15.749011966903185,3.32577755977684e-05,7.738644244087729,6
16.572172750254275,2.9787389383448267e-05,9.799177876207768,6
16.606164775000625,3.685194134245837e-05,9.027640411903496,6
18.474448547262913,2.335977428578099e-05,9.122424567034368,6
16.710617608658623,3.109152538283238e-05,10.025327940037073,6
15.95846560063019,3.5840680777581114e-05,9.16409970882161,6
14.547477353348427,3.761447432481757e-05,7.925855923531023,6
15.911213990330342,1.8890776266705186e-05,8.342589334976816,6
17.51135590044968,3.1903944448711765e-05,9.51503275061676,6
14.83377852312174,3.343351296353952e-05,8.634707959927688,6
17.998444930923124,3.682609674779884e-05,9.934190539206732,6
15.873700054959384,2.3765594307603185e-05,9.635437723159392,6
14.073937411013294,3.169656159803153e-05,7.499543927239106,6
13.87139488701618,2.509286961396154e-05,6.921163839567537,6
18.916493474505458,2.4812374582827988e-05,10.80666569451728,6
16.76296355099548,3.2537351614956705e-05,8.460489958781338,6
16.226240863025843,2.6562850775872875e-05,9.005535517515684,6
17.249418507832367,2.917540677685234e-05,8.185278964257488,6
17.131297438178276,2.973998268945449e-05,8.788572521462568,6
17.52830567024036,2.3833259748747126e-05,8.48397349049193,6
17.568793100882328,2.681825878642927e-05,9.425673388991674,6
15.513977467902349,2.9411609875305036e-05,7.878179775391674,6
13.67893380122893,2.9671007603809185e-05,8.387034592703557,6
14.806801173057934,3.253302434398243e-05,7.940092222561573,6
16.361834232401932,2.4518224783307315e-05,10.681586318295683,6
16.832105115487096,2.7273453788923845e-05,8.429800674566465,6
15.841217562153226,2.787878730295235e-05,8.298990304307814,6
16.868171053310103,2.5657940032312413e-05,9.557500617388826,6
17.2246181083408,3.16478120348203e-05,9.464211118446666,6
16.873582783903736,3.248058232444559e-05,10.227077023323524,6
15.950712219738428,3.4155749303825226e-05,9.016992532239083,6
16.0267777962318,2.099311115765547e-05,9.51411837912011,6
19.2669387878866,3.366704045021841e-05,9.50449103262801,6
19.700190674425762,3.534401672411046e-05,9.826155394300937,6
18.550135204548145,2.4632734613007893e-05,9.800479760088228,6
20.018384181189074,2.2066255141531802e-05,11.831025808424299,6
16.278029452264246,1.806284359780566e-05,8.961735138335179,6
17.302306494577792,2.3412646479691434e-05,8.968288057760018,6
16.733561210805643,3.273813375329986e-05,8.529415278613351,6
19.434666160131794,2.0851894871593792e-05,10.809406923710835,6
15.965808806481222,3.156246152420815e-05,9.26190909229271,6
15.244465453911538,3.2868441002418365e-05,8.639821850343687,6
16.475138923416015,3.3173704042204265e-05,8.23084502256542,6
16.96006468724047,2.854610213624406e-05,8.522957120927565,6
17.322234018412694,3.0385337197416376e-05,8.602135821357317,6
14.747259446560985,3.660328011431978e-05,8.48641323523818,6
15.839919063662204,3.5388031051815417e-05,8.990118669441417,6
17.039952893746296,2.5207278681767873e-05,10.051754674338492,6
18.209077741840495,2.5966800825534065e-05,9.991310865260324,6
15.239737734100492,2.8321759324541533e-05,8.561767367463757,6
16.357904788804735,3.099142912402337e-05,10.163261230279241,6
14.822192506972327,3.1895435684047e-05,7.3196790325071746,6
16.399499743623817,2.6481497042259245e-05,8.219242965298356,6
18.48877122392324,3.842264295439843e-05,9.529530114810541,6
15.172061351760023,2.685129603736767e-05,7.582507356507663,6
18.348812033261144,2.6829255660516978e-05,11.567659094618335,6
17.011951564890847,3.140914452566979e-05,9.588161750682273,6
17.171584888152715,2.7541299577765355e-05,9.580967525681995,6
14.13812120156396,3.6807942625246225e-05,7.718332218028495,6
18.06169561901799,2.9440871158237473e-05,9.464250149249072,6
15.649961707823296,2.9875961816561333e-05,7.423332483630908,6
19.108370751515352,2.175587270000393e-05,9.956968867390586,6
16.620096891794635,2.760027405403955e-05,8.960741832249226,6
14.320176167449524,2.5921034847943336e-05,8.738613878674629,6
18.532883507120957,3.59413390299468e-05,10.357831024985817,6
14.742481225698251,1.7153381031349332e-05,8.484661672129185,6
19.091825439998736,3.058496638526596e-05,9.808909303793891,6
16.066090392233015,3.528010465957674e-05,8.310309168801508,6
16.594975568372767,3.138069564463968e-05,8.730349431046747,6
15.115605777018942,2.995982550527235e-05,8.525753217698151,6
17.322113180280475,3.1016398621637925e-05,9.0313539544319,6
14.209655320176962,2.043290009869562e-05,7.844939790482867,6
16.71086103047284,2.9072876085955384e-05,10.544250236700735,6
16.893428757162454,3.163051902193739e-05,8.853761960790276,6
16.942659056158345,2.2941409706662676e-05,9.834154866284381,6
18.28529444551391,2.369942937760166e-05,8.693584587644722,6
15.68588804170135,3.72453158145114e-05,8.546186757014027,6
19.048366561214312,3.0435834629313595e-05,10.361909164464263,6
16.418362547287,2.5776799963233068e-05,8.639193344987692,6
17.05077735263486,3.2566107751125066e-05,9.669211138800028,6
17.08452107105504,3.0996841094891834e-05,9.927813310869254,6
15.05381028378511,3.173578216805854e-05,8.727903857220975,6
16.386481123793974,2.439054514800738e-05,8.712016150884978,6
15.084888165572742,3.844563380638697e-05,10.0561982958536,6
17.916029900297723,3.685556318048934e-05,10.004880040847056,6
16.375462219905472,3.0813933833007515e-05,7.691487887664588,6
17.890764319470083,2.8471376995879852e-05,10.206482719496886,6
17.63114699317647,3.3143793746910116e-05,9.87120860120607,6
15.42260618000799,3.121462215300972e-05,7.784364944722071,6
17.991179611137962,2.896155393987821e-05,8.615537917736685,6
15.678399601454798,3.962522657158231e-05,8.8610526230248,6
15.73840635831289,3.1548062362728104e-05,8.428815636962522,6
15.561980208075136,3.5447473208425076e-05,8.73651411017913,6
14.685096818579625,2.268616630386267e-05,9.103766843427309,6
14.01556774389522,4.072462509621557e-05,8.384348938285415,6
17.289417427867132,3.495821817350266e-05,9.401030044643797,6
18.097771667896367,2.7024170512833363e-05,9.786422215441531,6
16.022768029951585,2.688172853506391e-05,8.574601194361302,6
17.04480285287427,3.1496957000738487e-05,9.094312466544025,6
17.444438367636007,2.616493098592922e-05,8.898560213919787,6
15.192010184514217,2.477217109160417e-05,9.217077810774999,6
17.092815652260306,3.058918133366749e-05,9.206582526996215,6
16.325576690809445,3.2219826995873676e-05,10.887598319400187,6
17.426775507378753,3.143835944939168e-05,10.456542269096454,6
13.473386148610698,4.4921569130904845e-05,8.836544813058707,6
13.678617958854415,3.5983965646811344e-05,8.64777481252545,6
16.009958923468716,2.7975140243756514e-05,9.292876179279173,6
19.275518666460744,3.485420240221988e-05,10.694184159587856,6
17.01351914964537,3.666212470861645e-05,10.632832787118206,6
13.938351860665,3.677646564203532e-05,8.006598081067635,6
15.621395319655942,2.146816589690265e-05,9.185845943827049,6
14.859504332627004,3.9959494498095014e-05,7.89617726643491,6
15.010472917661641,2.7431589957155867e-05,7.4885963798235835,6
16.75958881137706,3.498471196533219e-05,9.875555602856624,6
17.881582610033956,3.142618862856858e-05,9.552128448414397,6
16.202409357730218,2.479883100068385e-05,9.642398624823125,6
16.377139885836087,1.9875671232817537e-05,9.474382810961318,6
17.749063467412427,2.784865595958844e-05,9.851491342041228,6
17.495373129252265,3.4385133559368186e-05,9.482921527351998,6
18.78343403030485,3.038627627849096e-05,9.734775406400693,6
16.331816875921696,2.463724654142577e-05,8.926529664301919,6
15.80274584466631,3.5010838518610726e-05,8.76926627674754,6
17.284177518863178,2.578304684264919e-05,9.481272014079025,6
16.6795297605436,2.3661584090586542e-05,9.504607010395148,6
18.211843827030354,3.085880951532852e-05,7.893869709690973,6
16.227299043495442,3.098000870336556e-05,9.458367513639033,6
14.769596382059435,2.148841384647458e-05,8.634016250426892,6
16.544737612191902,2.4919522631843117e-05,9.136958307138109,6
19.446557439897944,3.15421529532415e-05,10.199309708597799,6
17.871551409089072,2.818557852854664e-05,9.113464948472586,6
18.43331936931701,3.1729879548794874e-05,10.176571183223459,6
16.0368499672044,2.1236564857491823e-05,9.570912092274504,6
14.487575440665413,3.3973998247107705e-05,7.782729587612367,6
16.07325792324969,2.130871016884343e-05,8.629189478076002,6
21.11496803671419,2.4161457412490305e-05,13.087228713079591,6
17.168732543993812,1.383902788556076e-05,9.234292944829988,6
18.4851244256024,2.8010896637448013e-05,8.83620570839923,6
17.537993651958395,2.9628015071973795e-05,8.130325599904864,6
16.382871480900018,2.798451706526456e-05,9.284363160221675,6
17.12772372817403,3.327533105425671e-05,9.553676214089634,6
15.03022388388917,3.150459980101911e-05,7.542314097495374,6
14.386146703360268,3.091619244095034e-05,7.971476048163099,6
11.437397180792384,3.110276870804003e-05,7.896631104471018,6
17.077912360854267,2.4458629836728987e-05,10.367448677738164,6
15.523661288672493,2.7878374130423846e-05,8.977355970579211,6
16.659584782260634,3.9595772271522274e-05,9.197049914856144,6
15.545178347817266,2.515728499022621e-05,7.975953816036203,6
17.117789744895642,2.915491933864388e-05,8.799230294388922,6
19.504410365711195,2.449252874977351e-05,11.368270936448521,6
14.82524444896161,2.7020170721828065e-05,9.088157308607336,6
16.246810188737925,3.3268524737393606e-05,9.155470242853488,6
15.736735462835268,3.0423043385895235e-05,8.857336977479335,6
18.1242980481197,2.1749824334362775e-05,10.425665400014402,6
15.363567524069058,2.9270216829738425e-05,8.931425510319613,6
17.53189586027742,3.655853779307987e-05,10.435965774501938,6
15.773190963252615,3.0506190480786935e-05,10.044287419435065,6
15.227482550458657,3.431116387488337e-05,9.1554022195371,6
15.381374370666235,2.531817250656282e-05,8.782329654166457,6
16.733734468114662,3.1243024258659635e-05,8.700993314956948,6
17.793317528969673,3.229376954565846e-05,10.06641482328147,6
15.472114411117312,2.6887072112208954e-05,8.347374754015526,6
16.98263778927577,2.6685377892711432e-05,9.251138192871105,6
15.550155483770387,2.9363414870001224e-05,8.949323934179297,6
16.90792613474368,2.49509957025937e-05,9.630911412285403,6
14.985019968558444,2.7503666979380937e-05,9.84929271499397,6
15.500179539004113,3.197667527144805e-05,9.164489609344594,6
18.340671603758416,2.905613558504589e-05,8.657132950605881,6
14.158873877439888,2.2917619120508303e-05,8.414159720400836,6
15.709592594385004,2.8573050562453325e-05,8.649204248352323,6
17.156803219885592,3.406066491591884e-05,9.926165128464019,6
16.705489834500824,2.737375653760892e-05,8.056736865434411,6
14.699025507148132,2.9106574925678377e-05,8.885118766873433,6
17.44505186067502,3.095800913032587e-05,9.115566390639415,6
17.003714096988567,3.568003280371645e-05,9.908376417712649,6
15.995613015783452,2.997173417642905e-05,9.625374099894813,6
17.52999851624595,3.021314280227953e-05,8.459266326952475,6
17.491629858992653,2.764285036524305e-05,8.892834896819073,6
15.984834519664163,3.0290736047847054e-05,8.93700474705056,6
15.9504354092569,3.292255696173475e-05,7.950146974683995,6
15.398497029925158,1.5584528145981347e-05,9.29774506330069,6
15.078791149611336,3.268981084326155e-05,8.286979732432147,6
16.716898383260652,3.023770726773264e-05,9.608471272848664,6
17.100157587090408,2.8210513396351808e-05,9.723355931186777,6
17.738032600417757,3.170975018222158e-05,9.852257030006102,6
16.994247666500403,3.626256763484027e-05,8.806287059592588,6
18.703932573473306,2.8669917514924737e-05,10.205058664806925,6
15.72993873496111,2.5657211713217753e-05,7.730026128078889,6
13.790066820487075,2.5401491835153913e-05,7.406750605147415,6
15.528561288569659,3.206231316514991e-05,8.140536845318572,6
16.468853494574603,2.885733074418118e-05,8.46737517452361,6
16.069976205746343,2.384393329973421e-05,8.088006619658684,6
14.857174058323523,2.6498074215225168e-05,8.526165876653131,6
16.352022697412774,2.9239393050992983e-05,8.050830753827986,6
16.801800978291663,2.6585445614415085e-05,9.437912720466224,6
16.337980805548504,2.7459838801535956e-05,8.628346405131676,6
17.328653919511503,3.5327963248916376e-05,9.443847554662343,6
16.782012806819,2.8283476348221535e-05,10.45297567423854,6
17.34681241652605,2.6060214990172032e-05,9.815312673666892,6
19.33746122013877,2.7771550793029806e-05,10.083309665966842,6
14.05275888008363,3.0646049572760404e-05,7.599066775657255,6
16.69698065386388,3.5179680401678545e-05,11.013993011126493,6
16.550403622567604,3.84129483171085e-05,8.723892902657681,6
17.09443474978558,3.157288543332936e-05,10.232681363803904,6
14.149521895450803,4.054775876753177e-05,8.545498101132917,6
19.216281433264726,2.4820871908214905e-05,9.508625802490558,6
17.81974883062182,3.3290484919482296e-05,9.226821979867319,6
17.832092499764276,2.0547667862797646e-05,9.838113697660235,6
19.50444727267273,2.976679343618548e-05,8.64697383697508,6
18.474729661932674,3.3485471884777085e-05,9.793442456782216,6
17.923700734823775,2.8597874903332688e-05,9.573562843606442,6
15.09818093783439,2.6087901544932793e-05,7.453736859269807,6
17.866703558357287,3.134256194713989e-05,9.991527060628208,6
14.809249587140382,3.0181553733692994e-05,8.943985906026466,6
15.384648949426804,3.3183796901651923e-05,8.786388386434519,6
16.25027642336561,2.987081161176324e-05,8.346865743545468,6
17.854654722864918,2.9872021477825975e-05,8.19081541558091,6
15.212154013046668,2.4877705003131082e-05,7.413252748328422,6
14.800654796465391,2.4008574759191566e-05,9.338397603013398,6
16.540501965585,2.60030525655822e-05,8.971639012257171,6
16.87831715472224,2.487049266382783e-05,9.345437171449284,6
16.41410921420808,3.401107903399458e-05,10.416795768153099,6
13.882204423112054,2.2280021720167193e-05,7.524064478141132,6
16.236569203544384,2.9669952764476455e-05,8.935488868218785,6
17.90632902211832,2.458863941162356e-05,9.671762150610698,6
16.701944494486124,3.142810662283918e-05,8.092984988647206,6
15.851343574344881,2.1519478040618336e-05,9.267393107028944,6
15.815710984873009,2.8372641227751143e-05,9.261771056781825,6
15.46165847848393,2.5217391647419878e-05,9.032591802961816,6
16.592907492007175,3.43265645403745e-05,10.059067565909261,6
17.305691266961745,3.070014046039904e-05,10.13752352771105,6
18.370304870053282,3.532140233895658e-05,9.084089583374727,6
18.141337690329912,2.958802258504603e-05,10.60883543886115,6
18.0493608093384,2.4178527340339132e-05,8.865948665159005,6
16.007088727433676,3.00380129817406e-05,9.037104912174822,6
18.156601201956352,2.0017153917099374e-05,9.433282442512349,6
19.586325110567966,3.56166703824358e-05,9.226258571080134,6
16.218418907406907,3.579907689189122e-05,9.114907009336175,6
17.09707821192371,2.5614398544564107e-05,8.856720194541207,6
15.60250575722986,3.643447326141826e-05,8.09090200893828,6
16.437590028015702,2.7788784650742735e-05,9.545864630833552,6
17.366696623941362,3.284566548191304e-05,8.395497705179045,6
15.956146569301056,4.036915158840068e-05,7.195537354012725,6
16.81447333758007,3.948465668577199e-05,8.198565918700629,6
15.512385672664696,2.9619211576503166e-05,9.114883947466824,6
14.49988628723403,3.446059247408442e-05,7.9597260423617024,6
16.41369630567527,3.151684064205777e-05,9.050659038309622,6
15.95918974195586,3.9050292618983176e-05,9.09882134903082,6
16.26534728223503,3.570289301034775e-05,8.695494684685457,6
14.556037545904825,3.58479337988465e-05,9.360372293078969,6
16.127889776127148,3.378793581922831e-05,9.188190063343438,6
16.90148579581779,2.3819452240637093e-05,9.273602637389903,6
15.89738850481563,2.1311885939801853e-05,8.683661330879469,6
18.047990963144226,2.3087907117459206e-05,9.01402694568488,6
19.47263350534023,3.514535918026271e-05,9.473722435344863,6
15.832628015921083,3.156831154278591e-05,9.590536174270548,6
17.319344642481326,3.300276993697939e-05,9.830184425929414,6
14.37519943620074,3.0237796882082167e-05,8.21388635411208,6
15.806752812438503,3.080193219453502e-05,7.607981357439266,6
19.513095525508724,2.5520483870575484e-05,11.07489299921582,6
16.22789362053686,2.8894256990275087e-05,8.721947248460285,6
17.788550799191686,2.5668748283533703e-05,10.22400196480118,6
13.482603161063647,2.9177272867919597e-05,9.281586937238332,6
15.0893501189149,2.5528502483043022e-05,8.472736274316393,6
16.217426982278646,2.5424080352555666e-05,9.44053626053881,6
15.779909659980499,3.441833630529836e-05,7.700153638406338,6
14.577030793938716,2.629201321946243e-05,9.199104603105988,6
19.40310407805882,3.407370635485132e-05,11.568599922832181,6
13.896956040399552,2.966802829261707e-05,7.760951615127228,6
17.717267273608503,2.850486939372602e-05,10.328775836571221,6
17.601998075182436,2.532788929393139e-05,9.089538225101144,6
15.181404141963188,3.125324867374204e-05,10.072567298883687,6
16.64447487061331,3.2829234830481246e-05,9.71193974057241,6
17.725343194768847,1.8178664279411447e-05,8.50098221066723,6
18.28132420348181,2.0787983916439293e-05,10.014024108994455,6
14.079106358142871,3.3794206259007306e-05,7.722941234792337,6
16.50975254805497,2.710797215841953e-05,9.416875252599823,6
15.48221936703397,3.133047923416742e-05,9.853903976150434,6
19.501376859485024,2.104057852397933e-05,11.50219709088006,6
18.954800560721505,3.336336229244446e-05,9.693051474646357,6
16.792785584155606,3.926658246801463e-05,8.45753541196408,6
17.937669645255784,2.655818958446548e-05,9.55025008144414,6
14.556813149314998,1.8768994940973448e-05,7.118190186457175,6
17.40493664030178,3.2493667870285763e-05,8.679260383175375,6
16.286651452293135,2.9063294374609527e-05,9.731737552267912,6
15.18077395710371,2.7471426566366365e-05,8.98059608056299,6
15.999865296112075,3.012841184357224e-05,8.043301985963916,6
18.766981173251224,3.529385893583e-05,9.424312283953425,6
19.008443628300853,2.3127817387510566e-05,9.366503385192823,6
16.499372676418556,2.9284059722630117e-05,8.500101446308513,6
15.438909808043272,3.440225825137993e-05,8.831988764289282,6
17.098960098346126,3.100000968800705e-05,8.639690127063282,6
16.67502870161802,2.8057497845980277e-05,8.94296550242565,6
17.37978713392809,3.52675660715811e-05,8.956507378080486,6
17.616180354629194,3.592699197174744e-05,8.5846197799318,6
17.382020223562336,2.9852619442237943e-05,9.160248056459585,6
16.266974481438833,1.9691713286304867e-05,8.591863352539752,6
19.958207965942815,2.929344457397747e-05,10.392027764509493,6
16.889134663004118,3.393469374236528e-05,9.54505853192395,6
16.275993320779374,3.524710600396547e-05,9.37515153570837,6
14.328303287175931,2.7384669946066373e-05,8.37956630329787,6
14.321812472404012,2.9615231666583327e-05,9.196964091558943,6
14.9683282377057,2.6156400382523256e-05,8.90986467318967,6
16.48175281619078,2.9795484544472466e-05,9.176239803734669,6
15.779419463296668,3.863439831080486e-05,8.835297398942375,6
12.909917978351,3.850326918385475e-05,8.056576760056997,6
14.708835049542328,3.2337205466893634e-05,9.036129359509673,6
13.683933453111996,3.1852104236504606e-05,6.950040630931271,6
13.777799290577354,4.0593509131841554e-05,8.333289679028038,6
16.823710823274457,2.1470138838334197e-05,9.64834816719883,6
17.315129556834407,3.448004378971504e-05,9.564051972889162,6
18.148565505033805,2.8473348567805685e-05,10.302745376970435,6
18.6589044253874,2.9054908039017516e-05,10.353555935714157,6
16.254767215122335,3.0324109115644095e-05,10.479603913714605,6
14.661974252962573,2.3463611009247994e-05,9.036572528077642,6
19.088252907953688,2.0720255330459536e-05,9.896340154090973,6
14.566421137074485,2.8102408093982313e-05,8.178488576764408,6
19.7159997709162,2.758529681363233e-05,10.880513560303072,6
18.842294101865612,2.8354936129928143e-05,9.928523793298446,6
17.69857483595174,3.872726800572987e-05,10.953506795434885,6
15.421862266153848,2.2123649848385276e-05,8.28698559515669,6
17.719206819619068,2.042950174179642e-05,9.128158158632882,6
13.079072919456474,2.6543708458356128e-05,8.756924556502012,6
17.225146691960255,3.116770067069362e-05,8.487088294642913,6
18.013083430699766,2.2208510283283223e-05,8.773739279976201,6
17.37785251851298,3.2417731212638085e-05,10.489610884899832,6
14.800948522539713,1.541148687820969e-05,9.02476878224218,6
15.694520398752875,2.5008945874067664e-05,8.510692808317936,6
17.497287451307344,2.5759256472149828e-05,8.642150685712807,6
16.402276699913422,3.03810373171694e-05,8.593335062656566,6
15.86732201552697,3.010090570101615e-05,8.620766624334669,6
14.833276942969562,2.828014335942717e-05,7.981672777537236,6
18.861555237993116,3.246651324379024e-05,8.895186802380243,6
16.161300871809907,3.92142147459936e-05,8.592621286154111,6
18.000253817339875,2.609204169497981e-05,10.196795644532624,6
16.85351969371008,2.718498738984816e-05,9.387292241028653,6
15.303138358020774,2.2780208101464052e-05,8.833815943629132,6
15.006998332197309,2.815052222777048e-05,8.771404335230098,6
13.636950380211081,2.740497702767746e-05,8.792481328500127,6
15.832253499522782,3.056848786950022e-05,9.802075448360974,6
15.893532257734764,2.425360686278216e-05,8.644981547412637,6
15.677646772781513,2.2885431073859505e-05,8.919974712002535,6
16.80263881758643,2.5208642804298823e-05,9.007345900630838,6
16.00133705453512,2.813851269825159e-05,9.586993170460334,6
17.57151505262544,2.99261699879317e-05,10.28533234852234,6
16.48722374213671,2.9039116916083447e-05,9.950928947839236,6
17.54388257101382,3.052989303584364e-05,8.898045179902542,6
14.900527254704501,3.858748347627108e-05,10.197461352080019,6
15.78423171048554,3.1519345707256646e-05,9.330408156437045,6
17.759052505421653,3.236914496486406e-05,10.285362523831726,6
18.821155257688233,3.2009220564749175e-05,9.60848890092494,6
16.827248662726483,2.9216654548764005e-05,7.906020093526995,6
14.871504309285244,2.259752697401592e-05,8.249517419517762,6
18.605926515189548,3.5311866511774986e-05,10.639256604494122,6
15.020616933237035,3.387941628081918e-05,9.213927563707273,6
14.958873522316882,2.1286531689156833e-05,8.408538246976885,6
16.598808966514213,2.2529905037232847e-05,9.203492003469222,6
15.51932577768912,3.346094926079072e-05,9.163281357167698,6
17.05997810567293,2.6758107080251743e-05,8.979283390286207,6
14.311665288254488,2.9614728049679197e-05,8.206111327119636,6
16.141091833619765,2.9421064091940927e-05,8.28044945654601,6
14.458292132223583,3.0790916930720955e-05,7.773350658946308,6
16.01674870191055,2.922968246832281e-05,7.537113297491329,6
15.78703369389965,2.5390455023977155e-05,8.098575580033229,6
16.008065558065596,2.964210525760933e-05,8.969083382307112,6
17.061010144396953,3.8804037117663824e-05,9.894693559290342,6
15.047408056329122,2.1928111997101606e-05,8.094215893432462,6
19.42020929085812,2.387897291025024e-05,9.335942166848985,6
16.873358487115816,2.318664903358329e-05,8.773895133411,6
16.280268522665196,3.198724223056765e-05,9.001873421551034,6
15.885702183507528,3.7110906152895865e-05,7.459345158009379,6
13.964992474391826,2.8331483884219454e-05,8.794641664553707,6
16.88138106921925,3.356254752980512e-05,8.37897452654536,6
16.85826117138593,2.4577090224353855e-05,8.258304603930517,6
15.435020433324336,2.9537209729986218e-05,8.525648485647023,6
17.514668747873614,3.265537305699738e-05,8.569821590525274,6
17.33806222913583,3.4894471986328535e-05,9.60155187055213,6
14.082190845469771,3.7623236598491574e-05,8.203734596875375,6
16.666362366313233,2.948413906007884e-05,8.20446406285669,6
15.421602393338812,2.6033514483084444e-05,8.467662400977755,6
17.070221883066043,2.4346238654769582e-05,9.142905141965326,6
19.295812514898635,4.023027466961843e-05,9.23327483065523,6
16.63748437301938,3.3450031075625586e-05,9.792372841803306,6
19.55958030934832,3.211124579259848e-05,9.453683571242337,6
19.768855778282763,2.719559096433237e-05,10.85899825511214,6
17.18023519727652,1.937475593352548e-05,10.848356189497046,6
16.414437208416604,3.216996680892568e-05,9.321573730252364,6
17.529766823699074,2.7547719907471326e-05,9.889327332434501,6
19.048481046735986,2.8988946507971668e-05,8.672186575973445,6
15.516828878613424,2.49568100996081e-05,9.562175333541441,6
14.76400006551997,2.884306769027112e-05,9.944439092672829,6
17.457171469249907,2.575466037903993e-05,10.332446325427886,6
17.754886505550253,3.432787811414984e-05,9.977215855225257,6
16.55353760750361,3.0095057660752982e-05,8.889696110875258,6
14.44794472866878,2.8728512920979842e-05,8.1079404450558,6
16.76835601597915,2.2125515026795933e-05,8.695325808528814,6
18.26631828419199,2.1505120051139146e-05,11.187100622418638,6
16.734508357082166,3.0086946842478828e-05,10.339405775897797,6
18.21539978479488,3.178303462558192e-05,9.2678380379635,6
15.53012907464696,3.470891878048231e-05,8.795055467583778,6
16.802898783205812,2.8947921797661035e-05,8.918871305336943,6
18.024365590240993,2.430640539143196e-05,9.390205393618503,6
19.186530363995022,3.3874323295979256e-05,9.763146596305274,6
16.818924278805248,3.084045601569834e-05,9.381227272881,6
13.852990527257678,2.851587213631081e-05,8.47570571783016,6
19.563185951245647,2.2266949920330248e-05,10.078007789953517,6
16.37241986536899,2.9409290055907562e-05,8.348886169080274,6
16.94767674599107,3.601990346454513e-05,8.431683067541728,6
16.36071390349293,3.810692981834633e-05,8.694890856158253,6
17.60266423950562,3.185209501813316e-05,9.99333178564799,6
18.317620624157527,3.156025607442044e-05,10.569987959723028,6
19.649305433679494,3.42441345719929e-05,11.303174660001229,6
14.697929411897636,2.886054714560401e-05,8.841224582933785,6
16.5527182300221,3.053480125445023e-05,9.43106128585971,6
17.96269608211604,3.355112205521092e-05,10.08989442749375,6
14.978548962798126,4.093609450514175e-05,9.114699961223726,6
15.580318004012973,2.7424024826163915e-05,8.90455899721781,6
17.248700551782765,2.8477736120239937e-05,8.606588038720107,6
16.535221597058353,2.4270386389194643e-05,8.809670779356448,6
16.462780153924335,2.694470716552316e-05,8.294062497194775,6
16.2011636064002,2.7223582726183144e-05,9.273969344050254,6
16.029907666244725,2.719111129358748e-05,8.376357662907733,6
16.902661702141913,2.611707000549024e-05,9.36023017351665,6
16.368773482447686,2.5412257604505625e-05,8.159426678798976,6
17.704741609655876,3.219128213975011e-05,9.889927296109597,6
15.008932483554851,2.950059813925973e-05,9.297668432654564,6
16.956600400167947,3.319294148618509e-05,9.4426526325333,6
16.794396776209023,2.4309868646988856e-05,9.717826617676643,6
16.235577204048433,2.675718295163265e-05,8.749175632858837,6
15.25695473912527,2.991469105377396e-05,9.513054547495331,6
14.278556643046988,3.2516731074849684e-05,8.454417052291095,6
14.852421280985986,2.743497529784435e-05,7.878604772759256,6
15.535322158200808,3.285527178301258e-05,8.964595631637492,6
18.160558090297606,3.137237924844802e-05,10.093268734927404,6
18.040085544319314,2.3731132361285798e-05,10.142815589965911,6
17.08736817230429,2.5217822619923666e-05,9.997085858250696,6
15.561903819840836,2.8602237912375966e-05,7.626515582105626,6
15.167657964004256,2.6145193778327485e-05,9.846784474394356,6
16.17557965004729,3.9636465410336624e-05,8.924311794851477,6
15.102448974813095,3.826616513402504e-05,8.743910269959281,6
16.295667012664953,3.269902537625207e-05,8.678752350996751,6
18.86048095577037,2.0464213937339726e-05,10.390958789555418,6
14.858378395777073,2.601762718407863e-05,7.845005280177684,6
17.50722047708988,3.53584042594651e-05,7.9491983375334545,6
20.144266981738102,3.0122884506576245e-05,11.071208051256814,6
15.61031314274144,2.7993222786146703e-05,8.476057244543721,6
15.034122175644097,2.4313024257908002e-05,8.794811928742057,6
14.16131800208133,2.5179747164853026e-05,7.970062846751155,6
17.495521716049815,2.3804357494721496e-05,9.794962263598899,6
16.606398258459436,2.7962546113795022e-05,9.165273308690647,6
17.293089538586294,3.5194457946154056e-05,8.681030793154909,6
16.98331715627872,3.861756591188102e-05,9.395697578696776,6
17.066139387296726,2.4987457911256296e-05,9.13711792280357,6
14.629859941217667,2.810921254629358e-05,8.30818115420109,6
17.192918603862335,3.2998809350220955e-05,9.551084626723659,6
16.98574416931125,2.1369719267744704e-05,8.95946224534896,6
14.591910021716243,3.433793519225674e-05,8.630858400696457,6
13.138664207311443,2.9329150012606012e-05,7.819422514768733,6
16.42015316094783,3.332327972268881e-05,9.954347013121147,6
15.305512316829088,3.377218210671939e-05,9.008873491926893,6
16.419183324778025,3.0745748765249745e-05,9.333752143358101,6
19.312762223959716,2.4360457503604378e-05,8.670477223153643,6
16.910735180178314,2.6161059108810432e-05,10.053676379111318,6
15.595635189345229,2.8967387511996327e-05,8.421862304434864,6
17.21316936018448,2.9915829880820138e-05,9.232908766153914,6
16.07048471963903,2.539573439708842e-05,8.2607552054066,6
18.144718916152538,2.395366164501781e-05,9.844432778681245,6
15.188855805933715,2.48710626054826e-05,7.82961976264055,6
15.793330083679042,2.9825723285019795e-05,9.371593309275722,6
14.52128867808359,2.8904940980451757e-05,8.79304612084737,6
17.99713621318751,3.0217876073110834e-05,10.06217298948366,6
16.041965917523832,3.041020653669374e-05,8.9470377182085,6
18.186903670257056,3.2803851226117795e-05,10.025153470233583,6
17.249844244505088,3.803449360819714e-05,9.07934037104024,6
16.247901992282696,3.625009296878992e-05,8.708992772244777,6
15.810114826722007,2.841214803551889e-05,10.289451977279272,6
18.256030858338804,2.699638314503328e-05,10.740000486949784,6
15.258396723645092,3.53444279832205e-05,8.265471389072795,6
15.326913697902581,2.703437836216419e-05,8.72644718172744,6
16.230776727287335,2.463254323942018e-05,8.895311686471594,6
15.490219903984356,3.3192359404906345e-05,7.646338048710091,6
17.554447033514144,2.7001739475719578e-05,9.100122467040311,6
19.819735482067344,3.9073474953985514e-05,10.204365343396978,6
15.808889670760998,2.939485364296143e-05,8.057031300410529,6
16.67986656233213,3.263239974121405e-05,9.484432705641145,6
15.21963563705216,2.2428075569672433e-05,9.625980009837672,6
16.85861537810338,2.96807133248831e-05,8.734630557496638,6
18.478099921636442,3.162361629369561e-05,10.108398698332339,6
15.026347195685045,2.6966485897614406e-05,7.418150009105845,6
14.749665988180766,2.7856162447419834e-05,8.826698724786823,6
18.624104196944522,3.29253478669645e-05,9.659831699468755,6
17.68682487971566,2.4927021016826422e-05,9.835115817689724,6
17.929806235663953,2.9088551584074514e-05,9.544811821008244,6
17.433059388372268,3.135832614136974e-05,9.96364702267698,6
14.817567642988323,2.2718067383630226e-05,7.262973268596516,6
17.253372794659477,2.7041131074528317e-05,9.707864048271645,6
14.563648035947434,2.2705108330630728e-05,7.952027598514437,6
14.333223051516395,2.579829663670075e-05,7.771220850286156,6
18.937359689312046,2.695094719099026e-05,10.535390107320762,6
15.189856416214175,2.4451351693104523e-05,10.60863279350048,6
16.67197593810369,2.9388997214393693e-05,8.360106394171991,6
18.12688230764811,2.959332613238103e-05,9.65998727882123,6
19.422969084069234,3.585504753066724e-05,9.747604200959497,6
17.354573529753296,2.787046448858076e-05,9.358638719995554,6
15.369438720277987,2.5748610429043113e-05,8.321048006751464,6
15.626389875185648,2.3184048242135805e-05,8.702542073886578,6
19.23880459890986,3.604431913347458e-05,11.064731450699632,6
15.941704842962311,3.154072670179756e-05,9.957015453480146,6
17.66718647346332,3.4476157968448394e-05,8.337509849634738,6
16.743088092602264,2.6343510385783782e-05,9.54098355318395,6
15.051661643923651,3.735650524891422e-05,9.02698896432864,6
16.29828958235662,1.921463171661121e-05,8.299011214154394,6
15.052925459003887,1.970611219017049e-05,8.747937893727396,6
15.338851975039423,3.5326070852993354e-05,7.583956728895117,6
20.004026703939516,3.3355338457964524e-05,10.09609082718379,6
16.856797918199483,1.7543636736333284e-05,8.351369092239121,6
17.199458539409797,2.9018665029908183e-05,9.40405370859166,6
18.25402566041329,2.6066514033926153e-05,10.792130219177762,6
17.793070057486588,2.5242246295263735e-05,9.970688698826411,6
13.842762325631725,3.230987745584357e-05,7.942422673724456,6
15.2801529215517,2.4066064971174277e-05,8.51814000870741,6
17.984160708300365,2.9176193422372997e-05,9.390896873411931,6
17.130729531229143,3.1712862991381526e-05,9.132289762959223,6
17.9704806751144,2.349035296317628e-05,10.424207272467282,6
17.927094546807044,2.028033136350194e-05,11.007278264974584,6
16.86988194623568,2.8683646933868434e-05,8.409892081858649,6
14.170279182974955,3.713418522346359e-05,8.342531619396986,6
15.790743354995467,2.838057568316765e-05,7.283636645288012,6
18.967234118524928,2.8556034577121825e-05,9.501131907432232,6
15.817035837630852,2.641331150024839e-05,7.549060408984745,6
16.976831809609017,2.4900010006117024e-05,9.108822226117486,6
16.49275459957935,3.317530024263841e-05,8.561188868672067,6
18.325405046952625,3.9747842001583126e-05,10.332113922692205,6
15.864853971063752,2.4373328805680073e-05,8.534541103440286,6
15.814626956615378,3.514998174795266e-05,9.050807957531896,6
12.638691646500561,2.9064694426012707e-05,7.010103348976017,6
17.318266395596027,3.034145376538035e-05,11.37279788453496,6
15.926711677070044,3.4048941936192934e-05,9.052948911499396,6
15.985281593559403,3.0394292476373314e-05,8.10849817145745,6
14.334039055538337,2.72868344261508e-05,7.609688563437711,6
16.50955603189628,2.8526085828904077e-05,9.297916928376932,6
13.99145278980433,2.8446785602107142e-05,8.62601798332057,6
16.66992022285322,2.274734519757521e-05,7.605335985752276,6
15.919261490683063,2.8317756829475372e-05,9.40885397374699,6
15.690394196109201,3.091250497569453e-05,8.161689127772776,6
14.811943307495362,3.074348719691697e-05,7.789306444229714,6
20.048129107002733,2.9310203806144117e-05,10.37598012483877,6
16.928459484266405,2.6783240979876947e-05,8.247493042191502,6
19.047709105581276,2.415380937500953e-05,10.764272945675506,6
16.460494364728373,3.008092123161274e-05,8.862789371774246,6
20.414908488295485,2.282319428705582e-05,10.459674564879743,6
14.021876305701156,2.185634792146083e-05,7.169149430747513,6
16.256107548970967,3.162077179231112e-05,9.334047196253497,6
19.293767559572938,2.7022715639542133e-05,10.573317764044523,6
15.64823632888188,2.8796141108696698e-05,8.727676966819491,6
15.858373767395753,3.331347461084303e-05,8.90056318422207,6
18.816511890304216,3.1858997861702704e-05,9.405068731334175,6
15.471319077077062,4.0499685979962185e-05,8.434991621443322,6
18.500379897429507,4.143209203880632e-05,10.64210612404277,6
19.34202979646652,2.296042137765243e-05,10.055938402405598,6
18.160063524729452,2.565336497863195e-05,9.299793216882223,6
14.189303897178613,2.6799686124221443e-05,7.565547928998962,6
16.755541955156534,2.8699296988610893e-05,9.046478823893347,6
14.423724615682142,3.166773569199045e-05,7.480820946776391,6
16.9783862193522,2.0609399334020467e-05,8.387067569257084,6
16.936937250687293,3.5359654432016226e-05,7.793540137987989,6
16.303540226568717,2.9850623824744723e-05,9.55666425343413,6
17.332473885435274,2.5982445596497183e-05,9.588981137394605,6
16.640298268832716,2.5125810376576066e-05,8.970672647025763,6
18.060586695990423,3.607732743955773e-05,9.198686998817852,6
16.18510991999779,3.1408753197995044e-05,9.952560125852644,6
15.172697504162047,2.911960120927828e-05,8.167420608239661,6
15.344535065998803,2.9434579998204456e-05,7.97867813324476,6
16.85955737539634,2.6673141390801994e-05,9.96897992788816,6
17.42296185317333,2.5114849574579e-05,8.435045728076538,6
18.08980812908919,3.160373437414464e-05,9.575257007135448,6
15.96061064205828,3.0401682471045747e-05,9.423880540184461,6
17.881353163180442,2.3740988440724045e-05,10.510391844705394,6
15.91586683328324,3.1667619230626573e-05,9.261207572813735,6
14.657052157696043,2.1842362633485542e-05,8.390456636948779,6
14.34150182075666,2.3814817399977358e-05,8.617397590742272,6
18.37723331174329,2.8587893165080445e-05,10.896029494117377,6
19.261156294826783,2.072158671695672e-05,10.684534219642584,6
16.9598369690357,2.5765075470532342e-05,9.505655209221752,6
16.153170485332375,3.3446144887755315e-05,9.409299394763936,6
17.774500405328382,2.8651246637664848e-05,8.095474187223973,6
18.45014356358717,3.625765641827852e-05,10.255226616261139,6
18.07327784815015,3.0223189714477697e-05,10.495865364104265,6
14.735560588752016,3.004201930480366e-05,9.174727999608406,6
17.11497155929664,2.8123098582507475e-05,9.232042701954393,6
18.75431360475003,2.527091991521515e-05,8.472588690819826,6
17.20615168849744,2.704380035346286e-05,6.59992212835246,6
16.020763073241937,3.1822701845008226e-05,9.153411449074447,6
15.194005314422881,2.4832606556834828e-05,9.80303583199651,6
17.260757351120382,3.0975703565659536e-05,9.502157811660528,6
18.56999603747853,3.4992890237205025e-05,9.359504555019196,6
18.972156822397395,2.7800090696596837e-05,9.668099284057993,6
14.732536842659142,2.6933846175215008e-05,7.384075191761322,6
16.52349354921408,2.9335176685476575e-05,8.597190815996875,6
16.329619628128516,3.014702020923964e-05,8.079455877043605,6
17.251505738540814,3.239631523347329e-05,10.31260649539869,6
16.92134007585771,2.435279511717413e-05,11.230892183852843,6
15.086262553667144,3.077319805201103e-05,9.473476516550244,6
18.760232106916916,2.9664468226157295e-05,10.1481756445279,6
16.001119730673672,2.2166067221925523e-05,9.517055723900933,6
19.344183184620288,2.335686066932917e-05,10.520728499537267,6
16.58952303090631,3.192025849107213e-05,10.345801362790969,6
19.202040421659767,2.408860971640633e-05,10.333761084312643,6
16.99586860271892,2.9770188352776472e-05,10.113743345730155,6
16.20821031689064,3.0051019314698618e-05,9.060998650823326,6
17.78972074190885,3.5090534824605106e-05,7.975031274019996,6
13.220830762814941,3.325785442622178e-05,8.048914984990914,6
15.519238355455148,3.71009060053236e-05,9.520817731954374,6
17.197389681191726,3.328087301931015e-05,8.61623935886802,6
17.15486983119567,3.0274907858150888e-05,10.181927236880563,6
16.532433542147093,2.476394082864853e-05,9.799806459823257,6
16.651837472621732,3.8127561185754065e-05,9.1101274816474,6
17.811675112506606,3.4855636404414875e-05,9.163617499273798,6
19.29034286237106,2.1495112618826838e-05,9.443825716396846,6
18.851101695901217,2.7038371260289168e-05,10.51731378821802,6
16.616463725597907,2.7381360082440286e-05,8.93711887704655,6
17.936845398802387,2.5492562051746235e-05,9.626302115930073,6
19.414978301937015,2.4529134967289184e-05,10.935449252872175,6
16.259270884603897,2.5243259065297733e-05,8.314636923618641,6
20.06890475636962,2.8151979572771746e-05,11.640414743943897,6
18.444909604429952,3.402842985945381e-05,9.635570566776705,6
15.35165493874133,2.5726457166739195e-05,8.401364020375883,6
14.558459687859903,2.7139365199589616e-05,7.828187138486643,6
19.861460943613857,2.5351069987474602e-05,10.903275207324361,6
16.52382747986751,3.2527006064300926e-05,10.093209243596977,6
18.232013897255065,3.068500489546575e-05,9.311010624201387,6
18.683477236060003,3.027216036303077e-05,10.422890104092623,6
20.29348167502058,2.8979456845745798e-05,10.83336908117886,6
13.074185529740936,1.972053752262373e-05,8.562827453651806,6
18.542619549410738,3.5033420064840064e-05,10.283609489752067,6
15.54852608611054,2.281416993071614e-05,8.488948352038596,6
15.860232883402176,2.4635762957107367e-05,9.09856310304539,6
16.60620736033916,3.627553129943749e-05,10.101648227843373,6
16.409761898744605,2.271335362922631e-05,8.34543567143524,6
18.990526352792124,3.237523414213594e-05,8.591577343547279,6
17.26955844371251,2.2642593010332975e-05,8.674317412295881,6
17.484339862052085,2.9130941953689416e-05,9.533312634447277,6
17.46291499566013,2.8214741966526167e-05,9.901345044667988,6
15.04622104225062,2.916501431468742e-05,8.734193261711782,6
15.84876848650848,3.0740015195203786e-05,7.185103024416434,6
16.168865699634168,2.4448781557783065e-05,6.811106154720091,6
15.583517080306706,3.0745191932592084e-05,9.793415698498135,6
19.20988756558952,3.443058106568901e-05,11.770754286482738,6
15.801563506809288,4.0206723815615274e-05,8.305961994747305,6
17.78930544474133,3.572503309065791e-05,9.386735025556355,6
18.028094392612832,2.424044886604287e-05,9.289211628903729,6
17.36120309229438,2.7522206055070062e-05,10.0241295566097,6
13.69616256356807,2.9957889151203177e-05,7.570423878380977,6
17.00584749422893,3.512865131971484e-05,9.163473559182961,6
15.077726362366912,3.28891028434877e-05,8.120321656950656,6
17.18609255340071,3.2379208370950346e-05,9.331655893709682,6
18.422452014031258,3.520199381157404e-05,9.08482353691818,6
19.404283542017197,2.994699026205284e-05,10.13202827765482,6
13.328473230590587,2.6783286702986145e-05,8.466582470014757,6
16.756905201451055,3.151853333651305e-05,9.72366458145755,6
15.49250156078877,2.901638533527488e-05,9.016549150522533,6
17.44321995744197,3.5378395815685064e-05,8.56809911010264,6
19.715992380367737,2.9060585341157464e-05,8.885207624587341,6
15.909751319990786,3.739140340421074e-05,8.775598939850259,6
20.5669142870431,3.254458504000091e-05,11.761995536051426,6
17.034990333702083,3.242660774800554e-05,8.539680542751588,6
16.820523622619664,3.2641394908618354e-05,8.960027813311418,6
18.24092824535193,3.38385167045131e-05,10.028307655738947,6
16.4303473066759,2.8340764678770323e-05,10.629884588936655,6
16.167115692654292,3.7247489639788775e-05,7.448463820601039,6
16.49678396746275,2.714302518559e-05,8.803314630898756,6
17.143929942796106,2.89051969026585e-05,9.674024673461206,6
16.82917510320504,3.109559917780934e-05,8.920909253213875,6
18.565063616861515,4.099953495903543e-05,10.235937947373701,6
19.20454059111722,2.191338296165429e-05,11.131860907005688,6
17.750210699536055,2.4369368981849144e-05,9.085336961900493,6
16.062411443791003,2.805290906350788e-05,8.713168404514658,6
17.65508772046056,3.2174242875843156e-05,9.472529430393436,6
17.907691480868245,2.4541387499056938e-05,9.118448376644265,6
17.29135361090905,3.36268903485651e-05,8.997781656077787,6
18.16593364914003,3.7972919768054446e-05,9.5613048965432,6
18.157838346717416,3.4096250512036544e-05,10.224811692623307,6
16.687112276366182,2.5011063122694095e-05,9.666973767883793,6
14.711577013659038,2.742787323017958e-05,8.297827675192242,6
18.595570958394063,2.932065170763575e-05,9.443907671092983,6
17.60856600435565,2.722917614488445e-05,9.341611906334599,6
17.943379590447755,3.703631812716684e-05,9.704417047384176,6
14.153950931171906,3.546398563364034e-05,8.108013789907975,6
18.459539143135025,3.413647182495381e-05,9.612744358471716,6
17.80708129499869,2.8819429971596247e-05,9.318362852532958,6
16.33927251070355,3.4399300164840744e-05,7.561859567045544,6
19.203338783455365,2.4460155838482953e-05,10.269597034892424,6
18.52003942316481,3.0459313470644334e-05,9.865863522040327,6
17.06812444899677,2.7175880696030538e-05,9.244211959826043,6
16.51698784854038,2.8159285976023972e-05,9.500043852300042,6
15.646395696895814,3.062300235113035e-05,8.648999331488449,6
14.786336221253531,2.4785464769886233e-05,9.469183530082757,6
17.579946373559295,2.3766194717685304e-05,9.06950425112701,6
15.246344828905675,3.2577900841511694e-05,9.306259228509786,6
15.973081803569062,3.0394440311719276e-05,9.736131004864617,6
16.458218230110557,2.9368898058939128e-05,9.43855152789329,6
15.468275792543242,3.11306987949049e-05,8.538455583534127,6
16.586668073912055,2.760213383315672e-05,9.21058089605886,6
18.79185704668502,2.2177273083118165e-05,8.814972001164264,6
13.915340352940493,2.8452995638302494e-05,7.980852989771609,6
18.841690657328417,3.297974987443849e-05,9.587651195755491,6
14.864037427395658,2.0825919925007624e-05,7.299658449440271,6
16.72451144433378,2.5235437948911858e-05,8.50517093605945,6
16.29875500887757,3.18422252364407e-05,8.30974269146132,6
15.60935287219258,3.343268861859852e-05,7.649468941300439,6
19.41145182809848,3.4431241046751376e-05,10.075814413805965,6
14.574974687630935,2.1428686580410637e-05,8.95062365575238,6
15.968940851228071,2.5973241707902273e-05,7.362112931091662,6
17.106693072138867,4.016854337486909e-05,8.777470431048389,6
17.36086463464022,2.853922153880675e-05,8.872966325994367,6
17.178422754701167,2.37699453639557e-05,9.9607593292047,6
18.172269111706353,2.7524648536908587e-05,10.749484801776594,6
14.796909986985401,3.041196953170834e-05,9.532944393300099,6
15.071590988143369,3.0788437441758046e-05,10.09355761209701,6
18.412767194034288,3.625932738065908e-05,10.566672839854618,6
19.34419828522024,1.996045562592725e-05,9.977581870006036,6
17.623063683629432,3.019966244487272e-05,8.816057727586209,6
17.7570205275427,3.5486013653091514e-05,9.61600446423169,6
18.918564229287767,2.1953329446440856e-05,8.891313955622595,6
16.1460469629204,2.8614969736057087e-05,9.178923536111583,6
13.619310002098796,2.391012991409421e-05,8.24317478709036,6
18.637975789718443,3.3172041047602885e-05,8.787329157150133,6
16.674574343905242,3.159126953272803e-05,8.865569377708628,6
17.893903784024182,3.182511115481686e-05,8.87001923474227,6
14.711697932751091,2.3319900999442493e-05,7.99799623661895,6
16.564412005489764,2.357584720761891e-05,8.463005415658422,6
17.36362162430148,2.4546599236545823e-05,9.802644938167148,6
16.007178385829892,3.033941989401964e-05,10.140309695857908,6
18.301311219968163,3.390796262789087e-05,10.346827478528114,6
16.341944466032515,3.368830076194718e-05,9.076226588193752,6
16.409914899236043,3.220622013175352e-05,9.403147378471044,6
17.165771699885923,3.0969286299558945e-05,8.208590482922896,6
14.17360209107586,2.5402689563494008e-05,8.430671709685772,6
14.44114385229576,2.8454563597788833e-05,8.759636262400925,6
15.854280932283666,2.4447697692958757e-05,8.188322963975438,6
15.46418808816658,2.4862207055782716e-05,9.680353890159934,6
18.942564984345353,2.7750230659135875e-05,10.281740716354797,6
15.641108687256867,2.123085581182021e-05,8.988427874540774,6
17.549565218547347,3.0435041543409435e-05,9.567694674966752,6
14.907733291405123,2.923132013907264e-05,8.64396655614054,6
16.081108153762983,3.0568351957153874e-05,9.368317474519522,6
18.631488985577917,2.7172993536419365e-05,9.160626266648272,6
16.644101377228765,3.239307185038156e-05,9.429423748700383,6
14.25658557175747,2.6370420262385185e-05,8.333655183809688,6
18.01436225285517,3.834641671248109e-05,9.698720653950058,6
14.730669542954946,2.5843488984816573e-05,8.562236256077767,6
17.004713496266543,2.7647683176410017e-05,7.862104187306881,6
17.62320507882742,3.720973561440729e-05,8.429559867998034,6
14.174972016603268,2.6911062451981273e-05,7.822304051812175,6
17.23292535226978,3.149031357175864e-05,10.511264341531952,6
17.293654120049464,2.8973852396471856e-05,9.362941067083606,6
13.192630287197627,3.398211572223565e-05,7.986184986115793,6
15.910063739928901,2.746802566265496e-05,8.634174522343939,6
17.40161543980417,2.9467654804411845e-05,9.222255851773339,6
17.58669790852847,3.061065792757794e-05,8.74131469911436,6
15.63336227752426,2.3427468608193676e-05,8.162175684162516,6
15.537176164016811,3.281870334225654e-05,8.666297685309326,6
15.268113629871777,3.308475960232006e-05,9.401635584960609,6
16.198232005891644,2.3178797155890408e-05,9.315782016159513,6
16.84693903685855,3.085416555334553e-05,10.023279833863066,6
16.436983479225788,2.840962991437314e-05,10.083192792069374,6
16.599319580318816,2.973449053310951e-05,8.714092396539279,6
16.49480697991496,2.68959851132125e-05,9.297526980661628,6
17.27002360042585,2.7579270928776214e-05,10.602756491005842,6
14.868460408180441,2.4576972030858022e-05,9.11093401973807,6
16.05132858897902,2.8909175658226948e-05,8.534478343785525,6
17.145269668767565,3.4525142951321264e-05,10.709303710646683,6
16.266820592778725,2.76659516826039e-05,10.118654363311055,6
15.254069845395845,2.5172838430964517e-05,9.112097750210724,6
16.553204310674623,2.8552262602226663e-05,9.455707767640781,6
16.7529578826573,2.341320151493717e-05,8.98995079120925,6
17.683306574183042,2.9457806832538442e-05,9.588830160062933,6
19.38857795613422,2.854463078391294e-05,9.836280019770967,6
17.33287794423186,3.428703446831011e-05,10.230813934181228,6
16.061900982716807,2.57670273084218e-05,9.058347329911612,6
15.887946286689699,3.814175089969434e-05,9.753464518348867,6
17.055750627167136,3.7348502936616116e-05,9.772809116176937,6
14.445895397192066,2.8475861496775082e-05,9.36802682106509,6
17.58919137302372,3.333345775372794e-05,9.66744089037693,6
18.537229200767023,3.064534882710671e-05,9.723335576029656,6
18.314395232493116,3.690323674823862e-05,8.795138314045543,6
15.5572335888583,3.498721602132557e-05,7.610475185550148,6
16.705492727686234,3.390211444170382e-05,8.605870570254456,6
17.90270774763059,3.340654039890083e-05,9.799343007512261,6
14.51508889086681,2.3401177391089707e-05,7.745439360571144,6
16.0145045938234,3.140762388535529e-05,8.30235757667413,6
15.362337215432298,3.931691137560301e-05,8.40745307667546,6
17.08479569942351,3.132221703466417e-05,10.735959140491131,6
17.903462919284365,2.3644257946706857e-05,9.240141569413817,6
18.358397681289095,3.3775813898690144e-05,10.526595621299458,6
18.690105628165686,2.8089707151027342e-05,9.051269152187551,6
17.225194506476498,2.2523799654709773e-05,9.000898112214529,6
15.616480820976566,3.096095989735388e-05,9.72597108779428,6
15.302569084015243,3.0080744324510535e-05,8.298267240494656,6
16.81211826308941,2.757804176985057e-05,9.118992447144944,6
15.28619467807276,2.248824819310115e-05,9.354617925754425,6
18.496946343500806,2.6307642351295467e-05,8.842817233744967,6
15.832322620242863,3.207521963328051e-05,9.829291587444226,6
15.489264643234685,2.9706569099358452e-05,9.100524700117141,6
16.73172840148357,3.03617351259693e-05,9.68433781795757,6
17.147745693607195,3.926716588986101e-05,8.879522618120543,6
16.99275178915162,3.1138831097511265e-05,9.989443742719134,6
16.294828994776896,3.2014354825520496e-05,9.72174130231729,6
15.326287234308566,1.5884108635492447e-05,9.384729201843312,6
15.260011537383846,2.81372801288372e-05,8.806060569500833,6
14.614187053829626,3.114125477648852e-05,7.26636462263941,6
14.749086389583645,2.9909902278192435e-05,7.320664820266824,6
12.488675749176313,2.9062739525004115e-05,8.14739164446724,6
16.457562250358208,2.6968383008969013e-05,8.794040878785578,6
19.30249159078777,2.6448970049760924e-05,9.994127322378706,6
14.699101481825089,2.8433217815210554e-05,9.045041857612947,6
17.964306312034715,2.825879811836812e-05,9.255689284729062,6
15.217983598804608,2.1312769669214415e-05,8.075539099924864,6
15.896470638814852,3.342922820303384e-05,8.130642726819008,6
20.030387403042067,2.51523086298827e-05,9.967383376920724,6
18.860797405154994,3.162073739714234e-05,10.668022572968102,6
15.593277229526668,2.1608730905983687e-05,8.174098180767157,6
17.598602843374692,3.610380905274272e-05,9.253580864130825,6
17.55581958513176,2.9688287655436984e-05,9.38533709628529,6
18.068853223262785,3.5631615387965465e-05,9.793276358180652,6
16.35935696499023,2.855800167447134e-05,9.628315158873704,6
15.244677244647967,2.5252850519129702e-05,8.558207405346788,6
18.702454281253704,1.53818870509539e-05,10.494933097626944,6
17.88711783110036,3.357175464406603e-05,9.449587338572666,6
14.6766770369161,2.8012302863137837e-05,8.054669932553423,6
14.84249481214536,3.048888661622971e-05,8.696823742456264,6
17.63298033635197,2.9769556549298678e-05,8.640462489206577,6
19.701560080468568,3.16762120046852e-05,9.558051910537845,6
15.465960480547448,3.171950280558652e-05,9.81461964425726,6
16.512241248313046,3.100233895823837e-05,9.73592615472327,6
18.117380272882183,2.858460375147561e-05,10.340053966594885,6
16.372092941409992,3.369196691904196e-05,9.484949152895192,6
16.058925323071286,2.720900749340374e-05,10.029731140551364,6
15.421418767548928,3.2401162323730226e-05,8.946039465110339,6
15.435467829764285,3.12495212657276e-05,8.648916956388756,6
18.816064343680022,3.299301345749115e-05,9.47570592876756,6
19.39116022587818,3.096082050611886e-05,10.206518111541238,6
18.383708060428443,3.7475232555738565e-05,8.91725351597394,6
15.865613180850266,2.6998871657911745e-05,9.21295476243654,6
15.373972573429144,3.379081279248241e-05,7.35903443183133,6
16.830998888727784,2.5823944545409545e-05,10.374662583061454,6
17.468921261863773,3.570909825322888e-05,10.45999220671858,6
15.871876848214473,2.7294898367766117e-05,9.717615104732225,6
15.633988661658158,3.125734284500447e-05,8.263667050589167,6
17.473957585381644,2.154915453006694e-05,9.244883386104812,6
15.401069102732494,3.840274516117442e-05,8.51444385981582,6
14.55933255240523,3.16816674147735e-05,7.894929650791098,6
17.43601649447808,2.668108764142996e-05,9.741369891126936,6
14.846767887195798,2.8488296201170978e-05,8.455523945319783,6
14.603386590382252,2.9212916171787443e-05,8.66985487527308,6
17.335186725828763,2.7538087066963332e-05,9.232556767126713,6
17.90837245173337,2.5794455063445673e-05,10.476687139472771,6
15.701883565987698,2.277226663231918e-05,10.871660319590626,6
17.785065351514046,2.168250192005982e-05,8.796148943227427,6
19.789024561948626,2.8989009544350485e-05,9.348539255033673,6
16.674363079174007,3.091327126951505e-05,9.413480365883832,6
17.331943803863044,1.8059196196489947e-05,9.859860877724557,6
14.639179233491385,1.7492853480537906e-05,8.351813065791237,6
17.79218015438673,2.120738746497443e-05,9.648157545612031,6
16.49204033153978,2.80385520024094e-05,8.416144922870284,6
19.971681388749065,3.423146688342292e-05,10.719182118376464,6
19.777870180345726,1.891316250437061e-05,10.508541918148602,6
17.549630951326222,3.752265959269062e-05,10.290650590345802,6
16.860424348424175,3.616033869148613e-05,9.19470480660251,6
16.357354435685938,4.017640616529289e-05,7.939930279371013,6
17.427907816682946,2.2760126932289663e-05,9.688248443515686,6
16.596108712912248,2.831390715761029e-05,11.885492440704471,6
14.241143589667518,2.8748195967988232e-05,8.704833687450236,6
18.928486621797674,2.28945943852366e-05,10.059306122305603,6
17.5340505217659,3.4291477571130504e-05,10.008721639437208,6
15.512846019341373,2.535243668384438e-05,9.13926239864698,6
12.2565118632374,2.6357748543150277e-05,8.36337727363754,6
15.858166946844173,3.773689368301437e-05,10.00027562520938,6
15.34959800031249,3.3502034717548076e-05,9.19067703198648,6
17.24776647018838,2.6550340592833066e-05,9.058634916886712,6
14.664145165413643,2.972817423993081e-05,8.67524992763843,6
17.5703835571523,3.288602296010067e-05,7.416649502204043,6
15.744117929344103,2.999802268463738e-05,9.953232740112398,6
18.03660345568801,2.9181044677073687e-05,9.069906559892368,6
15.492631776912452,3.5142274850523e-05,8.565807507121399,6
15.760649600538892,2.905765340378796e-05,7.768185354495666,6
15.15230040501115,2.8453978226942294e-05,9.653103496045613,6
17.907325510748677,3.308451131255507e-05,9.840582411019353,6
17.998067093361087,2.277964388420832e-05,8.053178810108149,6
16.029033806666888,3.423697152043363e-05,9.36095512806221,6
16.47793235360829,2.8346031590790872e-05,9.045722110983764,6
17.581769472078584,2.7632096946798302e-05,10.057769188188194,6
16.345819284720744,2.9821726910131908e-05,7.769410599413267,6
19.309641426541035,2.6478431969693484e-05,10.300965196940695,6
15.564061069398363,3.7001997517014905e-05,8.987507650588155,6
16.624431636932716,2.9408462350167728e-05,9.14201316754368,6
13.307865566612824,2.2262620134425624e-05,8.136681369036983,6
13.954350324723002,2.5467243311968438e-05,7.126852375894117,6
17.066443999275553,1.3098829631245334e-05,9.952916235733943,6
16.224459474797502,3.321837678773592e-05,8.650129374809401,6
14.012297911251585,3.694438797388476e-05,8.477668172237925,6
19.512318471944216,2.834259474835992e-05,9.524803804850567,6
17.82337713903648,2.671233985411521e-05,8.111429280621351,6
19.4704757412145,3.526622818474212e-05,10.441653078538945,6
19.257716246076832,2.6721734527945948e-05,10.428038058690465,6
15.752063097973924,2.274984767387514e-05,9.607093068911157,6
16.52563039977314,3.402793295499563e-05,9.831757539387345,6
17.482762996136323,3.464925393733362e-05,9.327723334544292,6
15.373162737596962,3.2704084884712714e-05,9.265023499305412,6
14.96277573874753,2.904627255069887e-05,10.083049515504548,6
15.925690026807537,2.5826075449559625e-05,9.630637376281596,6
15.311428554892668,2.8550423026875244e-05,8.245275609716872,6
16.69522295585862,3.183226581860751e-05,8.533537705341509,6
14.337836032249717,2.8554918812881337e-05,8.733750561030847,6
14.442897125968253,3.2016334223827406e-05,8.445553640799417,6
14.167259260931978,2.973984956610099e-05,7.547953260241331,6
15.993973237882212,2.3165935221802205e-05,10.11051678513879,6
15.223585355742298,2.7739714878609095e-05,9.59935365062964,6
15.027656616880925,2.673433051857683e-05,8.405157489500946,6
17.29093057607264,2.567001897190289e-05,8.58466586135206,6
16.630896181873926,2.917523619377916e-05,8.512149936451438,6
17.021521602500467,3.3052526023407186e-05,9.669533599355137,6
18.295727995633648,3.0184561038092924e-05,8.734519456670466,6
17.02280167517131,3.22539178310929e-05,9.434252335249608,6
15.896272961227059,3.433858464752974e-05,8.033098796434407,6
16.797393371220988,3.7309089429510534e-05,9.032450192126573,6
13.255661192290134,3.3471901240810054e-05,6.169268125254815,6
15.317773723268493,2.503070194684665e-05,9.085026320634464,6
13.583896242717934,2.790108343223161e-05,8.164467522890638,6
18.807353260043012,2.8144626135863735e-05,10.699422348821432,6
17.422353215580607,2.832485174594013e-05,10.129641994062867,6
16.206869112238685,3.1260508367535075e-05,8.455011943670002,6
17.144600275955288,3.181370057534322e-05,10.278704688225684,6
17.53708039396523,2.8734703339147397e-05,9.138138042721351,6
18.45332401757785,1.9759919030837887e-05,9.71000455986343,6
18.19372425686812,2.9956006557939148e-05,10.018254473885191,6
14.780138120830815,2.568418011236684e-05,9.512256917129015,6
16.056050181338993,2.6660873553728423e-05,7.586613187758919,6
16.685807335693834,3.0381311900942078e-05,10.323274321589844,6
18.569005200950073,2.874910895155792e-05,9.628526245337254,6
16.980278751001276,2.5994767394698915e-05,9.021772891539529,6
16.21468011128889,2.612252703678572e-05,8.132641372034673,6
18.237861557312016,3.0512367938805063e-05,10.028068243706262,6
16.124195543290067,2.6462214919669313e-05,9.503489387488546,6
15.627735995949497,3.341314647082037e-05,9.369275019402751,6
16.904054689804685,1.5483781194231614e-05,9.009179239454022,6
16.535687212822538,2.5038248175999167e-05,9.92384807823308,6
17.120789845638335,2.459665633114181e-05,8.742069903297207,6
16.52263429973316,3.147334158919399e-05,9.87113535895569,6
13.868375932994756,3.2175000964546e-05,8.679427089313288,6
17.449992529688135,2.197516520613987e-05,9.315228496837928,6
15.827901083843264,3.7197880912271544e-05,8.224848378089447,6
18.405320342166608,3.34256832821875e-05,8.617288641343947,6
15.45752675361933,3.614925950559926e-05,8.00260620137263,6
16.28520177286291,3.1582357055061946e-05,9.042472006892725,6
14.110488020510626,3.410674100621956e-05,8.089442981455733,6
19.378641563297887,2.843178011940761e-05,10.627966327858598,6
18.56743190146252,3.260207302435346e-05,11.134063858363827,6
15.636454379741936,3.268503463594889e-05,8.27203310924565,6
17.34459156586889,2.8239069894420064e-05,9.791855673798105,6
17.1963481797098,3.022183170781561e-05,9.715684908117371,6
18.391886609661345,2.9930351461356576e-05,10.698245456639984,6
16.753595024062136,3.332673150773665e-05,8.851328616478522,6
17.784379863063503,2.8416024127231758e-05,8.966269789065322,6
18.331250868106405,2.9949410194669773e-05,9.658697542253382,6
17.622647651243263,2.7700279629019002e-05,8.398645765580106,6
13.803048170775355,3.109184815145299e-05,9.196738090658425,6
15.545370003238428,2.461027819382692e-05,8.002998553784435,6
17.729872458152116,2.3169506692804147e-05,9.447024194681463,6
16.408675400146127,3.391394192106723e-05,8.678669622286009,6
17.19149179919234,3.412461936694891e-05,8.387535486095892,6
16.324133401314583,2.938767236801731e-05,8.632030324732938,6
16.47720930053478,3.294176673188071e-05,9.565558945456422,6
16.102195947759313,2.7411501252190205e-05,9.662996560712374,6
14.638792559249069,3.0324821456220577e-05,8.515359510567848,6
18.288688854990188,3.163725849283691e-05,9.537820256909844,6
16.531343455668647,2.6572740097327284e-05,8.113475229073375,6
18.959131734386517,3.487533813231052e-05,9.85227091404422,6
17.243453630947652,2.5033322847353004e-05,7.971650345692288,6
19.30382007927709,2.9110277364067675e-05,9.180080944517714,6
17.607945785920556,3.532127244509573e-05,9.024922701712153,6
16.098375166762615,3.150776473007351e-05,9.65003128599869,6
16.53298805471435,2.4094273760048407e-05,8.711026392903216,6
18.13756091669275,3.501417833409876e-05,8.753894044323228,6
13.592576502640052,2.9476354741960972e-05,9.35691867159776,6
19.11678031967872,3.6294951861201786e-05,9.909382155238774,6
16.166807745982716,2.7514819628840748e-05,9.027894393683278,6
15.79049459377295,3.209806990690187e-05,7.781204321918348,6
13.008517499336541,3.0856374478870436e-05,8.086196216787194,6
16.686190400976866,2.3249812183293117e-05,8.521833703585513,6
18.565241337165272,3.197122953919943e-05,10.547301576276615,6
15.41899446797754,2.7821255642962657e-05,10.142653556922696,6
13.06510523186957,2.9660459252813286e-05,7.087314109189911,6
16.379391146221124,2.465089811210847e-05,9.456081245986185,6
14.788756819188523,3.544146572083937e-05,9.049709297480895,6
17.934729029085126,3.005623530930695e-05,9.71742093662791,6
14.334068096392446,3.884774450402534e-05,7.509192497531586,6
16.274166554814578,3.1711613022352764e-05,8.439165005111814,6
19.269031497206914,3.845992802391853e-05,10.48473198268949,6
17.403452091399764,3.90454253973603e-05,10.647379082825609,6
15.883833162079696,3.3223534950024304e-05,8.87645637376803,6
14.915282259499344,2.598975241731061e-05,8.810660769747786,6
15.999224895499935,2.994991407049158e-05,8.547826147745061,6
20.038162329414185,3.028259816085412e-05,9.649068970120696,6
15.842721702217405,2.3536916506460683e-05,10.342814973099282,6
13.837247660588904,3.539061093239207e-05,7.837259661795739,6
15.379089583703378,2.0995806892692834e-05,8.334632943253235,6
17.022822875689023,3.1269497803057254e-05,8.560863352897753,6
18.985986894768775,3.3088739796692296e-05,9.676803349296748,6
19.38631707055542,2.661072559349601e-05,10.592762733118029,6
15.6498410564036,2.9247077603303798e-05,8.617654112206978,6
14.5193986713888,2.875262533261954e-05,8.588052101368492,6
13.293995022339242,3.186500540816344e-05,7.774713272530368,6
15.647328610994077,2.9822338236950828e-05,7.850275822449046,6
