13.392220615004394,6.185400956319151e-05,3.2484155012159293,6
10.398547466370943,6.122274764672128e-05,2.8545627984413917,4
10.773254578007915,6.65521707549737e-05,3.4368998749762865,6
11.125040960125371,5.914183410757779e-05,2.5185024645291634,5
17.050676763861347,2.930049378777536e-05,9.329614852637091,6
9.405872032144991,6.270112877837446e-05,1.575616987007487,2
10.28236407183113,6.367033178545567e-05,3.61283784530786,6
14.393065711602514,7.220068233019988e-05,4.956715789357273,5
8.98678187720771,6.143900794415166e-05,1.7161972041800757,4
12.017428969129128,6.556182664039298e-05,3.0869841445395436,6
8.55406450178985,6.297890355606969e-05,3.5549915837539965,4
9.844271367570435,7.322080583172205e-05,3.595362013351229,5
12.071742446339858,7.274281208723679e-05,4.386129341257531,5
12.995928454175038,5.795513204869901e-05,5.049590659977835,6
11.447642972948168,7.046722276323704e-05,5.2460394095072775,6
9.873461932671816,6.360665261392312e-05,2.8022578229030297,6
10.599172207174718,6.468013470004335e-05,1.7079135913193082,4
11.822432809387003,6.581150376524496e-05,3.333045655686347,5
12.010561159697797,7.059958245290408e-05,3.9786898533530297,5
12.766404196090361,6.776824578200143e-05,3.729597011255042,5
9.717879275349722,7.076136859801114e-05,2.8693436733489497,6
13.374340992986546,5.8848368492026575e-05,2.1017299967716085,4
10.60275946194213,5.38674909580973e-05,4.2189968168338545,3
14.863187123993253,6.431330699571866e-05,4.699974767375667,3
8.608437588264003,6.801591296770211e-05,2.670536515720321,6
9.709697089130282,7.418415755942473e-05,0.7776711005873138,6
12.131944847360424,5.7561785388980495e-05,3.6142009347239523,5
12.540321670481404,6.105159582895167e-05,2.809889030480802,6
8.15691259738801,6.464845676336474e-05,1.0578598785841922,4
10.613562579205162,6.323247715433863e-05,3.5097450112950916,6
9.566764756793958,5.938678564430798e-05,2.6650807526685525,4
12.493018107686268,6.567854893129392e-05,3.7099837187318814,5
9.614466028708943,6.581298045904287e-05,2.464821580136398,5
11.34995151545147,6.132374580582723e-05,4.145240812867729,4
9.640452550876532,6.601412091600648e-05,3.0175220011715043,4
9.744370196405454,6.361828055744835e-05,2.675557033769433,5
12.722375132434994,5.2622289798020615e-05,3.832837648541274,5
12.04847682967669,7.39117527675474e-05,3.791437424193704,6
13.219089863204077,6.599360555948215e-05,4.49636848503613,6
12.706627402245086,7.194974191817838e-05,5.447961354512948,6
10.72638127193249,7.050361880287132e-05,2.995674197167558,5
11.27774678317335,6.478812749583244e-05,3.8877253876406477,6
10.109615705243407,5.088552630981068e-05,4.1011019205952515,6
10.254457785018094,5.365432573415198e-05,2.8419761671089594,6
13.873685992509714,5.842308851529774e-05,4.617370734590789,6
11.53058710420071,6.486690212433136e-05,3.5315891861428974,6
10.863158084088793,7.536513744991922e-05,2.470432310450576,4
14.615561566702691,7.038788724504534e-05,5.952070144450432,6
9.998799739731062,6.557218224859174e-05,3.1204534943661697,5
10.572643632940958,6.027734017292994e-05,3.367788395819767,3
11.657206122233859,6.697315494613194e-05,3.688953161685296,3
8.262619236763609,7.125336425687873e-05,3.408063237987087,4
11.800513904993398,6.0468632477642556e-05,4.044379313880263,5
10.226857141748944,6.882792286387889e-05,3.5455841316816117,6
10.189942101980147,7.08562736492274e-05,3.2405932018662487,4
12.738886555045216,5.1515109460917385e-05,3.329558113410961,6
10.921631888433398,5.21507625001805e-05,4.207898022380721,4
10.854390535496798,5.222083790521648e-05,2.697026652811571,6
9.392977193743206,6.926887711701943e-05,3.740055275955607,6
10.853864451749033,5.616944264501828e-05,3.1218500257416766,5
10.862368547023147,6.35892411834457e-05,3.159631938761264,5
12.883803733433925,5.429628010258343e-05,3.4460054486278793,4
10.594172140876776,7.518029641793564e-05,4.178115399390802,6
9.639821067164851,5.895267502978214e-05,3.071636298515598,5
10.124014892666747,5.857845236502861e-05,1.8698115441241325,3
11.8536317662098,5.5843519522887296e-05,4.740080193571849,6
11.111079019930266,6.452255460027075e-05,3.2492835657675245,5
9.755221581192393,6.090326162893178e-05,3.683650449196426,6
10.607440727336055,6.607408972628106e-05,5.032149132926866,5
9.402797541298067,6.10267413021172e-05,3.1729445443458424,4
12.176804181992232,7.002298173057746e-05,3.3087317380127113,5
11.930130921694342,6.67663623803733e-05,4.769112771457362,6
11.737030597421024,6.0033995791872964e-05,3.6500898760660974,6
9.72628450747367,5.863072707899128e-05,4.019418039764506,6
10.845049115036765,7.107986290513559e-05,3.935934752797733,4
10.338193920775758,6.326955081822738e-05,4.369082982168975,6
9.785685115222723,6.534291228681822e-05,3.154850616549081,6
10.63275942430337,7.734409691979573e-05,3.217051776932885,5
13.645992827277855,6.566344531389474e-05,3.9047782060496106,3
10.413238756201785,6.533473405285429e-05,3.486672145607643,6
9.868160061050192,4.9720479806435934e-05,2.1907649153955226,6
11.608883943139764,7.595949974962231e-05,2.9304352346835607,6
12.781879752211708,5.996332427739466e-05,4.120230963546595,6
7.527312103288935,6.07615410678298e-05,0.7924451106743555,4
9.359791699607134,6.944114161703604e-05,3.130124423203082,5
10.92287800475987,6.075270617459785e-05,4.1960887678233725,4
10.73441649427258,6.375859629746747e-05,3.9871125603572106,5
14.244895116400066,4.9767687744174286e-05,4.000102762180628,6
10.519844685557743,6.859357628944769e-05,1.3442380906244282,6
7.591283695662364,7.181430084298254e-05,2.269320640147363,2
10.626808602815537,6.221949031330959e-05,3.649378846469159,6
12.706415629880887,5.4910163278674673e-05,5.494960329024984,5
11.604804376325847,6.34171819220535e-05,4.047515306898803,5
13.681115014841588,5.536129397411942e-05,6.385003577100869,6
10.481236866511164,6.97871439032311e-05,1.4607826789379341,3
13.769935560759084,5.487069397398777e-05,4.3189478206871295,5
9.332281950245148,5.549168685882778e-05,1.5594275121383707,2
11.18544078633757,6.186211253062644e-05,4.5298877448373664,5
9.060434162131187,5.5809341305207574e-05,2.182598131916163,4
9.510049428438201,6.453409186171142e-05,2.9471032389400915,5
10.507762291415643,6.439618087394782e-05,2.3840059129362894,5
12.233804782896176,6.612881104759837e-05,4.261421589684857,5
13.366581892148576,6.148149820709605e-05,2.8986852565928913,5
11.087248255623292,7.197020697813526e-05,5.219315566438487,6
10.475313595313953,5.374978954134509e-05,3.6812075324245734,5
10.531464948394229,5.948987979372301e-05,3.1684352148946475,5
12.781288705977326,6.940556529802984e-05,4.021796117488892,4
13.23174650785673,6.57218908937681e-05,2.808680247035303,6
11.865688452583234,6.030142618590038e-05,3.2621232946249386,6
9.288529922438112,5.529938138527909e-05,1.862508821218835,4
11.48434193254324,5.7954815134163274e-05,4.683738951273988,6
10.43022586522402,6.264570495530077e-05,3.8614963833932254,5
11.098543196881312,6.355970826852966e-05,3.4437728955663682,5
11.216007553629705,6.212050311906088e-05,2.490812430854873,4
9.538545463519503,7.533795901234507e-05,4.036737987468543,6
11.366652591254466,6.349509674147453e-05,3.260320019203338,6
14.989842012065454,6.765839885156996e-05,5.093303593464847,6
11.902219400305697,6.302370273590142e-05,4.244572925082991,6
11.371721891896554,6.533351577023152e-05,3.209448606731227,5
10.660652051439703,4.954381944138735e-05,5.009214994951744,6
11.726085792745518,5.619175796285211e-05,3.8904118185590857,6
9.000751268415549,6.794710066943777e-05,3.188017593601417,5
9.854949318259552,5.9482554115048826e-05,3.5812697181411943,4
12.157068740610944,6.388369631453309e-05,4.833999970752618,4
11.192168877474776,3.341181184915148e-05,4.469229537356194,6
8.644979256919266,7.41502467906496e-05,1.758456792592509,3
9.570301378809537,6.682400025453832e-05,2.0267711369819614,4
12.442830423218107,6.155116223316535e-05,3.0362333524734613,4
10.848879782616025,6.238565597766073e-05,1.8777419198212466,4
11.557304420343776,7.599859297767267e-05,2.923939833251426,4
10.46770496469125,6.942663289743717e-05,2.253536459445862,3
10.33648007874426,5.061997256135704e-05,2.834930133587883,4
9.035682155567786,5.7502271718404395e-05,3.1271420658064546,5
12.821491643900055,6.31681955361117e-05,5.289857932999387,5
8.025663970106464,6.221430488811281e-05,1.0880409733403624,6
9.423569347916251,6.24885365531854e-05,3.000267686285804,3
10.939814793525446,5.924863520670439e-05,4.899195026777099,6
11.633389845416616,6.45064755035409e-05,3.156273156686521,5
8.56720296416252,6.582982109106338e-05,2.6114194148224814,5
10.612834740784995,5.9920347753266066e-05,2.526481611679881,5
10.338712097032323,6.0805143991648816e-05,3.537702952137657,3
12.999251142142732,5.4638920521484485e-05,3.788639274804875,5
12.614546224859989,6.893643458060739e-05,4.705912791426626,5
9.852530837377586,6.687671370397954e-05,2.747302646871235,4
11.093094928087627,6.93807776608155e-05,2.3160496373282555,6
8.53742515547724,7.52514316626307e-05,3.8122174081517635,4
13.363239938624629,5.5371523887715885e-05,4.536558200221941,6
9.356077564506112,6.792059810903229e-05,2.980878026131777,5
10.219793846058232,6.843229352307061e-05,3.8246245408628026,6
9.037801763072736,7.55604740998994e-05,2.9430933157310335,5
12.514450995136421,6.246123940692515e-05,4.275474790430391,3
8.747907689578103,7.161784603486279e-05,2.1429602877831746,3
10.82324468398018,5.9605666204874174e-05,4.333542997941114,2
14.063751630700121,6.554639350828523e-05,5.157623796548218,5
13.515001943740518,2.874473227335985e-05,6.041657413237968,6
7.81635075070804,5.777980637752813e-05,2.6337215988381413,6
11.121545859869922,6.448104849023309e-05,2.2757175994195906,2
10.6262356948044,5.0624662643535416e-05,2.05035497203465,2
13.284004446714532,6.339704959082628e-05,4.357291959632988,6
10.195448044738091,6.643246756532846e-05,4.097318069138364,5
10.066331012449227,5.761452991335414e-05,2.339627750283218,2
9.71489347475749,6.683648044129137e-05,2.462214078667238,4
12.741268953886767,6.137726649009931e-05,4.156988249951983,4
12.53008595060798,6.450530040946151e-05,5.681973909847071,6
9.51319181255569,5.510966011802574e-05,3.498647066238665,3
9.755246049915492,6.945775684083754e-05,3.1873051743605574,6
12.595885970973757,5.883493713732985e-05,3.748257653245139,5
11.256573892636965,4.7316336200961634e-05,4.984207240629955,6
16.669963370034846,5.5374435484894106e-05,7.426185424009625,6
10.12919449988668,6.270800377755147e-05,4.780515689283442,5
14.87536940060906,6.114657985613564e-05,5.08236952567416,6
10.790903419770416,7.089920085119478e-05,4.025841726527146,6
10.551733068113357,5.18310506230583e-05,3.953492897468574,6
7.669676696765309,6.438726242450694e-05,2.943876974441907,5
11.389303058298067,6.201091773099058e-05,4.628064976521207,5
14.232115732145047,6.94276628435206e-05,5.070325591374091,6
13.098032864968594,6.02346715874821e-05,5.661117570256659,6
10.534957090463326,5.7842912595985156e-05,5.125046904147096,5
10.485785789390732,6.543202083570578e-05,5.636171797812534,6
10.878278153773781,6.444215101039994e-05,2.5285452491710823,6
9.746770334207849,5.880583072778008e-05,2.6305972224461707,5
9.836084763355363,6.108883826508485e-05,3.285510889472145,4
9.964364638211062,6.813564191084144e-05,2.768603680696059,4
12.922978533827985,5.834829775977281e-05,5.290731867320198,5
11.648043345972482,6.168424925990676e-05,4.170301727396378,6
12.609124695817524,6.620017329469775e-05,4.33295495362524,5
13.05729480566425,6.75186406136943e-05,4.4961376348986395,6
13.498595572389462,7.826904489307256e-05,5.0637075925737784,6
10.518563854744142,6.12113736555186e-05,2.613619025677669,4
10.021778552846332,7.078340600921756e-05,3.1599145748713555,3
12.082394429477242,7.615788755598758e-05,4.0918975646528715,6
11.112798610864877,5.795663655243005e-05,4.790933681562333,6
10.38729518790744,7.456435581696954e-05,3.9333895039879003,4
9.040685046814874,6.884258819777972e-05,3.627554899497154,4
14.151993519743678,5.173339573160833e-05,5.70657130527842,5
13.354023017730455,6.943681013936509e-05,4.432835438221343,6
12.231983024531605,6.95899242973159e-05,3.2612418303455586,5
8.332624790607365,6.435874951228712e-05,2.0576281620057952,4
8.180775698224732,6.280304145565637e-05,2.430989087653056,4
9.465455977680689,7.170862251086786e-05,3.0384647943142324,5
8.437388895858245,6.497338255325473e-05,2.675839425409699,5
10.08240950057113,6.105217083064726e-05,3.5477872395224943,4
10.459010456696948,6.033724435472297e-05,3.331473177045874,5
12.031489879918155,6.35360840439415e-05,4.032833301096701,4
9.92588826348462,7.544846459816577e-05,2.5661753033318444,4
13.23534699266957,6.588200612839059e-05,5.182408094336143,6
10.641856065479795,5.406239560259354e-05,2.4670054028413,4
8.299619018262362,5.3850819202517366e-05,2.3494371284790634,3
12.410153186802681,6.157348164240202e-05,5.272300343980653,6
8.887965870682125,6.185593426583766e-05,4.28660373295749,6
10.072623343525999,6.00988483890142e-05,2.0368049678066367,4
14.265727886404608,6.582406718455859e-05,5.440589330977358,6
11.913167795901874,5.165185996511744e-05,3.3170101672890175,6
11.050335857384566,5.876486240183946e-05,2.9107599444382926,4
10.476022002966324,5.93877329655285e-05,2.6781444733483397,5
7.6863063961840945,5.7274771437545714e-05,1.6046758147448557,3
10.720233632283133,6.090125181680026e-05,2.0792874314843384,3
10.20227032753391,6.010357720946393e-05,2.811024352570506,4
10.12965213932185,5.899108698090103e-05,1.549638339820046,4
10.150791244165061,7.512580788576711e-05,2.333936455994759,2
10.202296232888898,6.042182301063383e-05,2.6014808177966424,5
12.61256542608027,6.305032102246458e-05,4.522061553462879,5
5.98587665510002,7.715938570203881e-05,1.7316367387468083,5
11.107714868530934,5.840284928564207e-05,4.616251707674606,4
11.887499770408967,7.568471856166113e-05,4.59710421073273,4
11.323585267614884,7.636166396910718e-05,2.6090741117403042,4
8.442624643112834,6.970888273240868e-05,2.921375190233606,4
13.184721872764543,6.294146329260139e-05,3.2574185466171848,5
10.681833303711985,6.187631553216828e-05,1.936680568116786,3
13.595226024869772,7.170002409458986e-05,5.288340790178491,6
11.27394365223588,6.286977734675536e-05,3.504858565028422,6
11.222391111563008,5.9882640332298626e-05,3.5990137540518807,4
9.90642521988022,5.927667048364167e-05,3.3573414608383754,5
12.452467286883914,6.369577917179697e-05,4.685727066606349,6
12.419243946177062,5.920105453152947e-05,3.690851179079333,6
11.148462585549717,6.814836637121833e-05,2.4626760688652363,5
11.096092425504569,7.062155392680117e-05,2.6096450322060174,4
12.047720067623253,6.526760836532125e-05,4.271264510777006,5
8.888648281042705,7.703688362252927e-05,2.626392383311255,6
12.282261563620846,6.242764005807017e-05,3.3012566204750198,3
13.900532679246936,6.48572195601506e-05,4.813544172762601,5
10.47058280011773,7.31174922628436e-05,1.7255122517505999,6
13.087707946194987,5.6013215953328144e-05,4.061279409105003,4
7.831010505751706,6.942312004225918e-05,1.3004215141514008,3
7.9149005091469276,7.121455682867877e-05,2.49602492588398,4
9.916737362374354,5.2397179518766795e-05,3.322913299514175,6
11.395326511193279,7.327503483757649e-05,3.3880228638211936,6
11.975863621879808,5.8466130450767456e-05,4.8095618599659415,5
11.465965979030784,6.60662137083405e-05,4.8050357894949975,4
12.150790964599132,6.614454633702154e-05,3.9189016560297976,6
11.05122089430772,6.743791706294387e-05,2.6347935614109064,6
9.671583063439169,7.08588040181716e-05,2.5337228867263164,3
11.028834021710756,6.122212421011655e-05,3.7143733782047583,3
8.346057287239486,6.99151572213319e-05,1.7254284411266827,4
12.09155327567218,7.040639652130284e-05,3.819556053241487,3
10.474045533157271,5.85809530951027e-05,3.8100622437539915,4
12.954893667108255,7.661940962965525e-05,5.2560901763038235,3
12.357080501672055,6.027148921222137e-05,3.247680233807093,5
11.978704567989716,6.519632707695697e-05,1.549200539921833,4
9.089283339818028,6.49025934800643e-05,1.9321158190258862,3
11.07372472948622,6.131723002031684e-05,4.974293783296838,6
14.449799657683721,6.020034295775308e-05,4.685295120943984,6
12.064951764160114,6.25396796771386e-05,1.8387878177663517,6
9.847988517833588,6.45796540944293e-05,2.86258100779855,4
10.668691795029527,6.281555087141733e-05,1.847592411450848,3
9.66055069036175,5.53496964625218e-05,2.7661386393918423,6
11.171619426315361,6.636647746228422e-05,4.59161671735154,6
12.386234961810535,7.45269702522454e-05,4.072580929205582,5
10.505791109750758,6.384604551208722e-05,4.281877129552052,6
12.474898115689914,6.13832933414172e-05,5.0267489607102,6
9.110411883551953,6.28030954036829e-05,2.7756326354677876,4
10.09773923227376,6.401488061932402e-05,0.8826849781735433,5
11.767204366255228,6.052664176025502e-05,2.798579756780673,4
13.804489638333425,6.848326416212155e-05,6.496989607739842,6
11.154565264269834,7.277767870394328e-05,4.13612826255099,6
9.610564922315076,6.850476551609539e-05,2.9325917138626334,5
13.985116362396235,6.273885208263916e-05,5.09026811946033,6
12.333746433930711,6.480024936047967e-05,4.203120024724857,6
12.592777016688677,7.797148567854285e-05,3.629241675743968,6
10.30172426989385,6.18032138679068e-05,2.38505322633898,3
11.52205011228235,6.837072783067271e-05,2.74831954396076,6
11.484920134387318,6.762991270066125e-05,5.361808521682421,6
10.9170284378967,6.861836531688198e-05,1.8546049205013282,6
9.843096456713484,7.433603552686234e-05,3.2375805333918173,4
11.272102563505168,5.755047819298374e-05,3.6799854406457118,3
11.104268926717133,6.70245313152784e-05,4.143626713747455,5
11.696157664717436,7.096863248204176e-05,4.296094299223196,4
9.066748496484783,7.065209713522776e-05,2.1999746944996175,4
11.07159159892119,6.622950518869683e-05,3.2786226947733965,6
9.410586263650412,6.730558319634074e-05,2.13281868958574,3
11.945932748290511,6.916010463199158e-05,3.3943374029297075,6
8.356258171120164,6.668345416458314e-05,1.9039898609792216,5
12.723153067226749,6.121970911209567e-05,3.8629587889608166,5
13.47574086847827,7.214090089582593e-05,5.650457699173706,6
12.66092468976188,7.228799297961355e-05,2.768072623228416,5
12.406153497001737,6.293441278190565e-05,5.057720827493372,3
15.537621494737799,6.988881670843018e-05,6.509334087543437,6
13.336930298140413,6.661031429923013e-05,4.676331155989559,6
8.147381326633571,5.9645079043043983e-05,1.6949564039453784,5
10.825692386916268,5.671825334310054e-05,2.855469173521644,3
16.601351233720482,6.125945807897858e-05,7.027869958472691,6
9.892587831083064,6.493602405963717e-05,2.4997022805667526,4
10.640849732533265,6.165163445822398e-05,4.454732124583105,5
10.86272804743663,5.9726761431370555e-05,2.7388848178556433,5
8.28347075226893,6.369280939428873e-05,1.943533943775873,4
10.1908461060315,5.35238073165991e-05,3.1966805709196953,6
10.404732370821145,6.357084712208117e-05,2.66529312901391,4
14.101641399327564,6.666050215218042e-05,4.497192095562728,6
11.525000386749708,6.805051192576185e-05,3.345919631111453,4
10.009580569782258,7.026898077949471e-05,2.794052044488474,6
9.838277444285325,7.262442810519858e-05,2.0456926521851293,6
11.061915516348218,6.793033571291195e-05,3.786491131761206,6
9.2379836726856,5.944742540005458e-05,4.245419835412852,4
9.83605406345388,6.453344874233297e-05,1.1256076848333896,3
8.303935355631378,5.413791232298527e-05,2.8163474756778886,4
11.422364537200377,5.39809656642439e-05,2.8076364065665067,6
11.837740065143096,5.6801743864885244e-05,4.788391863162541,6
8.944739991961761,5.261168713886012e-05,2.79731266547218,5
9.607209383751915,7.399126067770581e-05,3.2284375816926745,6
12.534507791420658,5.817765615694309e-05,3.99494738130641,4
11.115163221574308,5.781118157102586e-05,3.6106737004195835,5
9.220738043061669,5.194896104208998e-05,2.0409261489865744,2
7.688459601771986,6.019135944116878e-05,2.5466049950149006,6
11.554583693454639,5.888480183459143e-05,3.3707784113491144,4
12.935030205674066,5.286507647645925e-05,3.670409831077804,5
10.559218267138846,6.776368487991338e-05,3.399328804550238,6
12.248189721738223,6.201014441070862e-05,3.559849252218338,6
8.651863463189096,4.798604020125102e-05,1.578761991029151,4
11.999873326539637,5.658196391420841e-05,6.048199182447208,6
9.750655726103162,5.59100499812926e-05,3.5334873311696615,3
11.207556133793844,6.304418334570349e-05,2.2760448915542666,5
7.562940654371218,6.270848272834108e-05,2.1885260702808176,3
11.659406149182962,6.023919735740329e-05,3.3483265863718104,4
8.830120699115138,7.079455862666679e-05,2.1446899288216508,4
11.621050608664575,7.628128840587841e-05,4.101351736936647,6
5.6396704924437895,6.77999230394798e-05,1.3445212492163099,4
11.351207727350038,6.297928166674658e-05,1.8860457917599092,5
13.268482778503653,6.079908178674929e-05,4.263919093468877,6
12.41708669790285,6.122310845588645e-05,3.9076853898479023,6
9.973339921002603,7.157741407358713e-05,3.8573962930925925,4
12.091392016957366,5.670364561039585e-05,4.4894987236329085,6
11.360921381751556,6.246262525704651e-05,3.5430351618743687,4
11.281372449011219,5.95011178792198e-05,3.024102799318323,4
5.920019048457489,5.715549672569527e-05,1.3112416298008085,5
12.956459675793141,5.574810698552703e-05,3.5210749087154585,5
9.434406144752284,6.69064729345003e-05,3.342799727149027,4
10.50003565063448,6.914451591438043e-05,2.9761331392344896,6
11.755006823916435,6.814168450549064e-05,3.6977035438928962,5
11.577901068848352,7.150988026712142e-05,3.015685912081315,6
9.785280572723575,5.285350235682773e-05,4.005471880889778,6
11.342192505004038,5.6920391940110355e-05,2.71825799157893,6
7.177639131241223,6.312876026593609e-05,2.603547833560045,5
11.377059512417807,5.90997305696871e-05,4.982525685653195,6
9.631090048976334,6.973067312890072e-05,2.179503415085377,5
10.935643636777366,5.5554075554277404e-05,3.383472993094222,5
11.759779996974,7.272215598940791e-05,2.164760780238707,5
12.40261544285339,6.0869963323205144e-05,4.639970864610949,5
8.64877839776308,6.0366809537531646e-05,1.2972563795072412,5
11.323374053656774,6.261619212445191e-05,3.49990739470652,4
10.799131331026034,7.021850605499908e-05,3.1646706251068792,4
11.352058898352446,5.83947577135056e-05,3.3195589947070494,4
11.252260550796779,6.054432519293531e-05,1.783085393493892,5
11.261556390480102,5.899996726977622e-05,3.543156778733099,6
9.170484953477676,6.3901719661802e-05,2.6165337385786858,3
9.651024712060611,5.9279273239394245e-05,2.638599937639462,6
14.286021267729664,6.407379079239398e-05,5.76288417506323,5
10.664242245991232,7.983444202044815e-05,1.269404806693852,2
13.419610350793821,7.402267313338607e-05,4.414731158688053,6
10.087838329523727,6.933356881355519e-05,3.5298067326725757,5
10.074748191932706,5.425782694591433e-05,3.4871569028481804,6
10.28549673220223,5.572103852963351e-05,1.615182512943813,4
11.760548352966829,6.435526787253462e-05,1.4767077052170157,5
11.836696340694452,7.463402671587908e-05,2.7311609418352276,6
11.155930253972542,6.861508679130898e-05,2.859230703590514,5
12.77211546660575,6.45615561811591e-05,5.377391468470515,6
12.276628856658546,5.8468090295430356e-05,4.4332876341331495,6
8.599418790578822,6.21857028927034e-05,2.19327002948267,5
10.243021027586686,7.915492916252883e-05,2.603587140326817,5
15.523425198552745,6.0139795245333345e-05,5.121612857855906,6
11.24874096050893,5.58707102226212e-05,3.1995678202143294,6
9.832675809406656,7.809807705604791e-05,3.206540958635845,5
11.221076976851453,5.02507125692943e-05,4.777500005088298,6
11.11464731978078,6.513530787642991e-05,3.8470503610838547,4
9.226295393489929,6.097382658848756e-05,4.566624390157753,6
9.01972786429158,6.589702414552413e-05,1.6667440855145774,3
11.260296090965856,6.069273173965947e-05,3.8102004992317764,5
8.111602021435939,6.300423336804472e-05,2.452222048871893,4
9.15040954993184,5.056891954674412e-05,3.4453376482856144,5
9.354860927640493,6.197456641028558e-05,3.044633834233099,4
11.318677286139604,5.970966236703283e-05,3.087817567266237,4
10.323779219361471,7.601032838202428e-05,3.657152518587136,6
10.289103897352117,7.075351188930676e-05,3.023893174907256,6
8.751045582533218,6.741858590790746e-05,3.4206809664701767,6
12.915050589183867,6.080882221292282e-05,3.4159574147155887,3
12.705883875442922,7.076817477419143e-05,4.258653923442888,4
11.831494599723834,7.082297210442824e-05,4.256877476292459,6
10.284570105064368,6.117922773291925e-05,3.4492403692384377,3
10.819900688392009,5.355882925685076e-05,3.1801867883693538,6
7.90884256269685,7.785443042126928e-05,2.798511794440537,6
8.335681435331322,6.547331437538384e-05,1.830274754918821,3
10.421744200948693,6.36242076078165e-05,2.226362505419938,6
9.579289824841995,5.552264063601506e-05,2.5776219029637306,6
10.92882959828892,5.939437688199309e-05,4.031616927432332,6
12.49736640355269,4.512552634196611e-05,2.564689687923633,6
9.517554967103342,5.8040512134744816e-05,1.9776046855560505,5
9.947324931775677,7.133408707808653e-05,3.228342241860263,6
10.718246285233906,5.899352884420213e-05,3.9869976854929687,6
10.67666318922419,6.955622173211968e-05,2.686932315072063,6
8.852058368505064,5.746199312635438e-05,2.6118574805182506,4
13.775923564701976,6.623207705042223e-05,4.810446120513733,6
10.515771670748816,7.218407433454108e-05,3.33403159884784,6
10.663077910005953,6.694298962380441e-05,3.5111764028072243,6
8.441025986258287,5.82872741947336e-05,3.2140771786580347,5
11.571728845124547,5.747150663608922e-05,4.797744944552178,6
9.024267204177685,7.121703242426303e-05,2.4124820741936253,5
13.690640427269702,6.259652725573553e-05,4.456804877018339,6
14.177224646826435,5.492805808374269e-05,6.717684700783991,6
8.491893890138133,6.441641383385312e-05,2.1441915600719534,6
8.967808684521763,6.199800821472007e-05,3.7418406328090565,6
11.02540794677551,6.152351100118895e-05,4.161898269265905,5
11.441488369522371,6.657436754861557e-05,3.682657808317394,6
11.3988523087521,6.93883108626579e-05,3.6336700490856093,6
11.428573015907393,5.93061030783295e-05,3.9979852703819008,6
11.057685109443304,5.766252762472941e-05,4.383881505187947,6
8.519589623899808,6.655218617428246e-05,4.6314669141088025,6
13.020562636427552,5.430544552834908e-05,4.4461400770933,6
9.411895353506424,6.890376673487451e-05,3.756732127215461,6
9.543949579229192,6.208323947014487e-05,4.096100034702408,6
9.603396550319388,7.50077044382513e-05,3.355415329454367,6
12.784154969676292,5.497728227787868e-05,4.171890996821044,6
13.179895259697302,5.6011817272168326e-05,4.861764737421668,6
15.445863678106686,5.4257930847911364e-05,6.240807267603892,6
9.829328479998964,5.919773044975685e-05,3.1705150078134428,6
11.559985256919912,5.4363261852829006e-05,4.422472721705088,6
13.708032697035494,6.541966702089261e-05,6.070819264058778,6
9.730738451011051,6.98365140188428e-05,4.053715240076346,6
13.534311321360875,3.2947292564164025e-05,5.895811362697508,6
9.216157649299154,7.579789295336267e-05,1.8819638736947355,4
13.426223662307448,5.306539655005064e-05,3.847801095132872,6
15.794384429419898,5.3795794497267905e-05,5.061594516689535,5
13.941656273343236,4.622403538733015e-05,7.375731574653738,6
12.221168091632542,4.958805591391921e-05,3.3229844040439733,6
11.942899745714131,5.212145664252602e-05,8.278434910725291,6
13.754028472379758,7.123251568494242e-05,6.808715171172135,6
13.697787886054144,5.028233047303638e-05,5.739610970440705,6
17.036707546430883,3.082107825387785e-05,10.238232024432941,6
11.66070833767704,7.781422185902255e-05,4.87870038162744,6
17.166092741030003,4.28962917769825e-05,6.348692748284833,6
10.428580351477523,5.954853872222638e-05,4.239801745705735,6
9.429204654818669,5.3791808193269294e-05,3.544606205901519,4
9.454201069379486,6.999677562871264e-05,3.1000080615119887,5
10.066775277222078,4.631906046129329e-05,3.7278280323203785,6
11.951047903237685,6.421473640333666e-05,3.643499284289512,5
13.36952239347406,5.672151557390028e-05,5.558420929065669,6
11.687300600761898,7.161827756079338e-05,1.9509382893245277,6
10.532124371530236,6.116252595107301e-05,3.580375331942653,6
8.610942945827892,6.885396680939947e-05,2.739885775507343,6
11.743874761542694,6.791795332923721e-05,3.623085531824988,4
11.332144305325972,7.416781145325063e-05,3.899302804384705,6
9.913357139736393,6.358000320582304e-05,4.224454419273757,6
8.028406686705711,5.972414071156625e-05,1.5152144400417662,6
11.663663404190695,6.065674029731072e-05,3.7184339509180035,3
9.651083004722535,6.622043639389076e-05,2.6274578469405543,4
13.424492529928541,6.440358307443143e-05,5.437692453695926,5
9.86781261657948,6.037356116678713e-05,3.407153816236404,6
9.78472117825722,6.360207906682971e-05,2.6251176733930337,6
13.13632616495179,7.279715732214406e-05,4.6534621331043,6
8.79397875797148,6.768734650116856e-05,2.095963399155689,5
10.374527240637438,5.261113049243669e-05,3.522732157593893,6
14.766751824513138,6.760873340791824e-05,4.999643839169878,6
7.8277794543342045,5.9851337673141686e-05,2.634490561161817,5
11.259058029320101,6.279134742669896e-05,3.729330745368764,6
10.885269555889574,5.824282344725194e-05,2.965693151893457,6
14.319088171666015,6.58640136149494e-05,5.449755564421768,6
10.633484298594613,6.716369058280435e-05,4.12876449249909,4
8.338704761188431,5.4372367560130295e-05,3.440295302753263,6
12.100902133093648,7.036087079205778e-05,4.154760499633473,6
13.331886318092605,6.837635569497281e-05,4.832866140315262,6
12.30868508639836,6.321658429186443e-05,3.4014100249691315,6
7.894365452391941,5.95960838781287e-05,2.2261427594508727,5
12.775378571299152,7.528850543358129e-05,3.025894832247003,6
11.843076299959158,5.5301103993055234e-05,4.516917313929451,5
9.115804688442685,5.9669127282234205e-05,2.45063857210479,4
14.54871532899491,6.458118063649354e-05,3.7565994238093863,4
11.14938255601147,5.534761952405357e-05,3.334681008965629,4
11.832202156927547,6.356113348522973e-05,4.547869449026036,6
8.806520378509575,6.557767206317686e-05,1.2507287537231662,5
9.389315759782335,6.21686464316474e-05,2.0868023902669317,4
11.397387316811209,6.360421594043049e-05,3.488410659544659,6
11.369546098190847,6.382037496369586e-05,2.4135696073514046,4
11.977331262956948,6.651494710629127e-05,5.358161113489654,6
10.893613254813589,6.789793325531735e-05,3.7843870733857266,5
10.775166492703335,6.438388685476291e-05,3.110486001793286,4
10.805222643907223,6.71798591808134e-05,3.227552818025427,4
10.621394481851425,5.045870866091353e-05,2.9239138885680225,5
10.442814317319405,6.891456177201608e-05,1.1412548514458298,4
9.891640654354966,5.987460238388891e-05,4.092311443747369,4
12.391839904380273,5.1883942111725104e-05,3.3317949321050078,3
13.572929374922033,5.839731743633599e-05,6.124161948063118,6
9.737550706619444,6.041660412211442e-05,2.0044328980770363,4
10.640779807441563,6.267888536849302e-05,4.452483053987284,5
11.058472509386217,7.266020355703413e-05,1.8416038047800944,4
12.382232657347847,6.319169317723534e-05,4.103119465192776,6
11.201521499182194,7.081779450410846e-05,3.5245297106961218,4
9.046210092068488,7.135971597672148e-05,3.3465389015694833,6
8.593966098473151,5.97664539143512e-05,2.374737341263417,4
11.077876003481272,5.2062650204983554e-05,2.6063918020672805,5
10.054179438506209,5.857576030045086e-05,3.5530734380734086,5
11.474262457392154,6.538088213183382e-05,3.1138729125853235,5
14.227458739747057,6.585263094435955e-05,5.094463565491189,4
8.746872880235644,6.558516169292288e-05,1.5265769345860187,4
13.952890786767853,7.42065575173472e-05,4.67717328355818,6
9.664058022917422,4.815565064368422e-05,2.392411139411223,5
12.562383824851926,6.74352779040073e-05,5.302839724945745,6
8.298196620851908,5.7015402816030025e-05,1.7504528109460182,5
9.023927549824506,6.599904263833122e-05,1.5890530652080055,5
11.430081249856151,6.20212226435028e-05,3.517118599190842,6
11.707514338181777,5.988725630046806e-05,3.9186246246005383,3
10.223857744378195,6.530944690803365e-05,3.8454361571810214,6
10.001119325110668,6.648027055216562e-05,4.788983728713039,6
12.69942463214829,5.8822851254036885e-05,4.243461631752259,6
11.638693708003194,6.600792144140224e-05,4.016465718405706,6
10.611298193863252,5.063740114791657e-05,3.653930607749667,4
10.348192003036548,6.421951805408272e-05,5.335055688958145,6
10.555569442146743,6.184507508221065e-05,1.8592419391357522,6
11.279990627824022,7.20249345633405e-05,3.298543172828145,6
12.213698362190927,6.807030850680406e-05,5.279861035839363,6
11.924970305616764,6.565447303840175e-05,2.6859759900184255,4
11.250275771611925,6.423298646758709e-05,3.264041374106278,5
10.896980317199974,7.731954150045694e-05,3.9509235297571035,6
11.074130469434394,6.502991471488147e-05,4.001648226393675,5
10.63152508722171,6.372594097030084e-05,3.9596390062930134,5
11.185567092927524,5.128987674056473e-05,4.020630755900029,5
10.733698947083159,5.9531921396933485e-05,3.129200448446784,5
10.414575895036027,6.347770460357552e-05,3.867223380581809,6
10.546118702867176,6.31742665882793e-05,3.4018476819796017,6
8.74937735776017,7.094422512244134e-05,3.6116316954645753,6
9.047679367701027,5.4262741301891484e-05,1.7680204170927614,4
12.281162985103496,6.271421238872562e-05,3.241380180459661,5
9.786826036895834,6.467630942618387e-05,3.515897704625748,4
13.244267065773023,6.955511468567844e-05,6.110634280955653,6
11.245791535857542,6.864852120136947e-05,2.987543646577318,6
9.646804862575426,7.033022130639968e-05,4.333229391584693,5
12.06990885121482,6.437335004098009e-05,3.5704285542012824,5
11.014421149149706,6.451644088532824e-05,3.5631176297462503,6
10.825579850373805,6.668432751061933e-05,4.494348926285703,6
12.33455492899396,6.53370891830074e-05,4.361697903113391,6
11.748358937042433,5.768766029357574e-05,3.5106667244381695,4
11.98787237926571,6.403269748168538e-05,4.047576437542595,4
13.039843029611522,5.7049910571682524e-05,3.6955724975847213,4
9.839298507963086,6.820188063575131e-05,3.245154362898341,4
13.41391752892036,6.204267141829245e-05,3.6999760937222743,5
11.72023728679682,6.783708015384474e-05,2.8301780795735754,3
10.469084465233228,4.478679019395353e-05,4.000577158041493,6
8.875231025471086,5.8727597481711894e-05,4.1363601932529654,5
8.526412152007651,5.883835815068712e-05,2.7945805240078023,3
11.424999513332548,4.8542612666851094e-05,4.1819861510274166,5
10.0566616885414,6.26788863671939e-05,2.7555039488184185,6
10.418925130731031,6.114481581402321e-05,3.375000143122908,4
10.870434399850685,7.502746232478609e-05,2.4073059470118645,3
10.184035527058224,6.662619599091043e-05,3.006947415490405,6
10.2479880158511,5.306672973925708e-05,2.748226369968637,6
10.17345228806239,6.1664993051963e-05,3.145619459620666,4
8.755003227386789,5.780976270680611e-05,2.279556169462924,6
11.311855050721487,6.583846695648284e-05,3.3387981042197055,4
15.200891931789943,5.73643670642085e-05,5.371305941764239,6
9.698419272504271,6.0332220639293326e-05,2.6769823966171598,5
9.652986868318557,6.695034877044875e-05,4.097177965155489,5
13.374942440573612,6.714714655921256e-05,4.479671745861677,6
8.407449743166964,6.040394664914047e-05,2.949168008641453,4
15.137545874094776,7.465393829671828e-05,7.581388726734328,6
15.521846672657059,5.774380102207103e-05,5.5989461729942915,6
11.2683766242038,6.620622605763963e-05,3.288656192811945,6
11.384695321123303,5.1933668140048285e-05,4.064090026936455,4
9.858907699722561,6.917298968081325e-05,3.6581002751648377,6
10.790313951006496,5.6707924718375085e-05,3.300450097815526,6
10.374459553739303,6.312985636964197e-05,2.268262557645822,5
10.92741774572547,7.979328125126432e-05,2.0310648663916577,3
12.658536538201371,6.671398228713569e-05,4.065928795633259,5
13.246990684175044,5.84424517782584e-05,5.10076464017491,5
12.670384119085742,6.041638764183674e-05,5.378414944303038,4
7.596472961303618,6.59707811310137e-05,1.882925667192816,4
9.569509697417812,4.6948809642127564e-05,4.063211789811052,6
10.124156372242147,5.316489619630407e-05,3.0708978405400083,6
12.573511753256058,5.9176895547764476e-05,6.069493359785166,6
10.195451164639122,7.338503072225986e-05,4.303436234587337,6
14.135817864091987,6.344667706794319e-05,4.417741658635494,5
10.678238894866386,6.436453531451577e-05,3.7459143663889973,5
11.261408354127358,6.307429446745633e-05,3.4515020439387376,3
8.546309353595978,7.708806200943866e-05,3.1756481922801107,6
10.81392662352219,7.33928920956561e-05,3.9136370380546315,3
13.539869251716249,6.018528854470134e-05,3.885310457576126,4
12.483828806189228,6.3093571363214e-05,4.05930404394873,6
11.520589494089387,6.865655649985968e-05,3.6726277590373284,4
10.85975052033126,6.232780730707701e-05,3.92362866165954,4
12.977420436323575,6.33272691375429e-05,4.964103742091225,6
12.64635089373974,6.26291514687283e-05,4.356040582912897,6
12.576871124163798,6.796041011926404e-05,5.009598242005488,6
11.892859397787339,6.719967295691195e-05,4.419794716599945,6
10.580588547666226,6.521595673350464e-05,3.2784647825563678,4
14.037564197591859,6.0853163875204336e-05,5.217321928907938,6
11.09253961927536,7.273787893342966e-05,2.3788788619185994,4
13.221626321461537,6.324115949850982e-05,4.442041933669778,5
11.014342118949674,6.464303750996796e-05,4.246143836564101,6
12.72743431014515,6.165784572509146e-05,4.232151031597489,4
11.171311706121173,5.844254191858577e-05,4.071655550015823,5
10.621242441808933,5.723484224556305e-05,4.1678747184890454,5
8.887140384239625,6.146503532941613e-05,1.0670964064327007,4
9.73617995905121,6.44616642127028e-05,3.250063850054375,5
11.113422285594359,6.752781732707937e-05,5.700714013633832,5
10.805038905991063,6.352064622313948e-05,4.077616588770488,4
10.093852501592005,5.8790149977103854e-05,2.6956520778246142,5
14.01762676019688,6.355147830005195e-05,5.2843387526263434,6
11.151512047999622,6.151398248253689e-05,4.576081985985015,6
13.288587657964783,5.957255036810218e-05,3.950942083212233,5
15.393078615207262,7.500556324085983e-05,5.037816148901773,6
7.093163871472432,5.316434984459933e-05,3.5891452671021336,3
9.205022777848274,6.711907782811866e-05,1.3619872493065937,4
13.726693300210012,6.857359921630008e-05,2.7636407410675323,6
11.317237129899175,6.249936337737459e-05,2.1507495040268574,5
10.583625073076018,8.215153754909849e-05,1.879674963913259,5
11.414658320544548,6.458453842117173e-05,4.735523189070617,5
10.819594381950083,6.320959905900433e-05,4.767866480294591,5
16.361983959866066,6.616658517565505e-05,8.79728424073088,6
9.827029904177095,6.332620180109635e-05,2.8993936800892026,6
10.11908343269118,5.640239152186196e-05,2.386887909453523,4
9.287465438903649,6.668542230012632e-05,3.758428060638118,5
11.812671986818305,7.080946175604228e-05,3.723196598235918,4
10.343626987298087,5.191232465963874e-05,4.551123484828422,6
12.657135523240479,5.854130448797249e-05,4.775979091298538,6
10.75272067978361,7.302891060324987e-05,3.390465836414679,5
11.253128897538573,6.179247181389729e-05,3.5974306031193795,4
9.879328676095437,7.273089019595396e-05,4.345339717720719,5
15.272060420878786,4.409518230441758e-05,5.590892384610896,6
12.922928052498024,8.282501623381993e-05,5.192712829566642,6
11.40871592541056,6.366923375120692e-05,3.457312610599355,6
11.579450181553312,6.732492523836992e-05,3.1714777073657974,3
13.828636672421103,5.623398865455535e-05,4.618618495126192,4
13.140580826397162,4.140857704865656e-05,5.423403626699662,6
8.954400846710975,6.394401960990956e-05,2.299626695257283,3
10.412290514352417,6.426145255202712e-05,4.109606435461855,5
9.520651302543397,6.356410080356595e-05,3.5067727096957686,6
11.76234280994987,6.104290703129201e-05,4.819583207782747,6
12.056387696849024,3.0202054029083684e-05,5.03860865575595,6
9.717555693666721,5.300181558838206e-05,2.2778383237787923,3
12.98209232981128,5.5659903851838206e-05,4.82070688591555,6
12.542623056036632,5.8489003533388455e-05,4.385475954252165,5
14.24021159131761,6.587093992540616e-05,6.488046340887399,6
10.05733884160264,6.617930568853044e-05,3.343618527548756,6
12.827349977705705,7.000386085666068e-05,5.235712136137433,6
6.675564307066216,5.343769010267494e-05,3.317627235417797,4
11.082679284772446,6.601627089268266e-05,2.3948208281981684,5
11.628070007998463,7.489357324151538e-05,3.2340234997597452,5
11.839993028456137,6.438171620284886e-05,4.267949587369793,6
9.932239755802701,7.17759450137106e-05,1.8385655119848987,4
12.282350941704552,5.1215129233953715e-05,3.7181496410626185,5
11.201195766766286,7.468206458728066e-05,4.054678801389899,4
9.986459324083148,6.741700084234732e-05,3.364129006146458,6
7.870432114848397,5.410708336059988e-05,3.7218669550106878,5
10.856269718434778,6.299922814213332e-05,3.248130737781414,3
10.197090170048215,7.108167619428375e-05,3.625788408746032,4
10.675197363203225,7.060824191995267e-05,3.0876040411249805,4
13.848823119486687,6.407291386521856e-05,4.797665416237052,4
10.116759256045096,7.085127428469307e-05,2.23132732210936,4
10.713471063334252,5.4483318316934714e-05,2.6465956205846433,5
10.690933311877304,4.891563878737823e-05,1.6933315087164402,3
9.34589066524747,5.270267518067747e-05,3.564781609385313,6
13.065123617293299,7.232515986664508e-05,3.0383952176258076,6
12.823878431489293,6.542942065527845e-05,4.11211198585932,6
11.534388515380563,6.322535758685857e-05,5.343363635989239,5
10.702664196412236,7.110907100598627e-05,2.963230104739254,4
10.728075168780393,6.809902456929067e-05,2.883134620491809,4
12.09414479418805,5.815407945424364e-05,5.148404813416174,6
7.545233101728927,6.726277285006355e-05,1.929292354047004,4
11.808451798156613,6.277276494727916e-05,4.755474190428853,6
10.223550502372513,6.505555808450746e-05,3.8604945558792187,5
10.23037098956246,6.129003115745596e-05,3.4424011461637285,6
10.489861170163694,6.7319572522697e-05,3.424056086756366,5
11.277169242463195,7.346129566693518e-05,3.194377089240205,4
9.436376378158315,5.313312768003165e-05,3.5990262895278358,6
13.06888694618956,6.776506173666901e-05,3.6077411703423934,4
15.284803533826242,3.8386056333564923e-05,4.286021781658796,6
8.47814302747766,6.333941871938935e-05,1.8115466078899576,3
11.50231095891931,7.417844022912684e-05,4.264581810564561,6
12.6721157734306,5.490498295483971e-05,4.290845966408966,6
9.469565234241546,4.2216702737324675e-05,2.2574304265784697,5
12.894148817423224,6.360933042509753e-05,4.498020620572648,6
9.36232205308363,7.696205399399241e-05,2.4291765850539484,6
9.614672910532537,6.085920470249507e-05,3.7142346627840306,6
13.255002999337476,7.361370743985456e-05,4.495022930923528,6
10.84917573037001,6.743562922668437e-05,3.746517965980817,5
13.69771613769937,5.88363716577559e-05,4.85444055386847,6
8.342726729428403,6.790946427894556e-05,1.6193720304091934,4
9.326563340442508,5.9599611197667174e-05,3.161476804966939,5
10.61516255470718,6.506481503010353e-05,3.8640505060989163,5
11.778720675985303,6.609822417134172e-05,3.6465012099614067,4
10.790299357039745,6.138000454793569e-05,3.7640280337489553,4
11.812733070793119,7.918187921124973e-05,3.652088033134237,5
11.604870048843454,5.9426065616175325e-05,4.207849762925402,5
13.769965664649405,6.858802105754954e-05,5.007606870604814,5
11.297656571839369,6.334941445705505e-05,3.2467552228606964,5
8.762378877013028,6.208801291341997e-05,3.383393370777373,4
15.35531506117965,5.883795126567849e-05,5.1423118583496015,5
10.954900817742741,6.77844996863452e-05,4.249860211593074,6
14.111095111449298,6.709757560716974e-05,5.24986075779345,6
13.141156229830976,5.8093201425702846e-05,4.093277569670722,6
12.179652876503031,6.321514114820399e-05,4.079667228994271,6
12.524523258332426,4.5290323894676327e-05,3.492149070412844,4
11.578716341929821,8.144232900541673e-05,4.869302801680845,6
10.586703375642319,6.442491560378393e-05,3.4497826404950374,4
10.533181248718462,4.789033762061623e-05,4.000745732075293,6
14.076114021807825,6.336147373275197e-05,5.398624997928395,4
11.850090061245204,6.455126950090326e-05,2.8940589883406167,5
10.512900937979142,6.886660359990819e-05,4.056110718866944,4
9.403402642527555,6.791567397790296e-05,4.356731571142962,6
10.879514213397696,6.084617206120541e-05,3.069276215782609,3
12.572388831640824,7.756479991447796e-05,4.072786548257557,6
10.592977427241678,7.024106569064049e-05,1.8920830425858728,3
9.579394488525073,6.03910356370061e-05,1.5876817150890017,4
8.180805352902746,6.619579274272643e-05,2.571448522069715,5
11.272043083400074,6.599812450524334e-05,3.325673799190188,4
11.665055279037666,6.992426887781723e-05,4.305363227828058,6
9.670810212063287,6.0822471605099904e-05,2.5015480009134268,5
11.896562176362925,6.747833559049689e-05,3.7188532912023247,4
9.921105651533333,5.871203555528434e-05,2.2485442040357735,5
11.837304899210007,5.841688137572494e-05,3.6055618227733595,5
12.794186293350698,6.868986100690044e-05,3.5713946606004194,4
11.561198190141637,6.0104035605835296e-05,3.0630406642453503,4
9.890381382153791,6.966584225768031e-05,2.585097751339717,4
10.328063783638726,6.532036863128909e-05,4.130744642343734,6
12.904540568054308,6.731764555827965e-05,3.9173279516487765,6
12.499531365671391,5.746485844923433e-05,5.163058864228755,6
12.744034680530191,7.37827574753769e-05,4.549574490266885,6
12.76287482712861,6.27774001983729e-05,4.47189333422355,6
8.50475881872848,5.711335340780333e-05,2.5556680426449363,3
11.685893677537319,6.17491586835647e-05,3.531262271698729,4
11.762894426336699,6.25869084587121e-05,3.6847167605911655,6
10.910349829259625,5.879748491677365e-05,3.1553638654606306,6
9.125574092788444,6.592757667148466e-05,4.61831610158955,6
7.495571612853452,5.109415976883271e-05,2.0921298772982384,4
11.452613868776258,5.8731265808524806e-05,3.8260568664721992,3
9.644163934304235,6.858840918603892e-05,2.250616674791507,6
10.480086484774919,5.969877726947309e-05,3.326965696314792,6
11.16840039529225,7.505396498963615e-05,5.046289408682518,6
7.992815850844351,7.319843845332142e-05,1.6234991056290933,3
13.003645045741266,5.9517092900153085e-05,3.4824506146742884,5
11.196560869130543,5.606224366705323e-05,3.118748722601161,5
11.791916160092189,7.03337648380477e-05,3.674346918978689,6
11.912230976947134,6.483713656467845e-05,5.710120767486581,5
8.260037227838309,6.72366070954834e-05,1.184942208938108,4
11.159846753107637,7.287102253388935e-05,3.2409539641481944,5
11.791166297312216,6.669960583098585e-05,4.03224811844581,6
11.568847761606971,6.827101484308395e-05,4.177461971174537,5
10.215685038649813,7.340271305128333e-05,3.2224288900495104,5
10.158828590327339,6.523776371408032e-05,3.4479446134641933,4
10.98717947380311,5.673309962740673e-05,2.606639897015452,4
8.345144972593669,7.757594897961267e-05,2.6980375648745394,4
9.818158975835406,7.162910194961257e-05,3.593852177754217,5
12.216204046627535,4.7290164460536094e-05,3.5304805223305493,3
9.809965944301164,6.877349422975868e-05,1.5087748845751767,4
13.097709549908153,5.706622323351086e-05,4.639890477138579,5
9.695463144915921,7.376979826086949e-05,3.3064880779566166,4
12.278671558167703,6.512890963614503e-05,4.561194399457683,6
8.306003980269598,6.04890090038623e-05,2.943814873689086,6
12.076723857636,6.41761026180249e-05,5.638917605482874,5
11.341165891985758,4.966144585218473e-05,2.6703203835028586,5
12.622818011188876,6.745215337477132e-05,3.4070858423447543,4
10.652859201229031,6.744912813420249e-05,4.141186342699543,6
10.317778163330992,7.49332713927507e-05,2.8530605826701914,5
8.13334582187269,6.441810730246012e-05,1.7045027797132049,3
13.414980567432558,4.05547396438434e-05,5.610879827794586,6
10.065741939636961,6.524980441896801e-05,2.9549141726919457,5
10.057054787423583,5.9600938003995716e-05,2.2983699752952713,5
10.481277994762035,6.217589850407325e-05,3.4895789112470066,4
11.161800901771358,7.48374805286346e-05,4.23022781284809,6
14.657819832476484,6.002302590046506e-05,7.053035304519934,6
14.108795040202,5.6204250734858934e-05,5.875473269306813,6
11.46246003276422,6.310749087647197e-05,3.523045188770973,5
9.148687222330462,7.591603724774045e-05,3.6465808866895033,3
11.78989511691055,6.410477116634824e-05,3.11273265783539,5
12.515649846621905,6.434745810161626e-05,4.412073709959243,6
11.31879938758161,5.923749082027752e-05,3.1710468706483805,6
11.406096405412267,7.507303732234089e-05,5.106047736989892,4
12.601094466907274,6.298047047583751e-05,4.566131125480986,5
11.317748050789636,7.037988173623331e-05,3.4756165065894558,6
11.464148905887724,5.56205954645105e-05,1.6608898274044055,3
9.890629276317004,6.65409994906848e-05,3.8533393447093225,5
10.72120396072347,7.757439161830313e-05,2.870972519886074,4
11.239636845006501,6.259193127665769e-05,3.3793044935487577,6
11.653856638411646,5.355654760760076e-05,3.407489288572698,4
11.085587680432294,6.643454232175446e-05,3.4888331219924824,4
10.520421289547752,6.088266009158022e-05,3.723538487765258,5
12.327114477142537,6.115526449138239e-05,4.48705216113326,6
10.606483350377786,6.179587611111196e-05,3.908832199039802,5
9.52816733993962,6.716237970698689e-05,3.155921142631404,4
13.710700357639144,6.772472984204005e-05,3.9773966926215967,5
10.81667060752874,6.469041013215952e-05,4.304360565637062,6
11.575388217900164,6.564028399217464e-05,3.180453440104085,5
10.44112467305009,6.273372901673363e-05,4.549916395332742,6
12.956615767985445,7.182945689720383e-05,5.57734217626683,6
9.530175641547737,6.238137783459304e-05,1.972636097983978,4
11.548869186066597,7.254247327149513e-05,2.9932505625280825,5
11.667651519317978,5.604757481086938e-05,3.704961663625561,5
11.842794731116934,7.237912913668467e-05,4.468244216841372,4
8.169122735880286,7.429672952184137e-05,1.6046218236558136,5
8.660721454950943,7.012214218237367e-05,2.3277833537931256,4
11.990668751657493,7.907427515925584e-05,3.8659435835357696,5
13.055163889937274,6.380525929742583e-05,2.9140524171659945,5
9.584879964811453,5.630756570358935e-05,3.1971871164583723,6
14.132322378626466,5.845776228634948e-05,5.494654300902704,6
10.411981032352294,8.231196213961785e-05,3.7929168417973105,5
10.786893875681038,6.25970172471221e-05,3.4171510644327547,4
13.796471608428332,7.712710948282994e-05,5.202879267726439,5
8.651531680739815,6.802781028293507e-05,2.724760608571516,5
13.052612248604985,6.535512433496405e-05,3.822667909364519,4
12.597480153199184,4.089991842834792e-05,4.370402353405334,6
9.302962824769502,6.601683064966105e-05,1.7707826134293558,3
10.861521038057582,6.627982483662689e-05,2.9606005798706656,4
11.028429045176354,5.6269943397717265e-05,3.547144066088721,5
9.960942247551724,5.911058327073462e-05,4.7495600245954055,5
10.835444098325894,7.171828116370647e-05,3.1143907761548606,5
10.90211721516312,6.787123481521798e-05,4.057709107840196,5
9.1871514423347,5.934718793866092e-05,3.4355482368929158,4
7.734106582270988,6.306316789616228e-05,0.99128417022561,5
11.46175994228951,5.497181206175622e-05,3.563274577684554,3
11.454945725649528,6.568222788090047e-05,4.535943268467976,5
11.707806523724209,5.788159277878357e-05,3.8539038512529347,6
8.958304669840038,6.316324654431707e-05,1.9981698915469526,4
9.857323816133006,5.9714531851794035e-05,3.1526215990064332,6
10.733669999290733,6.521326960123378e-05,3.862202450119664,5
8.077935054337189,6.928950209150826e-05,2.653744272390754,5
11.019930303535169,7.13906490941556e-05,3.9043425815643014,6
9.904511169452979,7.413155065242225e-05,3.7494959942402017,6
10.757804207212732,5.9372612510345815e-05,3.05254481178157,5
10.29784880124994,5.9079830511123396e-05,3.491876748617232,3
11.869769020315271,4.796080592095604e-05,3.67822789389402,5
11.854802488825381,4.6956041763541426e-05,3.0598529376548265,6
12.61092606513689,7.134600745922291e-05,5.942363566110621,6
10.603883114516503,6.188259862426043e-05,5.010932422586611,6
10.822642151354383,5.889361229551816e-05,3.1967416982841663,6
10.018062830305135,4.520490951240153e-05,4.236114017026356,5
13.744517776356506,6.718598870846846e-05,4.531062851926572,5
10.399955985348019,6.529055836794736e-05,3.5802248092972873,4
12.878595244616987,6.715069303127773e-05,5.020526558059773,6
11.412794087310274,6.025278062718307e-05,4.1277178212890355,6
10.864533941352988,5.853677974726165e-05,3.9143661847873648,6
10.589611847922322,5.586662087407417e-05,2.943377681474063,4
11.00830089012518,7.08643795446606e-05,2.8434459373805954,6
13.701181187590155,5.5671454579361474e-05,4.761272412009898,6
9.769106085890995,6.846698020958297e-05,3.438421529345657,5
11.87309036491435,5.217748874135305e-05,3.578345527280834,5
11.81806992683966,7.71423492472596e-05,3.029207266737145,6
12.212728718942635,4.5284479596039574e-05,5.473264115715626,6
15.225435041296487,6.270528992082594e-05,4.851500148497472,6
10.868292743215497,6.631808558252976e-05,2.923873013559919,3
9.439942123406096,6.779973868829278e-05,3.3705178645971525,6
11.653146057360619,6.040704812395527e-05,4.390869478523172,4
7.074612196870397,5.5448815034086955e-05,2.02679110501795,5
10.158509847815637,7.003836628287656e-05,1.9594919238950887,4
9.68171522529214,6.610080553804072e-05,3.139226818699628,5
9.721354121500484,6.769157590291456e-05,2.971775237632359,5
8.531391182719378,6.276513789115436e-05,2.5876948364210537,3
13.5514143786701,5.184480359549166e-05,5.190383425054966,4
8.961374380838558,6.487790257787142e-05,2.8911928022614566,6
6.842017779074812,6.58784310682794e-05,2.126354070847271,6
12.83584437654371,5.836207395422942e-05,4.381663404780372,4
11.172237743950545,5.867075164338789e-05,4.666234193364021,6
7.774211967332607,6.159542444027233e-05,2.2492713533525865,6
10.87657008516517,6.633396210520536e-05,3.7694842944459297,4
10.920985288883337,7.148685729616266e-05,3.2245390257003796,5
7.332275891746667,6.337883315994536e-05,2.185559810149054,4
11.815628608482054,5.5702967551964875e-05,3.631504844313877,5
6.909538063062547,6.714094905171539e-05,1.92554226399512,6
11.853054434240057,6.435472621287505e-05,4.940967231752607,5
12.56950654453193,6.217900138969447e-05,4.8563601456793,6
10.49692733414744,5.3762022008228605e-05,1.9743997478933082,6
8.539966267669353,5.941064723183824e-05,1.460336858206823,4
13.461668801685548,7.71556533309793e-05,4.0866477411463595,3
10.950761597941415,6.849482044865835e-05,2.9238418126726873,6
8.993362763817718,6.031642824616502e-05,3.121121333728445,4
12.443612947295552,5.6554062635389226e-05,4.038790643802753,6
7.49417952908355,6.1562376111662e-05,1.9108256883091972,3
10.531959296619625,7.236725964701517e-05,2.463812056540913,4
12.61109122393231,7.676247912445143e-05,4.610834033152197,6
11.656119454410536,6.418566161186543e-05,3.614034279699162,5
10.284764569178643,5.993934654861869e-05,5.134393137415332,6
11.109134259895901,6.320310423620738e-05,4.8320476906793495,6
9.948621747557999,6.047034196489265e-05,3.3313611455575054,4
12.895114867668854,6.416347711126525e-05,5.318055115461783,6
11.132410009918509,5.3736340869464885e-05,5.075291808367739,6
11.631844674673562,6.112005135869326e-05,4.525130448248099,6
10.561864284118117,6.934928578964484e-05,5.0965030436306575,6
13.727147634314457,4.814128577637624e-05,4.492703473072526,6
7.486078313290497,7.438958740623624e-05,1.1927797771700444,3
15.07022413006914,6.090335410821394e-05,4.911038253292153,5
12.435537669568559,5.781314606233941e-05,4.763243229819031,4
7.697421540713895,5.921427321934678e-05,1.837790414297294,3
9.906945283443063,6.707630305078228e-05,3.1798573321732944,3
13.137898676489549,6.104034777393183e-05,4.8835970937699775,6
13.059790228858738,7.83070637227371e-05,4.343888017176924,5
11.562204761006708,5.819228543611756e-05,2.990144577030983,6
10.015473691906212,6.130335665646022e-05,4.514734816029604,5
15.42000967100875,6.800178455329749e-05,4.5172160928209095,6
9.559108730494906,6.423131267786635e-05,2.8166341063960534,5
12.727675920528203,7.074724239548599e-05,4.618600493485857,5
10.765163497264982,5.72821266595281e-05,3.1746116105442796,3
10.052107110706302,6.381737080636234e-05,2.3272075958225633,5
12.226813797084336,5.820913534005919e-05,4.527149932454929,4
11.59369821734006,5.597592851586847e-05,3.250567841271443,3
9.965854150956563,5.367791621404494e-05,3.1947963909210744,4
11.594143193036652,7.02209973135986e-05,4.211915523504134,6
10.668669828918121,6.512823141701351e-05,3.180514533466349,5
11.40172881114401,6.409992221987738e-05,4.226355582699651,6
9.549509781266497,6.46686627002101e-05,4.86553143872173,6
10.95777029123451,7.724218526416095e-05,5.622256335010347,5
9.925733103356857,6.572045935080142e-05,3.6206255993035628,6
13.820042192065994,7.257652900089022e-05,5.091728150438649,5
13.90075929733101,2.9407568686596656e-05,5.281398602150075,6
8.551232694932686,6.71829499599205e-05,2.314620061592891,4
12.029527051233593,7.171846372832384e-05,4.0947227404810285,4
11.650443652390026,6.335762969659329e-05,4.643490079585569,6
9.340821057967997,6.074240868716962e-05,3.0176560449699905,6
12.21068712285277,5.229925863420711e-05,3.3258068777006704,4
12.570183933020196,6.730286121380933e-05,4.452342447291903,6
12.796438868912182,7.122938887504789e-05,4.789416743151042,6
12.647287232267024,5.311606049268439e-05,4.628439252151906,4
11.190121968554436,5.369419333955994e-05,2.9130477181907666,5
11.63075611278302,8.082792554021122e-05,4.392218511411057,4
13.935208224541942,6.049862115074161e-05,4.959694593441496,6
7.476112768125977,7.450896102991697e-05,1.7407487377906299,4
11.861756680679806,6.31192591077167e-05,3.286404052335668,6
14.32593681854869,6.645239897153054e-05,5.2016483589629825,6
11.675926345578272,5.5521067399518454e-05,4.642368266134853,6
13.764275294370528,5.584515454154906e-05,4.994540818281318,6
12.571110000054624,5.445724471633193e-05,4.297394576312257,5
13.58969361053334,5.946845383326879e-05,5.694584690420029,5
14.888510699288432,6.0444529708779904e-05,6.629589382620562,6
10.351883877262535,6.0602643615019014e-05,4.278363674766111,6
8.083129300738392,5.646726333167107e-05,1.3948076073280302,4
12.481811228747315,5.3689346421615996e-05,5.441686362124573,6
9.002173219963726,6.57708705744667e-05,1.913628582272236,4
12.509906937879219,6.584888505136534e-05,3.318451929950891,5
10.039443193995979,5.923160700529156e-05,3.5648430655433474,4
9.790154274047087,5.9474371245929e-05,2.893461990583363,4
10.233279062665952,6.467740519329999e-05,4.405986497092053,6
12.578869642783083,7.435518153715319e-05,3.55955542600541,6
13.952134638499246,5.464535564710616e-05,4.707800161980127,5
11.859018779203854,6.221524204614306e-05,3.403268984078591,4
11.497149681385208,6.62879961325749e-05,4.6782777073159325,6
8.450735041192296,6.353993763570851e-05,2.745384115337749,5
10.337128411699151,6.323912934241033e-05,5.4432083230096495,5
13.110780512508088,6.55862286828444e-05,5.000000635432346,6
10.02678473510852,6.0606203625442736e-05,3.299300155161279,6
9.386156088646953,6.475814188380403e-05,3.375513024401169,6
11.100252436925592,6.468025274307972e-05,2.989968687720883,6
10.528428955634622,6.423918265121888e-05,3.489021112488021,5
11.27913784917527,6.749797538746494e-05,2.9279219684221687,4
11.450577926005575,6.300433645072746e-05,2.716594196909929,4
12.659494207171695,5.658591607838381e-05,3.680902325272507,5
10.702095919129144,6.189256684090863e-05,4.589436020659074,6
11.13756993734991,5.289495125183486e-05,3.038328444485648,6
12.166580134424274,6.13108836857259e-05,6.129365244781367,6
11.296742921505958,6.995463926025647e-05,5.3112770468111865,4
12.083524147954757,6.58101585646689e-05,2.4438378665870975,5
10.519557422504233,5.6609994548501144e-05,3.5792250989851686,4
13.257413602436863,6.50606295372958e-05,4.048314399036048,5
11.537224284629136,6.772312765077269e-05,2.9045162904918627,6
9.361953311064273,5.8944906231874194e-05,3.252562491283029,6
11.931192217869896,7.444610939078943e-05,4.342189289802851,6
13.99636472876653,6.333799697970965e-05,4.777444401345793,6
9.543007704691918,6.233692298379313e-05,2.2064479782725717,6
10.75818655510544,6.345326871487082e-05,3.4369211008696356,3
11.0739959411874,5.4237053784692895e-05,4.807908821695153,6
13.782034541047192,7.884114415360275e-05,5.864878420491409,6
8.342585100319827,6.254087412736688e-05,2.6510266177862736,6
13.801048091399233,6.222745653625796e-05,5.516162060689269,6
11.239212667021466,6.742123434671696e-05,4.912653375237553,5
8.066007054355119,6.045560002167278e-05,2.4769773688468995,4
17.566630593861277,6.666061101096933e-05,5.643110423734924,6
12.591296477194284,6.293050212891074e-05,3.645166671594171,6
8.783339566603656,6.841628676980876e-05,3.741447141543496,4
10.28130313527534,5.547469240977366e-05,5.402503940226634,5
10.570635264720405,5.382940445913062e-05,2.0823350560715443,4
9.499589055551406,6.548565665916716e-05,2.7852522825820176,5
10.081065904801616,6.891473346864835e-05,3.108493086556969,3
8.95438643767229,5.567724100230924e-05,3.1367622900155765,6
10.62156417762953,6.714128211462741e-05,3.7027351682064698,4
14.953766195846882,5.954035775029069e-05,4.894892707513251,4
11.42389128921704,6.739902305330874e-05,5.624425884776875,6
8.600509780269483,6.628229271182185e-05,4.2998679424679,5
9.507507325181049,7.098907859660105e-05,3.77187644256151,6
9.233305164883816,6.465068892548896e-05,3.8725863174127984,6
9.746456935166716,7.589774007335313e-05,3.2291364552916866,6
11.294460720632845,6.928452213950993e-05,2.832548016071323,5
11.687685705499902,6.452074108380302e-05,3.9944575499641695,4
13.338939394535652,6.654166379938445e-05,4.1540438932860155,5
11.13015366386645,6.201110576597722e-05,3.090760974747707,6
10.026215278671756,6.077852447321368e-05,3.6970270122811533,6
11.679745647726467,7.064501243311983e-05,4.583695776781948,6
10.81023198468026,6.91767847296783e-05,2.8251473638558426,5
10.01935129841806,6.533659418239664e-05,3.5875840449011265,3
12.778244660114709,6.293659855730961e-05,3.0487803007870697,4
9.197467880912198,5.6578639799850435e-05,1.2978130513191115,6
14.071095824449339,7.105156036256667e-05,3.8232075219601898,5
13.152306229405724,6.439378388027448e-05,3.2101460991798847,6
12.584491643126807,6.71649808366265e-05,3.569558225721705,6
9.43724303629049,6.222523882380262e-05,2.865917493759348,5
12.033810472892819,6.5616509767392e-05,3.9252302234027194,5
11.566185568107967,6.982413605554315e-05,3.9807693417546486,6
9.81278964227197,6.386012045600402e-05,2.7363787622580222,4
9.924170234820986,5.431171064091405e-05,2.740987889168009,5
9.767186473811078,6.676553362474052e-05,1.2675082616258317,4
12.57638357525062,6.097783524327641e-05,3.060180028800794,5
10.047882452999263,6.0360124400578114e-05,3.014310045733074,4
10.66628633457763,6.413937758089722e-05,1.504489539914248,3
10.393133680383059,5.8200690760806246e-05,3.38287608717416,4
9.266955960171389,5.847194740571925e-05,2.518115818277521,5
8.60940641724552,6.920751370567551e-05,2.6538111288497634,5
9.642345587721666,6.266955060059698e-05,1.7157999791162157,4
11.490077514574558,5.580842330266153e-05,4.280309757967948,6
11.523952220724045,6.213571489210797e-05,4.619304847431187,6
9.473599126904686,6.847878034779318e-05,2.7463396052943176,4
9.58627822745616,5.9822653973026175e-05,3.5884536319965994,3
13.321719589494997,5.246003494653561e-05,4.8303241384874696,5
11.46896941388508,6.0273956643409065e-05,5.143492558919339,5
11.595817599010623,5.750596039946289e-05,3.6297205853916275,5
11.908383591074333,6.663889888917282e-05,4.655348067834509,6
8.570116665412613,6.933022743251633e-05,2.099180252648415,4
14.141440790940157,6.834162975117844e-05,5.623125355509563,6
11.749147172343209,7.056550908963633e-05,2.034776991615458,3
13.854142163627097,6.113029172312556e-05,5.887044266676258,5
13.036203518137004,6.044837772583441e-05,6.84707567099829,6
9.726428861888603,5.630875246036718e-05,3.3012425979620343,5
12.621994981022194,5.6049132774723994e-05,3.442854416519106,4
10.544886944869464,5.72955470357953e-05,2.7468045318104997,5
10.143104281207133,7.501743494783003e-05,3.7939426283246522,6
12.077918818912392,6.222911467640026e-05,2.7018090550799654,5
12.277022930293748,7.005021335194411e-05,3.822765333946238,5
11.205077617667886,6.788910017744552e-05,1.9183656069692836,4
10.234868931742781,7.521713311035914e-05,2.5889995817600173,5
10.712470065796824,7.521111012930414e-05,2.189863591464092,3
8.269043872409904,6.737935087384383e-05,3.2862701191084156,5
13.907902057190423,6.517711585762258e-05,4.9817305623532055,6
12.11844435795693,7.609904508441751e-05,5.212370048941207,5
11.622950337814208,6.399262986510343e-05,4.153421548042505,4
10.95091026716911,7.046019631788662e-05,5.469184032994878,6
11.987338958004063,7.591383043647252e-05,3.022948523107101,5
10.52534775358668,6.748948978663634e-05,3.9348492167289377,6
11.61938843509789,6.432269673216122e-05,3.655295118136908,6
10.040383245650355,7.009184435505643e-05,3.487639758617376,6
10.21253497800092,6.980671278165572e-05,3.4897361940941773,6
10.400286890232852,5.041961288403326e-05,4.187111042694184,6
11.635674068968916,6.255409335984947e-05,3.8516772942389714,5
9.998388658578806,5.07561875294403e-05,4.441052974054738,6
10.159968040561266,6.311897298471178e-05,2.923925303564855,4
11.508162136901898,5.002684300846681e-05,6.348285659547962,6
10.885346985133193,6.768397916712356e-05,4.572351023605953,4
10.146222800224361,5.5933306856344494e-05,2.7618195675947073,4
12.631018595770222,5.8027826385897306e-05,4.206372642413584,4
13.015662745361885,6.378098266786974e-05,5.948727264424,6
11.254197628460737,6.520256866155616e-05,4.2199876593608705,6
13.975063835603546,6.0008118829305315e-05,6.738939859722097,6
10.769010785287428,6.405600956710099e-05,3.43457771210967,6
10.918048513583685,6.546529074002157e-05,3.9483119588022504,5
9.16605442745939,7.501022560922e-05,2.8374684978016615,5
13.461849390547039,6.559985454853006e-05,4.480906153462736,6
10.240779308005868,6.457287670528591e-05,3.7360468996117824,4
10.162054244911085,6.561988836228962e-05,3.1189049563080546,4
11.574889829627724,5.847228596014463e-05,3.757113440354457,6
13.87216564933755,6.0778425247287924e-05,6.431382280318697,6
9.423520876334482,5.7527492685565515e-05,3.2530706687048,4
12.119247509294812,7.437546839020469e-05,3.2341369679717715,6
11.152031673411344,6.146031461471858e-05,3.362377200473032,6
14.339279818226274,6.533186618582641e-05,5.000227615847882,3
11.86668201971352,6.0944543195832964e-05,5.565945090439954,6
12.814675490049543,7.180825995946845e-05,3.7481246847988663,4
11.308486511120703,5.902637298016312e-05,4.0961032453357085,3
11.10953581618542,6.869209102212373e-05,4.218048861642121,6
14.132171084432791,5.714035280350979e-05,4.887266143585063,6
10.493696207683417,4.85888894398162e-05,3.1039323339003073,5
10.480722460504644,7.227630094941145e-05,2.530890265990932,5
13.08484886967201,6.71252975830788e-05,4.332424788102777,5
10.406964199653633,7.278283009192163e-05,3.4871559480394225,5
13.615637614019896,6.225720068579777e-05,5.029964020981277,6
14.82084583759588,6.20897385003424e-05,6.879519556455682,6
10.952540949100456,5.7708434742245394e-05,3.883127710754086,5
10.965580989189442,6.873657361168082e-05,3.028654769456999,4
10.006945521529097,6.0384244892640966e-05,3.7303556471441364,6
12.389197145122864,7.043778859651879e-05,4.287256182718859,5
12.754058417579422,5.76928972042665e-05,3.429488060089288,6
9.935354931725195,6.351803515904742e-05,3.0019745836935963,4
10.682929785498587,7.860844501283457e-05,5.01620448757207,6
12.7248738051149,5.2092622333014205e-05,4.670214686609101,6
10.939147175809994,6.542311219411256e-05,3.829217118169897,6
9.126122529348267,6.65491723611121e-05,2.8794949262236824,3
10.207506305159237,5.093701878501909e-05,2.941470778038719,4
14.373832841419066,5.750718745071979e-05,5.239681178126888,6
10.47650499781001,5.902014043665001e-05,3.3688819751977173,5
8.201107211204258,4.397186354382148e-05,2.5678652814865224,6
9.596136012363381,6.764761931218096e-05,2.2032313068753817,5
11.887341139213534,6.314947682915807e-05,3.9027206430332013,6
12.626594798174082,5.748730085760165e-05,4.225112605003564,6
10.800017397831603,6.210219240244792e-05,3.248232753536924,6
11.498841291972543,7.010464385624834e-05,3.127439926160001,6
13.104194742669945,6.878263455645506e-05,4.216505222612079,5
12.016373383238578,6.11158093464193e-05,3.457922729957648,4
13.510931333328923,7.17843620673903e-05,4.151792617407015,5
12.009207874866332,6.0238221628187206e-05,4.015506026924962,6
12.461750475497015,5.773439377042304e-05,4.592442719080513,6
10.943139148541745,6.666271866080245e-05,3.453210932491066,3
14.210477414683904,5.843562902044334e-05,3.5959164665812846,6
9.266490487975487,6.993724706828287e-05,2.445275473719775,6
11.244648169410567,6.802878032397412e-05,3.251566303469126,4
12.602831725640854,6.267480524947035e-05,4.647016254277647,4
10.887203064463474,4.5902633259935465e-05,3.2877372316238413,5
9.964696236681684,6.13845182521497e-05,3.1603826450053836,4
10.515604281894221,7.114960743153815e-05,4.15138132183547,5
10.427199394973442,7.03989461363941e-05,2.690613338397359,4
8.584194104659886,7.472640935611239e-05,2.606726038396041,4
11.087772240301266,6.798443516697898e-05,4.08242138412372,5
12.19225152485316,6.601250701972563e-05,3.821876954630148,5
11.610935074835004,5.176737946355264e-05,4.578321722535943,6
11.242452719950448,4.7260248756300265e-05,3.1294673546313403,6
8.136422377080653,6.157015611900991e-05,0.8935860927036883,4
11.204569705924769,6.883738176680346e-05,3.8252847091795643,6
8.817245074654824,7.1477389338508e-05,1.65242691845535,5
11.424172991367877,6.46981374376605e-05,3.556351251433494,5
14.251902322535768,6.517215836858271e-05,6.418838351742716,6
12.26449130927287,6.573316788810335e-05,4.369399471191884,6
14.13590356475359,6.202405079005406e-05,4.2500437743138715,4
10.575616243273402,6.833050690689578e-05,4.08333447035022,6
13.10570563412544,7.325352735422181e-05,3.646722667514945,4
10.802266076462157,6.255788953572217e-05,4.3638635213927195,6
11.971863861713985,5.6758311649295706e-05,6.000980444330149,6
11.565249491285945,6.398547524308709e-05,3.4773061427849483,6
12.34606401111732,6.398506727002209e-05,3.190914965860328,4
12.647871042023755,5.9625154344147895e-05,4.008126722892782,6
9.440745248870131,5.6984747568444704e-05,1.7204480250467318,5
9.120320510861958,5.413211471397443e-05,3.2733127436165907,6
9.197122080393086,5.870839839386062e-05,2.4446447290408955,4
10.148270042830488,6.555874473935918e-05,3.5883390259869983,6
11.426076108791289,6.701836867143919e-05,4.136793420423978,6
11.686717726959262,6.881149624932659e-05,3.140485695912953,4
14.226063805922141,6.98365576015516e-05,4.342457814124391,6
11.279466856487748,5.680966188163787e-05,4.235824846396441,5
11.238372185165925,7.060751022820288e-05,2.003538826400054,3
14.902887101439227,5.878039923589764e-05,5.594640941445477,6
8.476774125989994,6.633018995482663e-05,2.1947129796067397,3
10.051431032489749,7.575746254285048e-05,3.31104023941271,5
13.7883411443362,6.278605824259959e-05,3.6263237426283075,2
10.457461300428584,6.299780881429281e-05,3.177736748705028,6
13.903655485554417,7.04279529437451e-05,5.1082449914552885,5
11.693301936843035,5.723759176196878e-05,4.507748098145855,6
11.721070714600494,6.086022230074705e-05,3.850104802753486,6
8.271106622762415,6.016341957772636e-05,2.066278091467484,3
11.445854593341103,5.883230623222715e-05,5.1846875572011974,6
13.048586736227985,6.661972236287987e-05,5.580444402480077,6
11.413341796188236,5.3167236424526686e-05,3.3494651774847175,6
11.417964242521741,6.40605759407426e-05,3.9610529108382946,4
10.72384380476685,6.19365904140903e-05,3.422684035970608,4
10.479221888411185,5.6306568089734975e-05,2.547894656920234,5
12.14413793379413,6.686459566353395e-05,3.27434902987736,6
8.911143447894926,7.376900540422585e-05,3.1833596176625507,4
10.917982145452763,5.8409102576745576e-05,4.794881693567986,5
13.621684297040998,5.5917845587099574e-05,3.774283737995913,6
13.65242977183929,5.65136400992716e-05,4.094897595290974,4
11.552740163985991,5.40846615843616e-05,3.7858059246086952,6
10.89764359958904,5.050836092898341e-05,3.7006621718262758,6
11.922668539793607,6.31935159322338e-05,3.7506636449850888,6
11.759101310441526,6.578371975085026e-05,2.828339382500348,3
10.113834960369847,6.767529124504192e-05,3.243495167861891,3
14.691233241422683,6.351807325451672e-05,5.672929343830683,6
13.169802392418884,6.578396849749206e-05,4.655545543707749,4
9.53731222997809,6.315162822931336e-05,2.7142998468124206,5
11.812887172306013,5.7773267363527114e-05,5.170174679407699,6
10.353988136052504,6.641854730115658e-05,2.7992663975942267,5
9.323023285462703,5.735233431260312e-05,3.215047278954153,5
8.347065107260718,6.697998629461237e-05,4.357517543704132,5
10.670452494529247,6.845734422254866e-05,3.21218842774032,5
11.52191498166913,6.092241040832553e-05,2.8161721306594707,4
12.26919296968438,6.855211793075958e-05,3.7647340815684034,3
11.885656019060882,7.962099153288446e-05,3.752045676015344,5
9.798595212914659,6.341522413564647e-05,2.4862858704252853,6
9.136783879444033,6.06092529639922e-05,1.6019744972883945,6
8.956578004307854,6.906227067556415e-05,1.2809886876950172,5
11.590069992170552,6.998024618333879e-05,4.353517045655098,6
8.638866162675157,5.388273013185762e-05,2.728760506640149,5
9.911123078136114,6.777136743007339e-05,2.6139851297892376,4
11.644357918186572,6.170077433799532e-05,5.170341013610717,6
11.07253129219532,6.325050873541541e-05,4.6118163735445235,6
11.75784201333034,4.254610500796954e-05,3.9400373864330667,6
7.9328382304032745,5.091940311843885e-05,1.8446629098840948,6
10.214239575983976,6.820502302123668e-05,1.9630896258194321,6
12.190298185501424,7.197040705428345e-05,1.9606301390372907,3
10.297436933533842,5.326050641380001e-05,2.9945524166055835,4
10.572385718786235,6.570848878789773e-05,2.5464380670467657,5
10.662033955985267,7.178665031667277e-05,2.748374869831072,6
12.772415781181785,5.5227274099260506e-05,5.155695358906476,4
11.567472269886432,6.343016574432656e-05,2.7255011298913123,5
9.50866265291659,5.698275444078134e-05,3.786513826780056,4
13.52078176486901,5.446135588876686e-05,5.238879330601934,6
10.370203958150343,5.686499988399896e-05,2.094495354279145,4
10.586885480421948,6.909427315251203e-05,3.4072791178911412,6
13.008434551094892,6.38870675613861e-05,6.173918179004907,6
11.76966105105286,6.60026144685237e-05,2.971836395928784,5
13.149115850414269,6.315947843009106e-05,5.141862644212754,6
10.910099657494552,6.985774798328828e-05,4.447837107197253,5
9.66892981068891,7.430184237108015e-05,1.5846038545026908,3
12.055335913523937,5.7830306704894866e-05,3.9094163900366032,4
12.332394642002194,7.194993446165791e-05,3.329860886740775,4
10.472928009644079,5.916562313718812e-05,4.834967419832971,4
13.44404566055191,7.111832836554072e-05,4.314295937549398,5
13.633534800853006,5.9771193417081106e-05,4.282410477221285,4
13.827431115775493,6.318580584791941e-05,5.535301404301556,6
12.30400589939062,6.40091209098241e-05,5.578925181989057,6
12.80629901392252,6.619712870931671e-05,4.666263321737453,5
9.190155309345652,4.987265909617168e-05,3.0506863341341077,5
11.65815421376967,6.24605302069374e-05,5.917788386198752,6
12.259475072594878,5.6285091171256024e-05,3.892095377137389,6
13.311480158451122,5.63884114407011e-05,5.083398616825269,6
9.521343214679238,6.306499315973183e-05,1.7262325183151292,5
9.750973862544381,6.880902319910763e-05,2.7155805208411405,6
10.20293461824729,6.283610404465782e-05,3.46911889157024,5
10.194020108229733,6.526727713582827e-05,2.9655701271897255,4
12.685211759677646,5.759158637000607e-05,4.3283957915761135,6
14.459135341502275,7.45762509410974e-05,5.933961825330781,6
13.412082361055674,5.6638489450935465e-05,5.367931640743549,6
12.425350030470089,6.313730438755241e-05,3.6829771972658674,2
10.967534202398266,5.1619107471575796e-05,3.008951092091272,4
12.82444994349261,4.240242658811602e-05,4.73459010654822,6
9.63373170247689,6.885297344336123e-05,1.9154607774874806,4
12.162237907965768,6.545906432731761e-05,3.701312409016765,6
12.55824023106647,5.4947967456537355e-05,4.552059037835377,5
9.220437671353952,6.630029675990849e-05,3.0929567307128787,6
9.087254959221337,7.24415885273914e-05,2.8308968092807785,4
12.391909834881766,7.303299228415961e-05,4.30902796488115,6
9.44333746154556,6.005141717735463e-05,1.6989957971580099,5
9.071383286705364,6.342089855827825e-05,3.1626461595752104,6
10.869343336369642,5.361324490113587e-05,3.861818962191883,6
10.264499431105389,5.27067641105647e-05,4.068029286952489,4
10.53331624982739,6.405298946295527e-05,2.9225669228095104,4
8.837845755042506,6.0901919226778956e-05,2.02093061237306,6
11.517433853642169,5.991464279689011e-05,5.276396303687267,6
9.101414281087342,5.64832502970326e-05,1.7083123831863845,3
7.627911509942589,6.281477326938566e-05,1.5085018176619693,6
10.887452502677622,5.502362537678462e-05,2.9993023505259075,6
10.54284779934909,6.31434425031528e-05,2.4505023202750325,1
12.374906717359556,6.155987583743472e-05,4.055608364204972,4
8.994708947777017,5.4481464853063996e-05,3.071931431834029,6
10.730604911156744,6.711632061708415e-05,3.9554000388029493,5
10.284520308474058,7.103854474371637e-05,2.5432685742315218,5
9.813061207558906,6.464876222293021e-05,1.6380760348643957,3
9.587321228555464,6.874910288495749e-05,3.473609609627773,6
10.873847039747105,6.233875071915398e-05,3.4572427427502754,4
11.235637679445897,5.308044344468092e-05,3.8480610927856365,4
8.673656512426,6.191082519169795e-05,1.1369688763425936,3
8.457122983203135,5.1175785781478714e-05,1.1791933506616163,2
10.116689912002855,5.533310756070758e-05,2.5484525466835213,4
9.762852312658149,5.621227199796087e-05,4.00748047643274,6
9.323883358775305,6.111588367432256e-05,1.6391317355944637,5
9.789693362023808,5.8573480267674794e-05,4.302983110291215,6
8.893276427600625,7.081268647213253e-05,0.6148269732949723,5
9.719268540929964,4.9197001068475945e-05,2.1838821483311937,4
11.866997500419489,5.8514051165718515e-05,4.15030967221613,6
10.573537362687448,6.099218319214948e-05,2.587947662804272,5
10.093763345549394,6.0569162368365405e-05,2.4917685565860688,6
10.89994211705745,6.358284571805063e-05,3.816718773358026,3
12.1007543273622,7.087930086488523e-05,3.9314284437263076,6
9.930860244502709,6.683535142148084e-05,2.167762616863164,5
12.025799394561238,5.701588716717741e-05,3.0814357089554054,6
12.139436273028734,6.445816950882183e-05,4.416055267212769,6
10.54269185707596,6.293939578375432e-05,4.3564311286065145,6
9.721792022250105,6.217902852450367e-05,3.375765411507158,6
8.789969821305816,6.634536799076083e-05,2.042215186217752,4
9.475464318404647,5.869557486834176e-05,3.074320721546436,5
8.40037216851076,6.420934649755811e-05,3.0025542533521667,4
7.727649043791063,6.05238927643251e-05,2.517332290401707,5
10.718742002608348,5.6696573095247494e-05,3.8104174801737987,3
10.26767481271131,5.959800422506202e-05,3.4537687671369617,4
8.417921725302405,6.671710254283262e-05,3.698856375255013,5
11.713479522500805,5.699654305320573e-05,3.892102305879276,4
9.993372200822348,6.392703184639152e-05,2.738051109373578,5
11.303053648660207,5.576720854845827e-05,2.136136114764944,4
10.124161574523669,6.577630448048998e-05,3.9368474539344653,6
12.934834914927158,6.875188053411529e-05,3.3118624208233065,4
9.301116954856747,5.341030225853395e-05,2.6488589080875746,6
11.236979857433486,5.6953692876527164e-05,3.587832034114189,5
12.763260224702522,5.727649422474437e-05,3.012167206831276,5
9.704078550405496,6.071118902874068e-05,3.3713225373200375,5
10.064874265167585,6.345541449268226e-05,3.040659456293543,5
11.6999439911504,7.002139180007672e-05,4.040891248761145,6
11.327202901848517,6.118032843279423e-05,3.3394835308090327,4
10.446672123521004,6.53642813389042e-05,2.6859041343353844,5
9.213513588408606,6.889977040006565e-05,2.551189504852969,5
10.977667124664265,5.457392566803447e-05,2.523706804637098,5
11.210461194670662,6.702518871598955e-05,3.786224126367604,5
9.4485982508393,6.260449472039868e-05,2.784945124276721,6
11.017510279693266,5.728011967696547e-05,3.3187093216735883,6
11.795664899980913,6.370241281166406e-05,3.213010274123197,3
13.089995557798481,6.584408005678432e-05,4.660895565765017,6
12.81668731429189,6.119609981154648e-05,4.576212436017638,5
7.904544781162211,6.136573342128942e-05,1.3140444573602672,3
10.783469886408259,5.500748310966791e-05,4.652498331551427,6
11.327668295475952,8.119219486293876e-05,2.0247050689807424,6
10.955441290459945,5.808496124076073e-05,3.254049566480016,5
12.742821600896132,6.553336007830658e-05,3.727487431276402,4
9.9978406410319,5.972963099851109e-05,4.604468877211937,6
12.039662750986698,5.324839384453294e-05,4.544524618138922,6
9.865712429104043,6.024157080763348e-05,1.7171738506264769,6
10.286627528482104,7.522737714959801e-05,3.7821578690853346,3
10.607490427750683,5.362072281971762e-05,3.0077623139511194,5
11.923015958868195,6.220114181052335e-05,3.751572629174519,5
12.764327618126034,6.845126799646348e-05,4.586191265503593,6
10.053425928406892,5.0007925958562705e-05,2.028873972875985,4
9.592397406119533,6.065887855576615e-05,3.5373669683177438,5
8.380038367633864,6.326348255419104e-05,1.7976794028230467,4
9.475296206514857,6.010748292036021e-05,1.5798957541593472,6
11.72474292720438,6.593296110898322e-05,3.553613155501605,6
11.168364473320572,6.902708824539252e-05,3.857653354372064,4
15.228246501668607,6.540777838763043e-05,4.819638316945963,6
10.99275351216413,7.679930659146141e-05,3.138106321213776,5
12.896801031733371,7.203636860128982e-05,4.95529186038552,5
12.29278373306905,5.1572926257582604e-05,4.52106376250996,5
9.388301761615804,6.284914617263225e-05,2.412797888927665,6
11.446537886083384,8.141407869467732e-05,3.3257930682339785,4
10.366527266080507,6.928927477032003e-05,2.438463734195144,4
11.923002459642419,5.858633136137399e-05,4.1590891630988125,4
9.667945625165878,5.896510263201692e-05,2.408978932803764,4
11.30363022258585,3.775502890416457e-05,4.989608856977015,6
11.313977008844365,6.006237650826816e-05,3.460445921110547,2
10.89365530864173,6.077582358110494e-05,2.7139886445444494,4
10.37361651317416,6.489753618142783e-05,2.4011928619273397,2
15.386037356604817,6.61608543553444e-05,3.957710096941134,3
8.881053200688845,6.970440819903868e-05,2.613810121671982,5
9.96045639881201,5.709683135582184e-05,2.7733534230433463,4
13.449532030855204,7.374826564706934e-05,3.6901264920551777,6
11.290686657771278,7.01461955693173e-05,2.8226743751351995,6
11.321939237028381,5.811410276092632e-05,3.702399540350453,6
12.647556199412717,6.218532218257322e-05,3.2893565751580116,4
11.2651403491986,6.152556280953965e-05,4.1987733646261765,6
10.864031262716328,7.353228781276277e-05,4.728032414530831,6
11.58730504773629,5.6272894657869e-05,2.98382553915745,4
10.774807512086095,5.4919726020267127e-05,3.841109969302797,4
10.339985894370553,6.71364955214544e-05,4.340103417296156,6
11.481488557711002,6.047018206141712e-05,4.083177196334415,6
8.041562220612326,4.600883265076356e-05,2.4193839588434685,5
13.594190555235958,7.053467693559678e-05,5.540428432696447,6
12.268476454967246,7.048262790131328e-05,2.9104960246527685,4
11.922596226286508,6.316873570410273e-05,2.7801651075937754,4
10.052375686903007,7.411354709043493e-05,1.5915545536869729,4
11.266096951123393,6.84068733506929e-05,2.815278956010475,5
11.684798418138216,6.54856179465172e-05,3.335550355912847,5
14.05824462486289,6.205446881946746e-05,4.87145671113091,6
13.565102416243588,6.623429361412747e-05,4.157348171325164,6
12.749797065062337,6.625221193558716e-05,3.9878057044273607,6
9.777392838265545,6.047109306609116e-05,1.922195158568479,4
13.52171511350043,6.537893895200444e-05,3.560432512322506,5
12.566970768596953,6.42373564003427e-05,4.062533344779687,4
10.949083213349702,7.797398635265695e-05,2.2036004769001454,3
11.543500141516198,6.477449306880857e-05,3.339879193077607,6
11.890039900759968,6.544247310006859e-05,4.82848733180137,6
9.598614416281618,4.924282110055106e-05,2.7247168063603975,4
11.457198651927422,6.024014608432331e-05,5.101432104070711,6
8.479845217333638,6.524883733027177e-05,3.4014009651049077,3
11.379587230854597,6.468187706166423e-05,3.496852188610592,4
11.112505400237875,8.017331371775663e-05,2.9012188965378307,6
12.51311093306677,6.933787788966698e-05,5.54382198842694,6
10.863164423422685,6.840371857908113e-05,3.256585030318738,4
10.294546631808482,6.895268376110194e-05,2.3024625578535414,4
9.577496223410781,6.201169842433846e-05,1.7780887320732737,2
9.957949507217274,6.656559113695073e-05,1.5903023980606312,4
8.77398681784036,5.640996299992826e-05,2.534794426136372,3
8.980502796540291,6.41150369344332e-05,1.6660510873779715,6
13.550083472438834,6.550973257335378e-05,4.253073934953157,6
10.836379024881094,6.25936834955148e-05,4.273434569381892,6
11.401438068103925,6.852266076594934e-05,4.655971743683644,6
14.33196315891157,5.989794344438075e-05,5.550221877104409,6
13.75429928660674,6.598667990038961e-05,3.4427418739260283,5
10.917478795368664,7.466671105462816e-05,1.6841127467066266,3
8.794130299538066,7.143400532192696e-05,3.5262778187623547,5
11.650788075275933,6.741199380635668e-05,4.448142397250303,6
7.738896865721148,6.0893289123536264e-05,2.3055532276707997,5
12.176868612441991,5.940280656789266e-05,3.701050260482141,6
11.558452652731562,6.0662784853540906e-05,3.904579972685559,5
12.596802589793471,6.305012948680823e-05,4.014355743661148,6
12.237760396587706,7.664230756241723e-05,2.9484181396496294,5
10.097184627676482,5.5663850951622784e-05,3.4770391640928677,6
12.406837906405606,5.514075259251483e-05,5.545051253135952,6
12.868247459947396,5.712125788572678e-05,4.255645111813203,6
8.470898874130732,7.34542737766437e-05,2.4830035102709584,4
13.577074724213166,6.22962375015385e-05,3.6745010496805417,4
12.018293559162018,7.025654869134658e-05,4.789406228711983,5
13.990351438683316,8.055820477431892e-05,4.326884817318752,6
9.423742963227568,7.06098354914229e-05,3.4622439326131706,6
11.13288541642454,7.097918857525647e-05,3.7588739238481126,4
12.457414292733999,5.559050463209586e-05,4.7036524593904785,6
12.468243560934058,5.2679564181586636e-05,3.427518597616886,4
12.609797635277413,7.256572995750509e-05,4.638133673554777,6
11.344791000762983,5.4582588345893584e-05,3.3888750598775075,4
9.630818026586454,6.097260241430423e-05,3.6743958506449528,5
11.936348915120579,7.371221765311518e-05,6.237795754544109,6
9.51204122961868,6.674716175412877e-05,4.109145490953162,6
11.432238505439418,6.21077213013774e-05,4.033922971628943,6
9.92440559587108,6.91574225755624e-05,2.972222761486578,5
13.329272812640124,6.24098466668464e-05,3.744379430191421,6
13.009718078279313,6.39494560624578e-05,4.604829550878885,6
8.74402635168066,7.166092227489848e-05,2.75382895390221,5
9.266984589984824,5.291738481152701e-05,3.0290114662853282,6
12.169138165325503,5.392517504590398e-05,3.3007483114678715,6
11.926552630871068,7.165346728061576e-05,3.1848835637237327,4
11.17265497130744,6.500116939744046e-05,2.6978643683218246,5
9.015770691040792,5.3266271727685045e-05,2.1097900463172428,3
12.52615245086152,6.937231860559059e-05,5.087487755121176,6
9.551003567437006,5.600744691651288e-05,2.9426863542324133,6
9.533897268151314,6.808211449563438e-05,2.3332043936289155,5
9.436718948683634,7.696339989767697e-05,2.0712115809390603,6
8.510826837297937,7.350369393534262e-05,3.388062577333863,4
9.735205749202898,5.4290705391266133e-05,2.279888954619655,6
12.975073636459758,6.512966065060317e-05,3.7235690999075217,6
11.397610242949217,7.1393994983253e-05,2.8312678323817195,6
12.312003628705758,6.391591384352585e-05,3.7053874802021145,4
12.148697533102643,6.641414377191856e-05,3.7446909811945526,6
12.071517908345344,7.938375947738175e-05,3.551962259982343,4
11.644946937655128,6.322749072795412e-05,3.605113267737403,4
10.330641773969644,5.548407533162984e-05,2.8158868864864672,6
12.327355485828905,6.261086866568856e-05,5.393235869702289,6
11.108287749827017,5.395309658034782e-05,3.9070574651968872,4
11.872684411897424,7.121590022596817e-05,3.977884832858945,4
11.927028731431932,6.4242331294652e-05,4.669856263339602,6
11.739032781584271,5.9711006367218606e-05,4.637191306359641,5
7.763390879626467,7.033810244764476e-05,2.318016131458471,5
8.098140995079998,6.788341642057055e-05,2.0005584301040273,6
12.499411446029967,6.120965954849635e-05,4.305905049714779,5
11.408591131476317,6.438397027616014e-05,4.044490506978525,4
12.724548080448404,6.720373319464446e-05,2.5172441178933638,6
8.31598630173758,8.108881636174865e-05,2.6369536495279453,6
9.528009084049364,5.654212154782163e-05,1.031182020945582,2
11.793446263123396,6.525737140753168e-05,2.869571760260186,4
11.638751862883133,6.673911165309397e-05,4.583864328010569,5
11.97612438083462,6.144212152319193e-05,3.281538282068678,5
11.768619820311159,5.066421000780309e-05,3.7884172854648264,6
9.450638144180838,6.281294509636187e-05,3.7798076859809333,4
10.607454334860574,6.419447543469486e-05,3.607854632437888,5
9.344132548436603,6.433007516306513e-05,2.6871206612924645,4
9.476000286450784,6.68336333369414e-05,3.05923172648208,6
11.963394416457845,5.857233312001393e-05,3.3504569383758938,6
11.245522750937509,5.6097737890899236e-05,3.567817721534693,2
11.026466588833575,6.19212326546415e-05,3.192511659889141,5
10.145218323272456,7.524174773470062e-05,3.277122521922511,4
15.030907167710248,6.248840313556364e-05,4.955842962391296,6
13.003590685734423,5.53067048537756e-05,4.477755994225947,6
12.276006174511819,6.945340956466579e-05,4.330082679613912,6
10.451267458430378,6.276748570649536e-05,3.661451504640974,6
11.148370375959946,6.37392939122759e-05,3.7398634570620164,4
10.716992588249587,5.992292181882212e-05,5.4553021008699245,5
13.82034386103609,6.327410913520702e-05,5.158201550365476,6
10.197750269680187,5.158943070806711e-05,2.9742005107606078,5
7.899000296356071,6.166105238944275e-05,2.211216732009917,3
11.999480349751613,3.0225982028428004e-05,4.161268994290991,6
8.546522592777787,6.849457564454313e-05,2.5451833391787657,3
11.652448033588062,6.118671892897488e-05,3.196521434223658,6
13.160514307235118,5.2515867961847016e-05,7.0900766863589455,6
10.67509110917884,5.1839839343169135e-05,2.802698640367983,5
11.996594488771798,5.616755695991686e-05,3.0107361325190722,5
11.33715637867493,6.533105984638013e-05,3.608429126516585,6
11.42213643597954,7.210978879260984e-05,2.9473307719195487,5
10.905238312874284,7.295359873353517e-05,3.009691105544034,5
8.997685263854176,6.460496789112073e-05,3.7474253933362265,6
9.279720671811006,7.487590502317819e-05,3.4178623390531424,6
11.606517148956524,5.73062841808582e-05,2.7171887705777764,5
10.252270264929649,6.333076136423786e-05,3.5420568792159295,6
9.89434846101579,5.63103015984376e-05,2.598073543951794,5
14.968219521219469,6.270092622870187e-05,3.956288584542877,6
8.913606362391667,5.830908367369888e-05,1.2844979224236663,6
12.190609102856488,7.50228279494423e-05,4.435385873835026,6
8.997712122142664,5.780595631168257e-05,2.352215233733292,2
11.432951772277832,7.104651547734173e-05,3.3571900233913627,5
10.314017440107573,5.476083010203365e-05,2.43510178150883,5
11.713449676537445,5.939407623475912e-05,5.066636513345252,6
12.823783388908256,5.423555149470133e-05,5.071278449101991,6
13.114871301880974,6.429943866319984e-05,4.974690148183655,6
12.42992372106312,5.038976315992927e-05,4.9261571361147,6
11.33313999147098,6.744908362760628e-05,3.1174370056002982,3
11.561576676511853,6.22798075063527e-05,3.9951938026558085,5
11.21658078726234,6.303867145094625e-05,2.347728026700095,5
12.926648566118946,6.932861564794228e-05,5.7795777303017655,6
6.7381589253868555,6.375395418921568e-05,2.0339139870529355,6
9.77826249651066,5.769236778785953e-05,3.274213358500072,6
12.840860374264215,5.934957955032978e-05,5.270320187115118,6
11.224962054413131,7.908576431951459e-05,4.221360690319507,4
12.759531938876158,4.412996653783999e-05,3.6989115025933126,5
10.719436514321456,6.506921737944768e-05,1.4925091140746485,2
9.382454187570305,6.088118704339674e-05,2.0043013537502863,4
14.003594558889521,7.543466542500858e-05,5.476765464217242,6
11.59171573440758,6.646275784101092e-05,3.054320323106971,6
9.940607475909609,5.045785955953313e-05,2.720300366628311,4
11.029361354475402,6.896435251695454e-05,1.9123111257924557,2
10.935718342387535,6.950420130364865e-05,1.2011761116947826,4
11.169366511811608,7.533387043834871e-05,4.118022020041067,6
10.428663572207423,4.836418374411072e-05,3.34623897143846,6
