7.361819949764408,1536.0,0.23402743735184933,1.0,7.148395335161253
9.738826427779262,1536.0,0.10442414054935534,1.0,9.205820867711957
11.047314747124512,1536.0,1.6982345175164624,1.0,12.273018721384949
9.91328253756881,1536.0,0.44287331245210404,1.0,10.132401344711052
7.381564761567175,1536.0,0.0,0.0,7.203365490943441
7.843449790372198,1536.0,0.8532966942579118,1.0,8.655949852863118
9.181971138241705,1536.0,1.7664632748291602,2.0,8.762634305627738
9.508308100844665,1536.0,0.9218170812656983,1.0,9.575860151557727
6.84245849890468,1536.0,0.34372129886423886,1.0,6.728864921733758
9.429044666242438,1536.0,0.6555089337865947,1.0,9.817027744882918
8.41805889233052,1536.0,1.15876621930153,1.0,8.144031207730606
9.334258873117736,1536.0,0.8771739487233075,1.0,9.794418547193482
11.1943078888695,1536.0,0.8049681109533486,1.0,10.542230835461176
6.786706564887111,1536.0,1.112842851614722,1.0,7.642329649127317
8.157988655548968,1536.0,0.3653537655439117,1.0,7.521012932120625
8.79518645649085,1536.0,0.8246529026873416,1.0,8.788614842320456
8.779311578172916,1536.0,0.8544566358382144,1.0,8.58507378330246
8.339170327030851,1536.0,0.6223236075878018,1.0,8.163331179061423
8.651601372213854,1536.0,0.5910158044330496,1.0,8.19796831299881
7.5766154238206935,1536.0,0.17587341606512524,1.0,7.961414109842924
8.825473325364959,1536.0,0.0,0.0,8.507829147275837
9.041379110550324,1536.0,0.3297768632150959,1.0,7.994903435554921
11.228305631062037,1536.0,1.2410152534214043,1.0,11.6043818330785
7.372572942257883,1536.0,0.13398013812484177,1.0,5.443215774585296
10.343120953493571,1536.0,1.3166539679298848,1.0,10.554247649983886
6.588544045780862,1536.0,0.0,0.0,6.271307336298718
7.936157605816595,1536.0,0.5238058282689361,1.0,8.194559655628012
10.117173575589417,1536.0,0.7307395619049882,1.0,9.92713752287009
6.962241890474793,1536.0,0.0,0.0,6.24490999890325
7.6556631845982634,1536.0,1.2234760652465435,1.0,8.606447071168247
8.719328629832008,1536.0,0.0,0.0,8.682418089933401
8.073340928452621,1536.0,0.9421740780785399,1.0,6.996290090457621
9.162592267211354,1536.0,0.24881233022228555,1.0,9.319794068371227
8.853988020313997,1536.0,0.830186694542661,1.0,8.838704098539056
5.359242808975017,1536.0,0.3029137255600849,1.0,4.782083082929229
8.841755119992905,1536.0,0.886518061463948,1.0,8.896730371151374
6.82973823208469,1536.0,0.0,0.0,5.830681469337858
9.569074545665096,1536.0,0.8422978396610844,1.0,10.797851684584927
9.028802418205515,1536.0,1.53579087725637,2.0,8.330257131165986
8.678777277059194,1536.0,0.46158972408589494,1.0,7.896111529842515
7.242226572438307,1536.0,0.4858124885989591,1.0,7.0079400100533
8.953551394919414,1536.0,0.6065046660582399,1.0,7.763666167531778
8.225840742880782,1536.0,0.922993280977582,1.0,7.216236192864629
9.62510710657156,1536.0,1.4525545640311233,1.0,10.007303329565213
5.8246670894968835,1536.0,0.579756363587617,1.0,5.806565096374259
9.265000808108237,1536.0,1.2092742775117127,1.0,9.175516511513122
6.55231823537309,1536.0,0.2730198700193242,1.0,7.388928485623753
9.348357715783324,1536.0,0.43326396364980907,1.0,9.180853400819554
8.008488161886028,1536.0,1.1011972620342014,1.0,7.938367104187019
8.133202103112415,1536.0,0.6222251796781189,1.0,6.5661016917311805
11.6507641511161,1536.0,0.7661378883247708,1.0,11.21486890983226
7.75778328787254,1536.0,1.592511151233043,1.0,7.980304484951604
6.482322271952598,1536.0,0.38015343167778787,1.0,6.970155942926588
9.703307408139203,1536.0,0.4523942058356042,1.0,8.84157842299875
9.971072588525452,1536.0,0.5746593935657137,1.0,9.948983092090401
8.48199973329662,1536.0,0.5591378267726608,1.0,9.079394145006484
7.165133699413182,1536.0,0.8019268695248161,1.0,8.080111302743273
9.835488695793698,1536.0,0.3384648712869831,1.0,9.884943941213601
8.598170977124305,1536.0,1.3179439943358244,2.0,8.098010228614381
11.07525148073674,1536.0,0.8834805087621906,1.0,10.912361481406736
6.849815288692115,1536.0,0.5072312305985874,1.0,6.571534466384189
8.834679900681095,1536.0,0.3065986616686436,1.0,8.75045417265682
9.766043319419472,1536.0,1.3192705038096617,1.0,10.503996624145488
7.636371830395026,1536.0,0.4727542553240501,1.0,8.782100084542162
9.016909248943897,1536.0,0.8855770263605263,1.0,8.600117091475198
10.312954174861115,1536.0,1.3312916439644633,1.0,9.656196722353432
8.359350079315304,1536.0,1.0821284207310873,1.0,8.860431499033824
7.739641781764133,1536.0,0.48095999503147197,1.0,8.396728048519407
10.657672642306306,1536.0,0.8461859746865656,1.0,11.057879771806395
9.327019264605143,1536.0,1.0627920710486027,1.0,7.266098413811827
9.952908645156032,1536.0,0.0,0.0,9.653661697941025
7.381705177980205,1536.0,0.11959490933585021,1.0,6.334817934461648
6.782986416644027,1536.0,0.14059387551120417,1.0,6.145808901032065
10.881266623640233,1536.0,0.6586588510967648,1.0,10.803212086938828
6.845923411503018,1536.0,0.039861108421510305,1.0,7.105364084959701
8.161628608603884,1536.0,0.98427643418311,1.0,8.586086714827186
7.221225823249943,1536.0,0.675460902681906,1.0,7.34287893689425
7.194005287092035,1536.0,0.5097140111817443,1.0,7.600889160371627
10.799507468532767,1536.0,1.0067303784686454,1.0,10.757080620189186
7.488203688454643,1536.0,0.2502816123913259,1.0,7.3197989883455
6.2928611120753555,1536.0,0.0,0.0,5.847449321274564
6.433273478643564,1536.0,0.7970406835649232,1.0,6.663487599496717
8.81815179671452,1536.0,0.9292343813341712,1.0,9.064949206617936
9.048369739929747,1536.0,0.1077259912061968,1.0,8.304893353295686
7.467776714344825,1536.0,0.6345021970787806,1.0,6.80270865241645
10.116853149414354,1536.0,1.238654712886201,1.0,10.669706456667047
9.59488558716852,1536.0,0.8776788198419179,1.0,8.571802697396006
9.439700810172633,1536.0,0.7084516718868266,1.0,9.346830266378872
7.520421788577427,1536.0,0.32535697339417124,1.0,7.489308094152538
10.570612729469191,1536.0,1.1027853584954501,1.0,9.957317917502257
9.478632024463554,1536.0,0.008250971037890076,1.0,8.694949658698375
7.194012820515626,1536.0,0.5179320763563166,1.0,7.85807676680027
9.970109437281122,1536.0,0.7362896957020115,1.0,8.919334771131957
7.01085992518977,1536.0,0.0,0.0,6.063659545746286
7.655067806592268,1536.0,0.0,0.0,7.407358928200473
7.015682568812042,1536.0,0.0,0.0,6.995482073451816
8.6855118932374,1536.0,0.6847860301669993,1.0,8.302143858292736
5.476198521983137,1536.0,1.1038497494137047,1.0,6.378260788502056
9.65252666262695,1536.0,1.2124611428428707,1.0,10.152554647140185
8.769558834687498,1536.0,0.0,0.0,8.21461123644459
8.39727669607478,1536.0,0.9915706031545264,1.0,8.65069155557656
9.502804879868709,1536.0,0.5857245965432626,1.0,10.558872390434992
9.06239391348843,1536.0,0.18005153593606466,1.0,8.448555648998504
9.21519953048516,1536.0,0.5622916489486,1.0,8.959260033172447
8.327605786922026,1536.0,0.5625707975518377,1.0,8.34758473938524
9.298553429350468,1536.0,0.0,0.0,8.610533884020622
9.60150202684588,1536.0,1.1894997759938737,1.0,10.51881256794685
7.9613103499953795,1536.0,0.09038575889693323,1.0,8.262081939862568
7.826301869523565,1536.0,0.02658358796010779,1.0,7.501541977382851
10.055511899433018,1536.0,0.0680935566290275,1.0,10.481569797335982
10.687103791764347,1536.0,0.4034299174135264,1.0,10.266173945203406
10.09121756158914,1536.0,0.0050487808189929595,1.0,8.337888113285619
8.595695396657606,1536.0,1.2102722070103096,1.0,8.428052459092232
7.483751765606871,1536.0,1.061321468666716,1.0,7.934819257129053
8.254288134315285,1536.0,0.26455282948221576,1.0,7.698820934074062
9.692684885879427,1536.0,0.6080863975448816,1.0,7.677227927623868
8.320958002217617,1536.0,0.88276516610721,1.0,8.454152013849246
7.352386583861485,1536.0,0.05464181641704585,1.0,7.98148492451698
7.083129785688148,1536.0,0.41871043180455564,1.0,6.896203795030131
8.72833425808041,1536.0,0.0,0.0,8.34187845992337
10.554256436842973,1536.0,0.737470092490332,1.0,9.787168996674183
10.288358420848615,1536.0,0.4232085896248829,1.0,9.587175477560553
11.277617519415259,1536.0,1.1553415951941037,1.0,11.097565025375827
10.461216032004605,1536.0,1.180982750277317,1.0,10.310147526088212
8.82497218535981,1536.0,0.3322342182557707,1.0,8.09509650567926
10.58322120398464,1536.0,0.2794395809891823,1.0,9.290220334374512
8.32089582422402,1536.0,0.2707184719245599,1.0,8.313958304354438
9.828668888158267,1536.0,0.2619662520032316,1.0,9.852771781015317
9.186015820993845,1536.0,1.0100819017030263,1.0,8.798011280760313
8.574631160070759,1536.0,0.9242713904833895,1.0,8.383091343506308
8.334801726511344,1536.0,0.19041800790266977,1.0,8.283771443001115
8.033452263190908,1536.0,1.0653495486932663,1.0,8.462703865887095
10.127170659347378,1536.0,0.1888354265056461,1.0,9.218338538320218
9.22859233181769,1536.0,1.228147149513775,1.0,9.564242271096527
9.694285015713687,1536.0,0.5495430352543443,1.0,10.33071001563399
7.725951159437661,1536.0,0.6632390581506068,1.0,7.140237715342032
8.883109700199965,1536.0,0.3634445017962651,1.0,8.860486308637581
8.518562222688862,1536.0,0.42464325499431615,1.0,8.488219172300518
8.037790916895453,1536.0,0.06348779368999657,1.0,8.061034819730793
9.265259920508893,1536.0,0.6427005515114733,1.0,8.148210043529598
8.675327546920602,1536.0,0.0,0.0,8.245985694039845
6.725403414396903,1536.0,0.0,0.0,6.719609382194255
7.28027368308035,1536.0,0.2750678455295884,1.0,7.313926675306969
7.8167256840849495,1536.0,0.46773253562183154,1.0,8.358822372595553
9.520465411349964,1536.0,1.6651949291269927,1.0,9.31942413107327
8.911245899274908,1536.0,0.1457738888466134,1.0,9.464912730027926
11.421648505136528,1536.0,1.0168134083768365,1.0,11.73325064984777
6.634450174322016,1536.0,0.0,0.0,5.575855031122982
7.891470486055285,1536.0,0.10517893038538889,1.0,7.581448951196657
6.7516939132042495,1536.0,0.8804173814478247,1.0,6.369225783056796
10.453138327402254,1536.0,0.19375403954717474,1.0,9.965936627576282
8.404237275330589,1536.0,0.28468689653125345,1.0,7.94893467137717
8.045549794917648,1536.0,0.0,0.0,6.805993042224849
8.146600480191752,1536.0,0.0,0.0,7.750329925215713
9.360651059624898,1536.0,0.8158115830677072,1.0,9.729888464411728
8.842612078858881,1536.0,1.010817910645331,1.0,7.90507979687176
8.61553396379055,1536.0,0.5038060333679496,1.0,8.152575489639966
7.17860758838485,1536.0,0.5260260005416245,1.0,8.17065377963353
9.046298458683014,1536.0,0.27738483195095953,1.0,8.14496246903504
9.437247131055884,1536.0,0.45562225305405385,1.0,8.945326167504273
6.362379594863939,1536.0,0.13150744347246002,1.0,6.301377813758679
5.728997374425678,1536.0,0.18441683079378607,1.0,5.711311587346515
9.876700889451431,1536.0,0.9016039625265222,1.0,10.325355489648706
10.755760160180259,1536.0,0.6300732018942797,1.0,10.425362350204901
9.256518983220811,1536.0,0.3104991430955996,1.0,8.917469179072313
9.966049297251253,1536.0,0.7539261011313451,1.0,10.73089199698462
9.476522578637303,1536.0,0.8945325502183201,1.0,8.96638841142348
8.64130090510709,1536.0,0.5160202025104882,1.0,8.306577216832757
8.758816416836666,1536.0,0.3386539417667737,1.0,7.54126449144351
8.39997072730938,1536.0,0.24563907156994508,1.0,8.77368167016832
8.802790074300978,1536.0,0.44520568381714726,1.0,8.957860222069858
9.52716966661409,1536.0,1.425135838698203,1.0,9.202775488968808
8.181805032812658,1536.0,0.5825668965045613,1.0,8.233804030478264
8.817923283639654,1536.0,1.0547726565679905,1.0,7.641973788503075
6.979425882680148,1536.0,0.017827567183088755,1.0,7.034027414768952
6.5864019015019,1536.0,0.0,0.0,6.231101737696694
10.53818332984302,1536.0,0.3799650666178087,1.0,10.446134551625317
9.335719861790512,1536.0,0.0,0.0,9.165415276371624
9.495675972681328,1536.0,1.010846202676801,1.0,9.40417797405171
8.773685466921851,1536.0,0.15781366876426395,1.0,8.654856722277131
9.75041164305865,1536.0,1.2331506978020372,1.0,9.92369106147299
8.562100952474022,1536.0,0.1071495346838866,1.0,7.723288589287917
8.493829728443263,1536.0,0.41917030187245075,1.0,7.775261507251049
10.593608731002307,1536.0,0.148735601410998,1.0,9.654491591002207
6.995013920753038,1536.0,0.42687679067769324,1.0,7.374458926887782
9.552781184772103,1536.0,1.3744649088539698,1.0,11.123374954397246
10.524242190584651,1536.0,0.8060334369149409,1.0,11.198879505549321
8.555484285542178,1536.0,1.189266532053872,1.0,7.927942225414556
9.635803020027467,1536.0,0.2602608575025064,1.0,8.248198979712125
7.722315501351231,1536.0,0.7862370546004807,1.0,8.317954858860148
9.159347650890483,1536.0,0.8351237710888147,1.0,8.322805638080087
7.6997382947673785,1536.0,0.0,0.0,6.843593356906724
8.65688197082248,1536.0,1.4827200404086303,1.0,8.997110620239635
7.8909356867328455,1536.0,0.2818111728069562,1.0,7.238127565227803
9.54021377086183,1536.0,0.5555898640033267,1.0,10.355432750790332
9.896922333209298,1536.0,0.464962097508991,1.0,9.23958301847113
10.617411148110262,1536.0,0.03695292965591751,1.0,9.938296648836841
8.242233751636912,1536.0,0.30617667096921436,1.0,8.305844963782656
6.96214864268869,1536.0,0.0,0.0,6.553343428198309
8.953779823100199,1536.0,0.046249547753498266,1.0,8.89904208177308
8.504980187206728,1536.0,0.9211189479939721,1.0,7.622069387452173
8.6320163849885,1536.0,0.3931716092133094,1.0,8.272741412745438
8.64144082992782,1536.0,0.0,0.0,7.822320075938855
9.783618475929945,1536.0,1.779915933175657,1.0,9.98852821455294
8.903491395145263,1536.0,0.6552887255967776,1.0,8.91630601972767
9.035319379356464,1536.0,0.0,0.0,8.571550926977437
8.671249019390865,1536.0,0.48022264158561795,1.0,8.819392526233136
8.446318457981734,1536.0,0.5201733518649047,1.0,8.094584836852682
8.053762544983169,1536.0,0.9870779727651844,1.0,8.026927229335868
8.842957593993043,1536.0,0.7732919564499051,1.0,7.97005571957395
10.572240260154999,1536.0,0.8506628138568608,1.0,9.874674710310007
7.799182372983843,1536.0,0.608925811986695,1.0,7.758997091978644
9.097759166965082,1536.0,0.10668342443163414,1.0,8.735121974278966
8.247210500969926,1536.0,1.0183044485763955,1.0,9.653978359520444
9.09294427717308,1536.0,0.40535779097328206,1.0,8.747437514937566
10.353896980983674,1536.0,0.616700398895053,1.0,9.566464679408028
6.280103405240912,1536.0,0.2232836737004384,1.0,6.872941048504844
7.389797241508116,1536.0,0.1055461035704251,1.0,6.865785358339829
8.752561468593425,1536.0,0.2017588265741358,1.0,8.736248053229179
5.9076322803053785,1536.0,0.8539797641951968,1.0,5.629204044405407
7.62514068720366,1536.0,1.0616786692766458,1.0,8.361369118095576
10.018476895758827,1536.0,0.56087509764721,1.0,11.046380991865934
9.115128800280367,1536.0,0.8571951782720839,1.0,9.718456785707662
8.13371978215966,1536.0,0.11059391275604291,1.0,8.15979061197922
8.510041669041946,1536.0,1.0817421595627081,1.0,8.09458477587986
10.567623765563352,1536.0,1.6446763629589127,1.0,10.880067955076939
8.742398555756688,1536.0,0.0,0.0,7.91104315268882
7.757904684664383,1536.0,1.0510835110550003,1.0,8.18379445830826
7.822489726865124,1536.0,0.2146151811040355,1.0,7.9247785690890264
9.59825467452236,1536.0,1.2941729559212085,1.0,10.486650710789958
7.579909886399837,1536.0,0.796789191897774,1.0,7.390847858988465
10.103036737703757,1536.0,0.7553842365762358,1.0,9.572445481719893
8.38064258256118,1536.0,1.188449652486831,1.0,8.400261031086067
7.99412765336919,1536.0,0.4024516607135341,1.0,7.391928382615479
8.590224766366369,1536.0,0.9616380908181237,1.0,8.709206684559916
11.10577614796328,1536.0,2.057035745570822,1.0,11.09380253366216
7.8279279109215265,1536.0,0.4874074206228485,1.0,7.525887966152419
7.8082107429589875,1536.0,0.42655986347307345,1.0,7.743503467758474
9.117167415616066,1536.0,0.4876917879360554,1.0,8.818427695530756
6.892283771454435,1536.0,0.1332814794310272,1.0,5.365719572370622
7.975046302332755,1536.0,0.3561510822827117,1.0,8.102490221234971
7.995792551753229,1536.0,0.3749506862992768,1.0,7.435365119723161
7.843161569123548,1536.0,1.2401350381083756,1.0,7.7461651770642135
10.902108669968765,1536.0,1.5299120456751387,1.0,11.056998230448784
10.33035756796652,1536.0,0.7888251668523389,1.0,10.345936057078353
7.638996874242721,1536.0,0.0,0.0,6.775727264577741
8.74703598915464,1536.0,0.8800934228505981,1.0,9.167317934916134
8.220709040401587,1536.0,0.305971506414921,1.0,8.6082313056189
10.351365408674498,1536.0,0.3581155534250564,1.0,9.564151737873225
9.843704412003284,1536.0,0.6334664106352571,1.0,10.174135806741536
9.626364442784146,1536.0,0.2883512560911231,1.0,9.236619275652338
7.477666483800716,1536.0,0.0,0.0,6.5247128086578945
10.977256996162701,1536.0,0.0,0.0,9.436568486348214
7.9529524671774965,1536.0,0.971873616714834,1.0,8.239067912763101
6.7343632324906375,1536.0,1.2557426710000283,1.0,7.188519280306623
7.927271369207327,1536.0,1.0879072192330757,1.0,8.66679325301864
9.090812962231457,1536.0,0.4824509738855845,1.0,8.735690533190787
8.01093475046858,1536.0,0.2933248906697432,1.0,6.839005737659372
9.279917837005158,1536.0,0.3886463833451337,1.0,8.451850934035932
10.668028579277559,1536.0,0.0,0.0,10.612066818264685
10.24074096700044,1536.0,0.40420495687748625,1.0,9.617694769101838
9.144439556491953,1536.0,1.533895100808481,1.0,9.539435986475013
8.0290840874424,1536.0,0.0,0.0,7.297581937098926
9.42382063069683,1536.0,0.8660257434281826,1.0,9.381561408588475
10.434918448377914,1536.0,0.01926377271741253,1.0,10.841518541119449
7.08889446364455,1536.0,0.008623353502718478,1.0,6.606738192324874
9.654660917604742,1536.0,0.0,0.0,8.788022360600037
9.663770828332975,1536.0,0.28507780474962396,1.0,9.460476838660082
7.583298612816572,1536.0,0.9092253713085433,1.0,8.15639897168945
10.051351498935096,1536.0,0.6937791177841178,1.0,9.706908022438814
10.450009675405585,1536.0,0.9996427506640554,1.0,10.600352588079915
8.963825819562203,1536.0,0.6957985658082038,1.0,8.103155894613966
8.292516224179419,1536.0,0.38397931424447934,1.0,8.165290914548182
11.414738568811156,1536.0,1.7366480573470326,1.0,11.374061024515733
8.954470285417957,1536.0,0.0,0.0,7.146598820344807
9.051225127846289,1536.0,0.380587701893033,1.0,8.523254728929343
8.509222884577223,1536.0,1.7553499798258154,1.0,8.997010440689373
9.74254890987775,1536.0,0.7222340519427776,1.0,9.835907338743606
9.06470466916436,1536.0,0.14297274789379033,1.0,8.568948547653013
8.455593671594785,1536.0,0.5695480404291445,1.0,8.318216532056967
8.605556519815597,1536.0,0.0,0.0,6.767881944688889
8.497341970578898,1536.0,0.3918885912332855,1.0,8.226479174085018
6.848117734455419,1536.0,0.2894724590113691,1.0,6.982802924480053
8.436946392993296,1536.0,0.7429486060089525,1.0,8.316435411096403
11.304881734375666,1536.0,1.0764505893232177,1.0,11.735933086724328
8.798599758405423,1536.0,0.37543116723348396,1.0,8.692747280565179
9.639671133143839,1536.0,1.3379572826058705,1.0,8.86793857172545
7.091676260911806,1536.0,0.6278606746640193,1.0,7.783243694507034
6.516126966730986,1536.0,0.0,0.0,4.86508376023755
5.36463956300978,1536.0,0.0,0.0,5.412570169875792
9.108571182192813,1536.0,0.8478533384697945,1.0,7.333568946568539
7.588025644448809,1536.0,0.39484834574098215,1.0,7.015619939942568
6.655376413216871,1536.0,0.4259182421140879,1.0,6.289273717738449
8.226112507478563,1536.0,0.648949251456515,1.0,7.981778462689183
9.024669614804498,1536.0,0.6183908938679239,1.0,9.717433930747516
9.16665371597402,1536.0,0.970671590321817,1.0,9.53537855487605
7.874568134107843,1536.0,0.7916819973537224,1.0,9.010985740116935
9.52478005173905,1536.0,0.16845789498718722,1.0,9.471998999602928
9.048658412384732,1536.0,0.6250433783465557,1.0,8.727219262018851
6.584925435550601,1536.0,0.8218299091614958,1.0,7.506567922675454
8.890489908289064,1536.0,0.9223745835306655,2.0,7.949994306206163
8.16049632262793,1536.0,0.6046492419705639,1.0,8.635394509480404
7.088722083450926,1536.0,0.0,0.0,6.493578429799261
8.718391307756173,1536.0,0.2875077580799603,1.0,8.09675046186085
11.098778241589722,1536.0,0.04220901103374436,1.0,10.787786110984822
9.490998142869074,1536.0,0.7599070657805707,1.0,9.138226898067945
9.409688899907884,1536.0,0.5253040560920639,1.0,9.08323853210522
8.625065345998784,1536.0,0.9954840813762748,1.0,7.8811313338337055
8.83414816548758,1536.0,0.38457311224420476,1.0,8.61374821942949
9.72185684839668,1536.0,1.5693475534758816,1.0,9.430044144098087
8.563650430139596,1536.0,0.0,0.0,8.023954608271183
10.00802973603871,1536.0,0.868846318742925,1.0,9.89789428112885
9.341271688016056,1536.0,0.08993044227589697,1.0,8.426083192705342
8.581860816402713,1536.0,0.7177391558663285,1.0,8.797733752618695
10.705496723455193,1536.0,0.6679824810075369,1.0,10.790996525462056
10.729686310081316,1536.0,0.5844371541740343,1.0,9.771337391062685
9.08104805223995,1536.0,0.8689942114022802,1.0,7.6966049520879025
9.130714189914237,1536.0,0.7716983576856866,1.0,8.813890283486394
9.622026035316466,1536.0,0.07397828389492733,1.0,8.159149051145322
7.983920885325933,1536.0,0.6793039746064291,1.0,7.843719719652429
8.489557197474646,1536.0,0.0,0.0,7.894039830590851
7.709709885531978,1536.0,0.8214353913770519,1.0,7.600331515358969
8.986706652459816,1536.0,0.570012029851802,1.0,8.4433410117793
8.890396739937637,1536.0,0.0,0.0,8.521171287065734
7.389051836867289,1536.0,1.1660409975110815,1.0,7.9763590583731405
6.148412893780292,1536.0,0.2346462020911646,1.0,5.534507810914329
8.39238663985135,1536.0,0.7769385221895583,1.0,7.9551316662200176
8.031403616245129,1536.0,0.5013404015523464,1.0,7.732709043616762
6.49001485375574,1536.0,0.3294625852672513,1.0,5.618211000644525
9.950924484142204,1536.0,0.4811124299776582,1.0,8.977760973833092
10.429483224783883,1536.0,1.7435169086312068,1.0,11.927258968611456
9.003977100726397,1536.0,0.28653923330874087,1.0,9.121962412097284
8.514218627293014,1536.0,0.5254858033930805,1.0,8.788002308454608
9.67300919188836,1536.0,0.10165387206830823,1.0,9.59408465400896
6.6775088933709785,1536.0,0.05648357769285284,1.0,6.764381461794951
9.039397835384872,1536.0,0.6906019238727498,1.0,9.176755826975551
6.122092831738535,1536.0,0.0,0.0,5.647194070631762
10.310451633633992,1536.0,0.2973819817961286,1.0,10.210539722027521
10.371390280884908,1536.0,1.0689800102821865,1.0,10.061317556519858
7.018097261327877,1536.0,0.12936732460671269,1.0,6.4859684829130675
9.21283692319891,1536.0,0.07856075818553915,1.0,8.608107053931851
11.196210460969937,1536.0,0.5493161782087903,1.0,9.711408710272448
7.280160098433449,1536.0,0.5812374471765731,1.0,7.190950794041115
7.709209260212714,1536.0,0.44628499131219074,1.0,6.771295314789327
9.990945558217474,1536.0,0.6784824205099732,1.0,9.135057589736038
8.926633064540084,1536.0,0.2799537658795568,1.0,8.88014793371589
8.38843938756971,1536.0,0.5813234964039264,1.0,8.031960703776829
8.951776215797754,1536.0,1.0033386951243592,1.0,8.250089524994344
8.650185856940453,1536.0,0.2564429278676633,1.0,7.9331903860816215
7.687029235560777,1536.0,1.116071635494021,1.0,7.430280780539345
6.210575120145232,1536.0,0.1316252868152944,1.0,6.780937327161791
8.868607910525192,1536.0,0.47277747516928387,1.0,8.928349871188997
7.477177045714004,1536.0,0.31497506842702794,1.0,7.396525264379557
8.683750268488586,1536.0,0.5028310142566461,1.0,8.561687582314129
9.371568458031183,1536.0,1.2462284000738975,1.0,10.106340608836387
10.467164875444608,1536.0,1.6714315135198157,1.0,10.528395767362136
7.930293325954712,1536.0,0.0,0.0,7.631768597106304
5.926292010639287,1536.0,0.3669039037721731,1.0,6.029330668297651
6.745484056841779,1536.0,0.7934781455154292,1.0,7.107264235431451
8.771584480330205,1536.0,0.639933997145847,1.0,9.12945366529049
9.740218595201366,1536.0,2.412771022577648,2.0,9.872395874310406
7.837515477614062,1536.0,0.43477714239067644,1.0,7.537278066195654
11.140529114903092,1536.0,0.46663163725763196,1.0,10.199693522610794
8.35501859091917,1536.0,0.27332816462570864,1.0,9.452044702374735
6.595387860186921,1536.0,0.0,0.0,5.511072070066287
8.39568718814353,1536.0,0.6993117335608385,1.0,8.093454693182744
10.131208571003697,1536.0,0.27490873643788727,1.0,8.94813453839557
6.613189545056852,1536.0,0.0,0.0,4.927836956455556
9.228436666762358,1536.0,0.4716458778346909,1.0,9.454418950227392
8.160039945473311,1536.0,0.0,0.0,8.974036863698112
9.609555049774785,1536.0,1.0236412607354182,1.0,9.918350194949975
10.307888207578221,1536.0,1.3143245573586697,1.0,10.834503241326
6.462251492076899,1536.0,0.0,0.0,6.415429538192012
11.191785114562716,1536.0,0.2590630608280902,1.0,10.922998898449702
8.019134251803225,1536.0,0.0,0.0,7.053850304553627
8.384915447256367,1536.0,1.2630164267905775,1.0,8.311157936418327
8.953255969102665,1536.0,0.5274388351252982,1.0,8.671314491527747
10.702594533252764,1536.0,0.0,0.0,9.968019984206695
9.006807931840717,1536.0,0.897848963683546,1.0,8.825285640288337
9.162895117436562,1536.0,0.7034393778646025,1.0,9.62006061464381
9.1085559699516,1536.0,1.3920454967319515,1.0,9.719277934669096
10.955263539080168,1536.0,1.1669497359533816,1.0,11.049452444675035
9.292588656794033,1536.0,0.6330268411143262,1.0,9.25513323823221
8.238083346531171,1536.0,0.8939375544598434,1.0,8.649786845679197
10.881988784516475,1536.0,1.1647187768649276,1.0,10.28298667559715
9.497242648941345,1536.0,0.37538435362320827,1.0,8.803345108912591
6.172604568140022,1536.0,0.22476477826298308,1.0,7.201963217802713
10.049716572121257,1536.0,1.03644480251653,1.0,10.693022143776886
8.690441936539896,1536.0,1.3647176588201733,1.0,8.70079880555468
9.85780353059616,1536.0,0.5244062630975143,1.0,9.302778337803698
8.56731262923233,1536.0,0.8045946170420943,1.0,7.959556769130297
9.511282349701114,1536.0,0.8442810098162601,1.0,8.15145733826969
9.197080155876785,1536.0,0.9678496307379261,1.0,9.284057331583695
5.259186609918611,1536.0,0.5779040274208556,1.0,5.48119723191122
10.539933299803023,1536.0,0.7681550311857593,1.0,9.91302722528934
8.760732114828391,1536.0,0.16920422936605767,1.0,8.202070402242335
9.47386855235897,1536.0,0.5661320742050328,1.0,9.092133215112595
9.124275550407454,1536.0,0.3714704081744019,1.0,8.34872203879393
7.367806762321317,1536.0,0.22874326335869066,1.0,7.202232143209053
7.192509299085963,1536.0,0.32595299118124943,1.0,7.157771879948692
7.432994482229314,1536.0,0.00225064621990978,1.0,7.390309515703977
8.966205376018877,1536.0,0.8803439202469603,1.0,8.879942644239547
8.327644219051098,1536.0,0.26981631759724833,1.0,8.874624371530974
8.894053499872445,1536.0,0.0,0.0,8.53080980355858
9.390061971807345,1536.0,0.9775856126976279,1.0,10.676956131205813
8.433077464497844,1536.0,0.3815480511264176,1.0,7.625689430862944
8.431123382458807,1536.0,0.7662551132014958,1.0,9.128253699897613
8.684359456097953,1536.0,0.48936031245789896,1.0,7.698703834026608
7.517322592070632,1536.0,0.0,0.0,7.3598636852733765
6.431942739672867,1536.0,0.2303683261403931,1.0,7.776395970931235
8.882647030811002,1536.0,0.8708468732636488,1.0,8.635670494596022
10.922976757119093,1536.0,1.5296423462611373,2.0,10.510003985371721
8.730537679321078,1536.0,0.8764243552177186,1.0,7.797652773533814
11.253840382034396,1536.0,1.191741410553017,1.0,10.74722127002364
10.003919405153141,1536.0,1.1520958228666949,1.0,10.534937693030336
6.9401128452859,1536.0,0.4475834623467652,1.0,7.331790157583171
7.633821233213013,1536.0,1.1201739103351336,1.0,8.370615521116518
8.163878383485049,1536.0,0.01986544281117142,1.0,7.4704760333949665
9.321565215768091,1536.0,0.0,0.0,8.572631212968048
7.262477587870455,1536.0,0.6045645531519459,1.0,7.618345389760464
9.778417960455716,1536.0,0.9279118231738424,1.0,10.032384573736973
10.95964232578899,1536.0,0.62254108651673,1.0,10.716468353473543
9.460320368913731,1536.0,1.2686463191750397,1.0,9.559106923902426
7.655591159051955,1536.0,0.8804446020864998,1.0,8.105780708108643
7.101718721188448,1536.0,0.0,0.0,6.3302558579606565
8.590608494708379,1536.0,0.35006838969984405,1.0,8.24079855908793
8.976802284338747,1536.0,0.1022031464447507,1.0,8.48657334800072
9.83027471701857,1536.0,0.8702333777803876,1.0,9.691795438186368
8.272123469820041,1536.0,0.3272658663931852,1.0,7.65759866920115
6.8881691909235165,1536.0,0.6762151361337647,1.0,7.298479621645176
9.07658784549934,1536.0,0.2782427180162347,1.0,9.393931240961964
9.593456910199716,1536.0,0.75547567428751,1.0,9.412182582656637
8.247908633698154,1536.0,0.5215163058916626,1.0,7.919580045362169
10.373948598460366,1536.0,1.232236177466217,1.0,10.280981315779442
9.763633332869611,1536.0,0.7374454124634041,1.0,9.101937018248933
8.391268143926126,1536.0,0.6300448339102693,1.0,8.22418757111261
6.5165177338868,1536.0,0.8112057696157926,1.0,5.787101147141426
7.6033691289586525,1536.0,1.5332430746845982,3.0,5.654339676537692
5.940388073045749,1536.0,0.6927803986278496,1.0,5.1879298249806824
8.210653545551052,1536.0,0.6559189262227328,1.0,8.444336800570616
7.28846701917307,1536.0,0.9402912804860905,1.0,8.119003435822478
9.899448585695481,1536.0,1.9041672984429385,1.0,10.560700446756949
12.321677371407658,1536.0,1.5984624649453831,1.0,12.988307460856298
6.888655209960611,1536.0,1.4087844836991135,1.0,6.639862640592218
8.559428602250598,1536.0,1.2491073815421212,1.0,9.079209578602793
10.074609258580574,1536.0,0.4977041450858622,1.0,9.698861879176405
10.075483612536514,1536.0,0.5548072914445447,1.0,10.418595521288001
6.245403954076762,1536.0,0.0,0.0,5.027793092196969
7.439191114214911,1536.0,0.37965829142136,1.0,6.490943446979475
7.818122663628333,1536.0,0.3480794794933073,1.0,7.741343021071449
9.631354375632045,1536.0,1.763016763823802,1.0,10.090343203220279
10.639613440201488,1536.0,0.6894651687463507,1.0,10.18447143930982
9.161294497866857,1536.0,1.2114977673848042,1.0,8.793171331078506
8.42453002111749,1536.0,0.8827400252355004,1.0,8.686034706760614
8.160606073033286,1536.0,0.6207580742691081,1.0,8.28952753465053
8.732559041392443,1536.0,0.8021898768131615,1.0,8.859180866916287
7.694437936347846,1536.0,0.5737240597331521,1.0,8.06146957834599
8.148803890125228,1536.0,0.8354600557630649,1.0,8.324568834571306
8.025516010688625,1536.0,0.9340155528861338,1.0,7.82323115024138
9.853787059537078,1536.0,1.2597299076718433,1.0,10.731922076928202
8.779708355242752,1536.0,0.2872528407321987,1.0,9.254294003291527
5.37246148286556,1536.0,0.30499011272316157,1.0,6.041847472518109
8.125701488361031,1536.0,0.4750071923596724,1.0,7.5928605007233525
10.15146195065177,1536.0,0.9603101342311898,1.0,9.935848960984739
10.579892215144321,1536.0,1.261051687045612,1.0,11.222578153697063
10.748812285066352,1536.0,0.371720611046258,1.0,9.890948364094847
8.012005322355279,1536.0,1.0917363035549004,1.0,8.139718349509646
8.164845547009497,1536.0,0.02565702997224062,1.0,8.228729572507582
9.576987169143496,1536.0,1.2455225297377583,1.0,9.726455309305251
9.404316520405585,1536.0,0.0,0.0,8.412677397272443
7.369943367994184,1536.0,0.3477541161106541,1.0,6.820219312232084
7.455890693086969,1536.0,0.6585788530579928,1.0,8.722640888994084
9.024294651604677,1536.0,0.696956839089532,1.0,8.951915250103252
8.308262503527475,1536.0,0.43464919704272487,1.0,8.58867767552691
7.02619908816716,1536.0,0.23150760876456583,1.0,6.392648509614219
7.078542908591631,1536.0,0.0,0.0,5.436938173100568
7.698497710641736,1536.0,0.03243830995225988,1.0,7.2873805939141
7.517161126981514,1536.0,1.2217049636357522,1.0,7.276627503160352
6.7944223561988375,1536.0,1.0106648806090481,1.0,7.571213188991317
8.812730782354967,1536.0,0.7770851350978896,1.0,8.4178892397034
9.042521485605134,1536.0,0.3250158488906474,1.0,8.9278178152972
8.578060594775794,1536.0,0.0,0.0,8.058768160871168
8.875791489516727,1536.0,1.9589817935868203,2.0,8.929539719473235
7.020228480288193,1536.0,0.8407243148465303,1.0,6.342174088191772
6.218287107510308,1536.0,0.09964091752361692,1.0,5.835733464061553
6.779965720141118,1536.0,0.7945689987301269,1.0,7.136927073013314
7.817762163289175,1536.0,0.3936793688146876,1.0,7.282585050495731
8.736708626876169,1536.0,0.786395681063707,1.0,9.253131088836948
9.349884961552844,1536.0,0.8700184658921354,1.0,9.139240556568463
7.497281890173416,1536.0,0.9353891347015537,1.0,8.044582149405484
9.794239179904789,1536.0,0.4149058243380617,1.0,10.281751442228058
6.767226705307937,1536.0,0.5560653633015387,1.0,6.870761390140938
7.180752348464393,1536.0,0.39515852408431806,1.0,7.386628663848418
8.142702232955672,1536.0,0.38939254208387364,1.0,7.198342645447481
9.33070980095606,1536.0,0.925808311711102,1.0,10.174096289414678
9.644490732058594,1536.0,0.695645579789708,1.0,9.369200008836684
9.388585230874032,1536.0,0.0,0.0,9.013320401032068
6.971553069892807,1536.0,0.8896038366479924,1.0,7.784609493923234
7.4490002140263805,1536.0,0.700342354436757,1.0,7.466068890307976
8.051194603398843,1536.0,0.8509545622904792,1.0,9.381279510678795
