0.5906696319580078
0.7080292701721191
0.6069357395172119
0.6404149532318115
0.5608768463134766
0.5359985828399658
0.4432687759399414
0.3111734390258789
0.621589183807373
0.6797456741333008
0.6022577285766602
0.5584065914154053
0.7485005855560303
0.25118565559387207
0.5425987243652344
0.5096163749694824
0.5911026000976562
0.4512653350830078
0.3231649398803711
0.4857449531555176
0.659430980682373
0.3378448486328125
0.2544081211090088
0.6354954242706299
0.301377534866333
0.49426794052124023
0.6220898628234863
0.5010292530059814
0.6760954856872559
0.7054967880249023
0.3565952777862549
0.6642251014709473
0.43303346633911133
0.677051305770874
0.4207308292388916
0.591296911239624
0.5008227825164795
0.6904563903808594
0.3691575527191162
0.4624321460723877
0.26929736137390137
0.5938413143157959
0.5483925342559814
0.6859650611877441
0.554844856262207
0.5162553787231445
0.6574249267578125
0.5952048301696777
0.4779658317565918
0.6037166118621826
0.49698328971862793
0.7319285869598389
0.44356369972229004
0.4044528007507324
0.2617151737213135
0.714449405670166
0.5311205387115479
0.28176403045654297
0.2610185146331787
0.5112814903259277
0.446552038192749
0.3466050624847412
0.6437420845031738
0.5685679912567139
0.4788839817047119
0.5977692604064941
0.3904693126678467
0.39018774032592773
0.2934916019439697
0.3238251209259033
0.600562572479248
0.5991830825805664
0.742180585861206
0.3095400333404541
0.3070564270019531
0.730496883392334
0.6480512619018555
0.3845982551574707
0.270235538482666
0.31963658332824707
0.5377795696258545
0.7185499668121338
0.3523588180541992
0.29765820503234863
0.34944629669189453
0.3198518753051758
0.510779619216919
0.6184952259063721
0.5880262851715088
0.3487277030944824
0.28869128227233887
0.363419771194458
0.37370896339416504
0.3872208595275879
0.6389691829681396
0.45657992362976074
0.6773295402526855
0.6572351455688477
0.3007957935333252
0.6016147136688232
0.46100282669067383
0.606635570526123
0.5642635822296143
0.45621538162231445
0.5768921375274658
0.3813652992248535
0.6971118450164795
0.3633244037628174
0.31267642974853516
0.32468152046203613
0.41855907440185547
0.38599514961242676
0.6172597408294678
0.4790928363800049
0.37454819679260254
0.43079590797424316
0.525376558303833
0.35734128952026367
0.6583781242370605
0.51932692527771
0.6832976341247559
0.3809521198272705
0.36267685890197754
0.414905309677124
0.716754674911499
0.7349116802215576
0.3204951286315918
0.6131479740142822
0.6038825511932373
0.35796689987182617
0.6167988777160645
0.5579981803894043
0.27617907524108887
0.4457874298095703
0.6265830993652344
0.3613240718841553
0.45859551429748535
0.6506998538970947
0.37464332580566406
0.6394851207733154
0.7161247730255127
0.2821075916290283
0.35738158226013184
0.41094088554382324
0.47302746772766113
0.5174105167388916
0.5174107551574707
0.618504524230957
0.5027961730957031
0.3799142837524414
0.27497196197509766
0.45166444778442383
0.397214412689209
0.6620578765869141
0.601769208908081
0.3471231460571289
0.39778637886047363
0.45563721656799316
0.5878462791442871
0.30129384994506836
0.6141254901885986
0.3619859218597412
0.6834242343902588
0.39943623542785645
0.43099021911621094
0.4448361396789551
0.3850274085998535
0.4633297920227051
0.6059823036193848
0.573822021484375
0.26304030418395996
0.4874844551086426
0.7064602375030518
0.6253385543823242
0.4083092212677002
0.36440491676330566
0.3092200756072998
0.5730311870574951
0.7173960208892822
0.35987401008605957
0.7334790229797363
0.29395627975463867
0.4051508903503418
0.6091880798339844
0.3197798728942871
0.5481734275817871
0.47043275833129883
0.7107820510864258
0.6155271530151367
0.36577820777893066
0.6208479404449463
0.29608893394470215
0.7054319381713867
0.5612983703613281
0.6088390350341797
0.4628596305847168
0.30112147331237793
0.6648774147033691
0.7504570484161377
0.37408018112182617
0.3336501121520996
0.39350128173828125
0.40212368965148926
0.32431578636169434
0.284743070602417
0.387148380279541
0.5908160209655762
0.7164852619171143
0.5130982398986816
0.6281909942626953
0.5153331756591797
0.6065793037414551
0.5650002956390381
0.3984034061431885
0.30185484886169434
0.7217562198638916
0.5130188465118408
0.5402119159698486
0.4941849708557129
0.6931056976318359
0.31436920166015625
0.5238220691680908
0.39735984802246094
0.6308941841125488
0.5447292327880859
0.4534118175506592
0.5379126071929932
0.5439457893371582
0.40190553665161133
0.3167297840118408
0.7326302528381348
0.630608320236206
0.46150898933410645
0.4028356075286865
0.7227709293365479
0.5009593963623047
0.40886688232421875
0.5196788311004639
0.6370697021484375
0.40845799446105957
0.5405721664428711
0.6573576927185059
0.689948320388794
0.6651771068572998
0.316617488861084
0.3999502658843994
0.3940393924713135
0.40003132820129395
0.5102627277374268
0.6937823295593262
0.44399046897888184
0.4048612117767334
0.5701563358306885
0.34686923027038574
0.630361795425415
0.5595746040344238
0.7225639820098877
0.3895289897918701
0.32502055168151855
0.4826953411102295
0.5937483310699463
0.25960469245910645
0.7075412273406982
0.7446136474609375
0.6613800525665283
0.6410305500030518
0.2594456672668457
0.2889230251312256
0.3516414165496826
0.5522031784057617
0.5364623069763184
0.3493001461029053
0.31975269317626953
0.447155237197876
0.4375004768371582
0.3517131805419922
0.6748752593994141
0.5847430229187012
0.3556206226348877
0.30916523933410645
0.4523031711578369
0.39565324783325195
0.7337515354156494
0.5430855751037598
0.6323151588439941
0.5722346305847168
0.25588512420654297
0.5473880767822266
0.7236242294311523
0.6528496742248535
0.5401959419250488
0.5635747909545898
0.41875505447387695
0.41791510581970215
0.3393077850341797
0.7259447574615479
0.5190699100494385
0.5166206359863281
0.636469841003418
0.5051794052124023
0.3970930576324463
0.26122331619262695
0.4251902103424072
0.5761423110961914
0.253246545791626
0.467517614364624
0.730640172958374
0.5776660442352295
0.5707035064697266
0.6866927146911621
0.6683914661407471
0.5475003719329834
0.6646103858947754
0.45011067390441895
0.6692276000976562
0.5426805019378662
0.6578865051269531
0.6838223934173584
0.26070547103881836
0.7388708591461182
0.35582900047302246
0.6462459564208984
0.4113199710845947
0.26096653938293457
0.25774168968200684
0.5439164638519287
0.4844973087310791
0.37151670455932617
0.309053897857666
0.6939585208892822
0.31787633895874023
0.39169955253601074
0.3105015754699707
0.5308842658996582
0.5598914623260498
0.42621707916259766
0.5741987228393555
0.6662249565124512
0.7066044807434082
0.3607938289642334
0.6234891414642334
0.6384265422821045
0.5582919120788574
0.7346644401550293
0.7090208530426025
0.4229164123535156
0.6023006439208984
0.289745569229126
0.609550952911377
0.31192731857299805
0.7351834774017334
0.7151718139648438
0.35178422927856445
0.37228822708129883
0.5011589527130127
0.4276621341705322
0.5334835052490234
0.3400309085845947
0.7520887851715088
0.7120959758758545
0.661545991897583
0.3894224166870117
0.4646170139312744
0.2945857048034668
0.6677908897399902
0.3203716278076172
0.26738953590393066
0.49405503273010254
0.4372372627258301
0.40641236305236816
0.5733051300048828
0.5365955829620361
0.6071290969848633
0.3880593776702881
0.2670409679412842
0.6467075347900391
0.7132227420806885
0.39301538467407227
0.3476550579071045
0.3551597595214844
0.42897677421569824
0.413665771484375
0.29624509811401367
0.6647636890411377
0.49131345748901367
0.6669094562530518
0.3013038635253906
0.45974230766296387
0.4096791744232178
0.4947543144226074
0.25136876106262207
0.628765344619751
0.35848212242126465
0.38929080963134766
0.4654057025909424
0.5702142715454102
0.46210432052612305
0.5643875598907471
0.5045914649963379
0.5450387001037598
0.3995518684387207
937.7946076393127
0.7259643077850342
0.6785697937011719
0.7369523048400879
0.33661866188049316
0.48050856590270996
0.2610042095184326
0.4073164463043213
0.5479047298431396
0.6010816097259521
0.4445953369140625
0.44190144538879395
0.4875330924987793
0.47548341751098633
0.4542124271392822
0.684593677520752
0.2606356143951416
0.653214693069458
0.35811400413513184
0.4355137348175049
0.6934173107147217
0.6791644096374512
0.27410173416137695
0.3855454921722412
0.42877888679504395
0.4040341377258301
0.339921236038208
0.6030552387237549
0.4918956756591797
0.6390197277069092
0.2935211658477783
0.6706795692443848
0.3799290657043457
0.7205991744995117
0.737879753112793
0.7294437885284424
0.7077441215515137
0.6307175159454346
0.5132460594177246
0.5303103923797607
0.2959887981414795
0.545701265335083
0.6468310356140137
0.5679891109466553
0.7229924201965332
0.6679363250732422
0.2612800598144531
0.25192737579345703
0.3970513343811035
0.6808230876922607
0.697932243347168
0.7313446998596191
0.5990390777587891
0.6438992023468018
0.2967262268066406
0.7471249103546143
0.3923161029815674
0.7418889999389648
0.4056096076965332
0.3413665294647217
0.3542206287384033
0.47890448570251465
0.3704793453216553
0.6613504886627197
0.456498384475708
0.2595398426055908
0.3001120090484619
0.6923809051513672
0.5740580558776855
0.3000373840332031
0.5608305931091309
0.6020710468292236
0.6665360927581787
0.7325375080108643
0.5360643863677979
0.4883558750152588
0.38895225524902344
0.6112744808197021
0.6036508083343506
0.3591651916503906
0.6112368106842041
0.5737850666046143
0.6448612213134766
0.6640210151672363
0.5584156513214111
0.2682015895843506
0.453263521194458
0.4856910705566406
0.722069263458252
0.7461678981781006
0.6002447605133057
0.3860666751861572
0.5724921226501465
0.5914962291717529
0.5540902614593506
0.7511866092681885
0.3628988265991211
0.5389688014984131
0.6072821617126465
0.5968704223632812
0.6777982711791992
