14.069811448412253,1536.0,4.743296339172268,6.0,3.601871730793537
17.322108321797067,1536.0,9.438634899349594,6.0,4.434459730380049
9.844789273047162,768.0,5.101150778026492,3.0,2.520266053900073
14.960625114998596,1536.0,4.992160209208811,5.0,3.8299200294396405
16.286293638309413,1536.0,7.957713625942996,6.0,4.16929117140721
16.63645402819403,1536.0,9.596125196875734,6.0,4.258932231217672
12.11182719154355,1536.0,4.374500776112249,5.0,3.100627761035149
15.946991958125928,1536.0,6.273949808449133,5.0,4.082429941280237
6.18363713810129,768.0,2.3102353658673787,3.0,1.5830111073539301
14.61609378288124,1536.0,6.5914942827861385,5.0,3.7417200084175968
13.929731009802463,1536.0,6.004609444677022,6.0,3.5660111385094306
14.953697734127282,1536.0,8.61659856007678,6.0,3.828146619936584
14.988616515605816,1536.0,7.359431353735191,6.0,3.837085827995089
13.568998443658387,1536.0,4.402838716081828,6.0,3.473663601576547
6.789341833343577,768.0,4.097140638416034,3.0,1.7380715093359558
5.6364976138774745,768.0,2.954952835597009,3.0,1.4429433891526335
17.86740642743719,1536.0,9.113890713971571,6.0,4.57405604542392
17.048860500732637,1536.0,8.301589154447273,6.0,4.3645082881875545
14.35333533717448,1536.0,5.215366946732152,5.0,3.674453846316667
14.9620576048023,1536.0,7.519532919345124,6.0,3.8302867468293886
20.393207557535177,1536.0,9.339680187863015,5.0,5.2206611347290055
15.199238496224243,1536.0,7.163346353099207,4.0,3.891005055033406
7.3728266183488875,768.0,3.9479526834855885,3.0,1.8874436142973152
12.304983213870594,1536.0,2.8934655819158808,5.0,3.150075702750872
14.361333731434424,1536.0,6.451193060305634,5.0,3.6765014352472125
14.377796893917107,1536.0,7.715686728858245,4.0,3.68071600484278
13.571228646299135,1536.0,7.148742978305062,4.0,3.4742345334525786
19.26430018261725,1536.0,11.273942670785484,6.0,4.931660846750017
17.94217952117319,1536.0,10.077521754864387,6.0,4.593197957420337
14.926027624812306,1536.0,5.716303173228628,6.0,3.8210630719519507
16.307853727734372,1536.0,6.716899660264495,6.0,4.174810554299999
18.77160402306011,1536.0,7.242858407231695,6.0,4.805530629903388
14.553034526437083,1536.0,7.589799135496946,5.0,3.725576838767893
18.234941255898065,1536.0,9.411597376999069,6.0,4.668144961509905
15.749902790270713,1536.0,9.264011137230863,6.0,4.0319751143093026
13.042640093610075,1536.0,7.963299620233613,6.0,3.338915863964179
14.359509325624343,1536.0,7.40253801713353,6.0,3.6760343873598313
15.88369961022369,1536.0,6.320466756090012,5.0,4.066227100217265
18.328894425629663,1536.0,10.999432422256627,5.0,4.692196972961193
16.350032695406792,1536.0,8.608769226256966,6.0,4.185608370024139
13.382910350587736,1536.0,7.1646043445876035,6.0,3.4260250497504603
14.48220322576929,1536.0,7.6296115162352365,5.0,3.7074440257969385
11.994863923702976,1536.0,3.8387331602502828,6.0,3.070685164467962
13.850330913731142,1536.0,6.079401529830111,6.0,3.545684713915172
15.6614865642722,1536.0,6.787508824962601,4.0,4.009340560453683
7.027054096304291,768.0,3.8150392111617357,3.0,1.7989258486538986
15.845013541613127,1536.0,9.738733541447996,5.0,4.056323466652961
15.474633983209387,1536.0,8.100064954082391,6.0,3.961506299701603
14.353021462793222,1536.0,8.362785964026052,6.0,3.674373494475065
10.839854539419097,1536.0,3.596891268350224,6.0,2.775002762091289
11.474089991149125,1536.0,3.383406253643418,5.0,2.937367037734176
15.38272111038146,1536.0,5.965693531347824,6.0,3.9379766042576536
15.771653541220102,1536.0,5.216061360095904,6.0,4.0375433065523465
15.090551275382843,1536.0,5.634858794001469,6.0,3.8631811264980085
5.961594441948561,768.0,3.5867954941561804,3.0,1.5261681771388318
18.177673698960103,1536.0,9.013002130619984,5.0,4.6534844669337865
16.589183879754597,1536.0,8.129047714106541,6.0,4.246831073217177
10.611416076952171,1536.0,4.745064594395304,6.0,2.7165225156997557
18.09355034636507,1536.0,10.55085508321239,6.0,4.6319488886694575
12.368802263070343,1536.0,5.279856012084068,6.0,3.1664133793460074
16.998876319458248,1536.0,8.119453389156773,6.0,4.351712337781311
18.449815788448774,1536.0,9.576605005022701,4.0,4.723152841842886
18.008351950278694,1536.0,8.428365397682814,6.0,4.610138099271346
17.538602381141647,1536.0,7.669723298582001,6.0,4.489882209572262
15.174377369435831,1536.0,7.462025186323048,6.0,3.884640606575573
14.932336566666184,1536.0,6.33871822161179,5.0,3.8226781610665435
5.6449085005699065,768.0,2.425620081097453,2.0,1.445096576145896
12.60299879493237,1536.0,3.692612167103934,5.0,3.2263676915026864
17.641612296892543,1536.0,10.454218303066623,5.0,4.516252748004491
13.739952514711423,1536.0,6.979826723823152,5.0,3.517427843766124
16.301961697623597,1536.0,7.064004268468683,6.0,4.17330219459164
16.22110509471593,1536.0,5.1887229319774715,6.0,4.152602904247278
12.903734540077416,1536.0,6.074851428534505,4.0,3.3033560422598183
15.908553522237703,1536.0,6.017311588617836,6.0,4.072589701692852
12.937953445298703,1536.0,6.819513282999863,6.0,3.312116081996468
20.127272731199106,1536.0,11.266216813502648,6.0,5.152581819186971
16.615125453937086,1536.0,9.861669183814634,6.0,4.253472116207894
14.253781024517336,1536.0,5.850603580795001,5.0,3.6489679422764376
15.64437679234367,1536.0,7.607484873202128,6.0,4.004960458839979
15.535780392687723,1536.0,6.876869901527309,6.0,3.9771597805280567
17.19589370952299,1536.0,8.35010327046028,6.0,4.402148789637886
6.032908635894011,768.0,3.402526225872722,3.0,1.5444246107888668
13.613263839179734,1536.0,8.281731238536931,5.0,3.4849955428300117
16.700384846742804,1536.0,6.470408186558653,5.0,4.275298520766158
6.612996579395748,768.0,3.7856383460012126,3.0,1.6929271243253117
6.551555211878801,768.0,3.543736758668363,3.0,1.6771981342409732
14.561033155748456,1536.0,7.498875578709255,6.0,3.727624487871605
14.388245731881986,1536.0,7.6410698344909225,5.0,3.683390907361788
14.204735068467512,1536.0,6.74329705820481,6.0,3.6364121775276828
18.38682091529756,1536.0,7.6455519709292314,6.0,4.707026154316175
17.595116266177833,1536.0,9.480674518595205,4.0,4.5043497641415255
14.483763895232496,1536.0,4.492511275277742,6.0,3.707843557179519
16.207190927110286,1536.0,7.550120504289111,6.0,4.149040877340233
18.57940262057383,1536.0,9.086866642272325,6.0,4.7563270708669005
5.346409953871108,768.0,2.565630738887293,3.0,1.3686809481910036
14.682129306298336,1536.0,7.457744958027581,5.0,3.758625102412374
15.693128744687254,1536.0,10.25234211656193,6.0,4.017440958639936
12.819138060535087,1536.0,3.9669430673357677,5.0,3.2816993434969826
15.156214078016076,1536.0,8.23217281365284,6.0,3.879990803972116
16.892085232583746,1536.0,9.250337412385768,6.0,4.324373819541439
13.70854281527221,1536.0,6.091748381422663,6.0,3.5093869607096857
18.745692127233106,1536.0,9.227750469571236,6.0,4.7988971845716755
15.395972076316227,1536.0,5.993962960570016,5.0,3.9413688515369536
13.005039072023736,1536.0,7.327871611371727,6.0,3.329290002438076
6.529011488061078,768.0,3.0525704724465985,2.0,1.6714269409436362
19.220285865363692,1536.0,9.413322824987116,6.0,4.920393181533106
16.018296327760318,1536.0,9.566352587507085,5.0,4.100683859906642
12.341674464492282,1536.0,5.153614765958887,6.0,3.1594686629100246
17.37037262134038,1536.0,8.211347372794483,6.0,4.4468153910631365
17.517751971613002,1536.0,10.149588755642304,6.0,4.484544504732929
14.409895878821912,1536.0,9.185637325571415,6.0,3.688933344978409
16.45331258243118,1536.0,9.147798571895823,5.0,4.212048021102382
14.012630067843043,1536.0,7.989624874581184,5.0,3.587233297367819
13.484700328344147,1536.0,6.454375790643404,6.0,3.4520832840561013
17.665665486676254,1536.0,8.80787395424248,4.0,4.522410364589121
14.880744358605547,1536.0,8.411547152442424,6.0,3.80947055580302
13.689272346070195,1536.0,4.7064118529544885,6.0,3.50445372059397
16.314009539669332,1536.0,6.961592225813232,6.0,4.176386442155349
19.103533404682697,1536.0,10.126061795614039,6.0,4.89050455159877
19.34088746114295,1536.0,9.200282773776046,6.0,4.9512671900525955
17.923359798380964,1536.0,9.05927350712891,6.0,4.588380108385527
15.586975550060554,1536.0,7.054028878719682,5.0,3.990265740815502
18.980646764047748,1536.0,9.423955817801037,6.0,4.859045571596224
12.979840576542962,1536.0,7.762955972017258,5.0,3.3228391875949983
11.841418803527148,1536.0,2.9412491454506235,6.0,3.03140321370295
13.279379014565158,1536.0,5.16712712189179,6.0,3.399521027728681
14.846374675053172,1536.0,6.183957771075882,6.0,3.800671916813612
18.727582322623245,1536.0,9.84228443956282,6.0,4.79426107459155
16.96118310146823,1536.0,6.593351852532492,5.0,4.342062873975867
7.892593756268635,768.0,4.447163492439531,3.0,2.020504001604771
13.132201539652742,1536.0,5.807708627920418,6.0,3.3618435941511025
17.702943343454145,1536.0,7.065959955320396,5.0,4.531953495924261
12.831192211934102,1536.0,3.4953814004382675,6.0,3.28478520625513
16.360250162784986,1536.0,7.3290927122708,6.0,4.188224041672957
17.22320570240861,1536.0,8.802366252030257,5.0,4.409140659816604
12.058517267193222,1536.0,4.023926743345916,6.0,3.086980420401465
10.338865923758076,1536.0,5.548619522639578,6.0,2.6467496764820675
13.691560127138224,1536.0,4.993016956400858,6.0,3.5050393925473857
12.659755248247102,1536.0,6.193186911481497,5.0,3.240897343551258
16.37879091836295,1536.0,7.9414115322947545,6.0,4.192970475100915
12.375199816605457,1536.0,3.888731680973621,4.0,3.1680511530509974
12.631819024430127,1536.0,5.781702750033926,5.0,3.2337456702541125
17.235701260488458,1536.0,10.114549671977096,6.0,4.412339522685046
16.990916108671755,1536.0,7.3382701259530165,5.0,4.349674523819969
12.258969358794927,1536.0,4.885094384636452,6.0,3.138296155851501
15.74039240649988,1536.0,8.467845674600763,5.0,4.02954045606397
17.598996116789827,1536.0,6.723450199452828,6.0,4.505343005898196
14.85992542000707,1536.0,8.039773355492141,5.0,3.8041409075218096
15.318162124414261,1536.0,8.304479499850382,5.0,3.921449503850051
15.423291914411763,1536.0,6.473085506981781,6.0,3.948362730089411
17.33864920502555,1536.0,10.157184871356993,6.0,4.438694196486541
18.483456624038027,1536.0,10.048336852124729,6.0,4.731764895753735
17.081822773949252,1536.0,7.673003903618099,6.0,4.3729466301310085
16.88840442022073,1536.0,7.167508721460421,6.0,4.3234315315765075
5.987565839672739,768.0,2.7947035836619296,3.0,1.5328168549562213
5.264213022463129,768.0,3.518007972841291,2.0,1.347638533750561
15.325218191913184,1536.0,5.622603965938585,5.0,3.9232558571297753
17.93302284517051,1536.0,9.236230450052103,5.0,4.5908538483636505
16.32603844454626,1536.0,4.127943193207558,6.0,4.179465841803842
15.802723445935927,1536.0,6.31061901750354,5.0,4.045497202159597
14.22411899084198,1536.0,5.217475055764346,6.0,3.6413744616555466
16.612429207919213,1536.0,9.525023170680775,6.0,4.252781877227319
20.06710847912283,1536.0,10.950487352124874,6.0,5.137179770655444
13.046347835035816,1536.0,5.836278915870206,5.0,3.3398650457691685
15.6255315962129,1536.0,6.539815246221547,5.0,4.000136088630502
20.530467121583122,1536.0,11.498588996209966,6.0,5.255799583125279
17.890152983788354,1536.0,10.329759795761513,6.0,4.579879163849819
12.081357494065635,1536.0,3.267780922058685,5.0,3.092827518480803
15.74976222671286,1536.0,8.014310784615391,6.0,4.0319391300384915
17.124885936668072,1536.0,10.770762644725568,6.0,4.3839707997870265
14.399140071841643,1536.0,7.156501335009978,6.0,3.6861798583914607
8.00675772286582,768.0,3.8430948140691807,3.0,2.04972997705365
12.860428996959996,1536.0,5.373859220137841,6.0,3.292269823221759
17.08985052213683,1536.0,9.213814329300414,5.0,4.3750017336670295
17.482935348259055,1536.0,9.497693261205189,6.0,4.475631449154318
15.594009464029053,1536.0,8.901761607568787,5.0,3.9920664227914378
17.94419141187353,1536.0,8.895571900340276,6.0,4.593713001439624
15.750619945872927,1536.0,9.733953720178778,6.0,4.03215870614347
17.447638916765705,1536.0,8.634576332480233,6.0,4.46659556269202
7.171565368136983,768.0,4.608623653576602,3.0,1.835920734243068
12.55260081442335,1536.0,3.962621125320217,3.0,3.2134658084923773
13.224696154526395,1536.0,5.167968366988198,6.0,3.3855222155587574
14.695659908306862,1536.0,8.883347305265017,5.0,3.762088936526556
12.430970644242606,1536.0,5.476679493430321,6.0,3.1823284849261073
17.340895635516503,1536.0,9.176082779620861,4.0,4.439269282692225
12.628270499025335,1536.0,6.91196045384885,5.0,3.232837247750486
14.15722976331356,1536.0,5.137782360414689,4.0,3.6242508194082714
6.8954930149020335,768.0,4.62471963531085,3.0,1.7652462118149206
14.132417485527956,1536.0,4.735742658612614,5.0,3.6178988762951567
16.259984851959906,1536.0,7.606729517933141,6.0,4.162556122101736
16.24086449839774,1536.0,10.117129826538399,6.0,4.1576613115898216
17.533456479747727,1536.0,6.656966670979279,6.0,4.488564858815418
15.070559630634945,1536.0,7.235469855022572,6.0,3.8580632654425453
16.828079705773753,1536.0,8.294477962623787,6.0,4.307988404678081
6.416277969432226,768.0,3.3116796013725924,3.0,1.6425671601746499
15.438692415707205,1536.0,6.877270826392745,5.0,3.952305258421045
10.964395694907301,1536.0,4.048551649008079,5.0,2.8068852978962693
16.638103026818776,1536.0,9.18630731928979,5.0,4.259354374865607
13.519562312572827,1536.0,4.792727003147592,6.0,3.461007952018644
6.89782577437985,768.0,3.311480963779305,3.0,1.7658433982412416
14.8864318306932,1536.0,6.711915336405681,6.0,3.810926548657459
14.726720418573116,1536.0,8.086176947234067,6.0,3.770040427154717
13.758479422978755,1536.0,7.095169912282976,6.0,3.5221707322825613
18.72579868002467,1536.0,9.475967437188606,6.0,4.793804462086315
15.582369708601313,1536.0,8.412315596430021,5.0,3.989086645401936
15.868009213471321,1536.0,7.4189382809427435,6.0,4.062210358648659
15.387798135726104,1536.0,8.328923674922638,6.0,3.939276322745883
14.945486811722924,1536.0,5.626001716534222,6.0,3.826044623801068
15.901965484509924,1536.0,6.328872525249388,5.0,4.07090316403454
12.184221211038501,1536.0,4.074580897724679,5.0,3.1191606300258563
17.650028157299932,1536.0,9.333496358106075,6.0,4.5184072082687825
13.938886487910747,1536.0,6.390844527846906,6.0,3.5683549409051514
11.745970783542145,1536.0,3.9104164299981163,6.0,3.006968520586789
16.181872158854645,1536.0,7.986320778369552,6.0,4.142559272666789
22.40952380339759,1536.0,11.630445723830034,6.0,5.736838093669784
14.298033937863606,1536.0,6.746734550711526,5.0,3.6602966880930827
11.403138658393315,1536.0,3.9598957725256816,6.0,2.919203496548689
17.267210542848844,1536.0,8.931994414244315,6.0,4.420405898969304
15.412784860162681,1536.0,7.8419191072831875,6.0,3.9456729242016464
14.737335673246182,1536.0,3.199974652240537,5.0,3.7727579323510225
16.225705226523907,1536.0,9.48355238231312,5.0,4.15378053799012
14.478628553188381,1536.0,7.876065002287783,6.0,3.7065289096162255
14.627877706740568,1536.0,7.595840074036303,6.0,3.744736692925586
5.377883556296198,768.0,1.924573280762632,2.0,1.3767381904118268
14.361421995982194,1536.0,7.720392000677299,6.0,3.6765240309714415
14.316343531447485,1536.0,6.0158721104532145,6.0,3.6649839440505563
15.335851452823281,1536.0,8.42503861974447,5.0,3.9259779719227597
17.26265719917168,1536.0,9.215900018338344,6.0,4.41924024298795
13.270005318594942,1536.0,4.2815823154188015,6.0,3.397121361560305
15.287714726383449,1536.0,7.198312311025241,5.0,3.9136549699541625
14.696580488959327,1536.0,7.321103101289757,5.0,3.762324605173588
5.228919667103167,768.0,3.6811032655640723,3.0,1.3386034347784106
18.50742394323684,1536.0,10.715029089477255,6.0,4.737900529468631
18.179149170553636,1536.0,8.763463163581031,6.0,4.653862187661731
15.450374621862236,1536.0,9.40896511841159,6.0,3.955295903196732
8.881591502680639,768.0,5.230019454833287,3.0,2.2736874246862437
15.032293849124638,1536.0,5.944255510633485,6.0,3.848267225375907
13.163066670752444,1536.0,5.54612108028568,4.0,3.3697450677126257
13.026012301920948,1536.0,6.291686645657879,5.0,3.3346591492917628
17.768060678439255,1536.0,9.825793485893177,6.0,4.548623533680449
17.827354752650734,1536.0,8.592829087457453,6.0,4.563802816678588
15.226508926644977,1536.0,6.46413056968805,5.0,3.897986285221114
16.179712497421832,1536.0,7.172265787547687,6.0,4.142006399339989
17.911631365200652,1536.0,10.184245752024413,6.0,4.585377629491367
14.6112969723402,1536.0,4.8427187747225515,6.0,3.7404920249190914
17.213313962630597,1536.0,9.503469515381651,6.0,4.406608374433433
14.543740767792084,1536.0,7.515648724182528,5.0,3.723197636554774
16.428310191703137,1536.0,7.013851540084087,4.0,4.205647409076003
16.508704655598915,1536.0,8.873798351555301,6.0,4.226228391833322
15.34207032823271,1536.0,8.434214571960704,4.0,3.927570004027574
15.051386526718556,1536.0,8.081180795111297,4.0,3.85315495083995
15.54535242491737,1536.0,8.495946926427946,6.0,3.979610220778847
13.524831311064359,1536.0,8.070332884752258,6.0,3.462356815632476
11.560198998863534,1536.0,4.405254488625997,5.0,2.9594109437090648
13.938737851422497,1536.0,7.8720345935139795,5.0,3.568316889964159
16.76673012435282,1536.0,10.093006105771542,6.0,4.292282911834321
6.43996448242642,768.0,2.564469303558517,2.0,1.6486309075011636
15.048942073696264,1536.0,6.767011855775265,6.0,3.8525291708662435
5.119455624047188,768.0,3.3223122234877684,2.0,1.31058063975608
18.558582207357293,1536.0,9.861635220329344,6.0,4.7509970450834675
14.66183731034978,1536.0,7.708668264116945,5.0,3.753430351449544
13.089805623797684,1536.0,6.304626493184414,6.0,3.350990239692207
15.911810190793034,1536.0,6.458751236434944,5.0,4.073423408843016
15.521976918634117,1536.0,10.042558836504066,6.0,3.9736260911703334
13.338310656779765,1536.0,6.283410233374907,6.0,3.4146075281356194
12.524955999164968,1536.0,5.2101941583084805,5.0,3.2063887357862315
11.454080434233543,1536.0,4.4031659198788375,5.0,2.932244591163787
17.657284169207337,1536.0,9.331355611318614,6.0,4.5202647473170785
13.477584999003554,1536.0,7.086165697105318,6.0,3.45026175974491
11.342569752668368,1536.0,4.065628387720575,6.0,2.903697856683102
14.630072387744539,1536.0,7.004153758486597,5.0,3.745298531262601
15.530092832996548,1536.0,10.106231420814613,6.0,3.9757037652471166
14.790056963728157,1536.0,5.852082246676606,6.0,3.7862545827144083
16.013732708762042,1536.0,7.9417927454064,5.0,4.099515573443083
10.660092987802095,1536.0,5.618090816971646,4.0,2.7289838048773363
19.403262107670972,1536.0,10.494601729697022,6.0,4.967235099563769
17.151706630399218,1536.0,7.4177710471173715,6.0,4.3908368973822
16.752995628511364,1536.0,7.788270762763453,5.0,4.288766880898909
14.156502389367633,1536.0,6.344233151858959,6.0,3.624064611678114
18.897763421862095,1536.0,9.604894183927334,6.0,4.837827435996696
12.170653656822438,1536.0,5.025104629603767,6.0,3.115687336146544
14.26539332039464,1536.0,7.3457943252062625,5.0,3.6519406900210276
13.738815682850397,1536.0,5.885106334899228,4.0,3.5171368148097018
14.454290130540963,1536.0,6.152006378734166,5.0,3.7002982734184866
16.932144047914257,1536.0,8.302272102014147,6.0,4.334628876266049
13.226237254760921,1536.0,7.381967624940373,6.0,3.385916737218796
15.69283383451644,1536.0,7.1343482352306715,5.0,4.017365461636208
16.532665221646152,1536.0,11.172853077084067,6.0,4.232362296741415
14.12803707012907,1536.0,7.08710873475842,6.0,3.6167774899530416
3.5857237859684408,768.0,2.450608578094681,2.0,0.9179452892079207
14.454496243871873,1536.0,8.018147449279798,6.0,3.700351038431199
12.850231251612634,1536.0,5.1090128221917865,6.0,3.289659200412834
15.608270075402807,1536.0,8.040842803817746,6.0,3.9957171393031183
17.109568746840804,1536.0,9.38825633532917,5.0,4.380049599191246
5.433406817064313,768.0,2.9201670024178212,3.0,1.390952145168464
13.11058282841251,1536.0,8.245162898827186,5.0,3.3563092040736024
16.51121389950334,1536.0,8.896920891590472,6.0,4.226870758272855
12.751278184809745,1536.0,6.062487566238726,5.0,3.2643272153112948
5.9269344960187915,768.0,3.6125661850021125,3.0,1.5172952309808105
15.546936588905012,1536.0,8.407800781322736,5.0,3.9800157667596836
14.966796353111862,1536.0,8.698964021381887,6.0,3.8314998663966366
12.200015073216726,1536.0,6.447561385443675,6.0,3.123203858743482
14.515346009667523,1536.0,5.924847545070481,6.0,3.715928578474886
17.021848342986676,1536.0,7.7314974533715874,6.0,4.357593175804588
6.359706950031963,768.0,3.1517746374057456,2.0,1.6280849792081826
11.488560856891414,1536.0,6.944511080637312,6.0,2.9410715793642024
15.445718075357327,1536.0,8.808562896488539,6.0,3.9541038272914757
14.781416866351009,1536.0,6.534233966081289,5.0,3.7840427177858587
12.022454089163105,1536.0,3.4963560024934233,4.0,3.0777482468257547
16.057452373029196,1536.0,6.900768047030957,4.0,4.110707807495475
16.139414925792558,1536.0,7.261228666894564,6.0,4.131690221002895
11.903608790774003,1536.0,5.2402416272159,4.0,3.047323850438145
11.33748222366865,1536.0,6.4776858707307055,3.0,2.902395449259174
7.451367779143524,768.0,3.5854234480885228,3.0,1.9075501514607418
17.951770961758484,1536.0,9.151520472028002,5.0,4.595653366210172
16.579016169116517,1536.0,8.616631326673632,6.0,4.244228139293829
19.700507363835705,1536.0,9.925117808243929,6.0,5.04332988514194
18.43708716261777,1536.0,9.315610722906177,6.0,4.719894313630149
17.05782729805941,1536.0,9.40541464519211,6.0,4.3668037883032085
17.58344405080028,1536.0,8.30698772672794,6.0,4.501361677004872
16.712882050593446,1536.0,6.1465252562193875,5.0,4.278497804951922
14.940433014864343,1536.0,6.50488763501932,6.0,3.8247508518052715
14.816956210648081,1536.0,6.002942763240955,5.0,3.793140789925909
14.671856531292,1536.0,3.3216341545621013,6.0,3.755995272010752
14.085645234517065,1536.0,6.3988391183928535,6.0,3.605925180036369
14.995850967800664,1536.0,5.867593868172807,6.0,3.83893784775697
15.226597785709501,1536.0,6.571760075828673,6.0,3.8980090331416326
16.668526553543654,1536.0,8.161945622790173,6.0,4.267142797707175
15.662076847087404,1536.0,7.647994430040351,6.0,4.0094916728543755
17.070235690065253,1536.0,7.772230413564749,5.0,4.369980336656705
19.937406207881793,1536.0,11.254269340955812,6.0,5.103975989217739
13.564014205208691,1536.0,7.032273938452822,6.0,3.472387636533425
15.823683115361113,1536.0,5.764896778160922,6.0,4.050862877532445
19.119877674991415,1536.0,7.789939156959024,5.0,4.894688684797802
14.918777579543075,1536.0,8.651583961165773,6.0,3.819207060363027
11.977258339592458,1536.0,4.402519846551315,6.0,3.066178134935669
19.643918948782144,1536.0,9.398296550652583,5.0,5.028843250888228
10.685138130549946,1536.0,4.072298550667741,5.0,2.7353953614207858
7.419678847480295,768.0,3.1364466261802804,3.0,1.8994377849549555
14.081520468039269,1536.0,7.170667409903457,6.0,3.604869239818053
16.982729104736755,1536.0,9.514237051563615,5.0,4.3475786508126095
15.85067903187985,1536.0,8.531306979297533,6.0,4.057773832161241
14.479283415109283,1536.0,8.278486494363937,6.0,3.7066965542679764
14.472528695442737,1536.0,6.0515806174550235,5.0,3.704967346033341
13.584492456530711,1536.0,6.119092141129305,6.0,3.4776300688718624
16.381169676352254,1536.0,9.826032292328904,6.0,4.193579437146177
18.3216333678401,1536.0,9.864060197481221,6.0,4.690338142167066
16.329738024672793,1536.0,7.860605282305454,6.0,4.180412934316235
14.588210840846687,1536.0,3.398095761341172,6.0,3.734581975256752
14.924196635967544,1536.0,8.78753606913196,6.0,3.820594338807691
12.488017071247894,1536.0,5.489985535534108,5.0,3.196932370239461
8.643696255850474,768.0,4.533484015209284,3.0,2.212786241497721
17.176413597709,1536.0,8.25661294802038,6.0,4.3971618810135045
13.847715950383845,1536.0,6.146504204973823,6.0,3.545015283298264
17.19705647753604,1536.0,9.246366007177336,6.0,4.402446458249226
17.074417130319787,1536.0,10.511428843910865,6.0,4.371050785361866
12.70935850403797,1536.0,5.731762393803357,4.0,3.2535957770337207
6.624599010029077,768.0,3.412108170139348,3.0,1.6958973465674436
11.286484552061237,1536.0,5.015263608379234,3.0,2.8893400453276765
15.984185693790618,1536.0,6.655194853980135,6.0,4.091951537610399
14.881715595757957,1536.0,6.630805733143441,5.0,3.809719192514037
17.193961299841547,1536.0,8.22403346883171,6.0,4.401654092759436
7.094255771292886,768.0,3.4756434262748384,2.0,1.8161294774509789
13.119809672541162,1536.0,2.4730366410381857,4.0,3.3586712761705373
14.63533090605934,1536.0,6.916170943364281,5.0,3.7466447119511908
21.092757010159715,1536.0,11.580412346814576,5.0,5.399745794600887
19.03304556505705,1536.0,9.035827980225738,5.0,4.872459664654604
16.54993630561769,1536.0,4.410925241901048,5.0,4.236783694238128
14.39245678735929,1536.0,5.554663598208572,4.0,3.6844689375639783
17.451096654109968,1536.0,7.183016207922819,6.0,4.467480743452152
16.33588417549081,1536.0,7.751993703281305,5.0,4.181986348925648
15.402795082249877,1536.0,7.711151079126022,6.0,3.943115541055968
14.43590092632627,1536.0,6.814649521530151,5.0,3.6955906371395253
18.42248240601553,1536.0,8.655855319789936,6.0,4.716155495939975
13.137648023900429,1536.0,6.0580572297612605,5.0,3.3632378941185097
17.384438619399084,1536.0,9.012931180270051,6.0,4.450416286566165
10.840713959531392,1536.0,6.380363525258664,4.0,2.7752227736400368
13.961434358525928,1536.0,6.9337039767173545,5.0,3.5741271957826375
14.596725221323082,1536.0,7.410308721071701,6.0,3.736761656658709
16.5453122487041,1536.0,9.074603937536034,6.0,4.235599935668249
16.07100515243844,1536.0,5.89227388502139,5.0,4.1141773190242406
14.626005670748189,1536.0,7.776912092781541,5.0,3.7442574517115363
17.696014009488408,1536.0,10.901496950072064,6.0,4.530179586429032
17.704592695378068,1536.0,7.610272564271855,6.0,4.532375730016786
12.838550795642048,1536.0,5.1108142161606915,5.0,3.286669003684364
15.56648755297025,1536.0,7.77053094267497,6.0,3.985020813560384
16.197890106756205,1536.0,9.26372164146672,6.0,4.146659867329589
15.000292272445915,1536.0,8.619111268527124,5.0,3.840074821746154
12.754910018244841,1536.0,6.355616187437936,6.0,3.2652569646706793
14.389079574467583,1536.0,6.963446185311561,5.0,3.6836043710637014
19.114405966581383,1536.0,10.595928760952013,6.0,4.893287927444835
11.00602985456127,1536.0,5.025682763473724,5.0,2.817543642767685
13.114916614909976,1536.0,6.924114681419782,6.0,3.3574186534169543
13.795296191104283,1536.0,6.137326958903309,5.0,3.5315958249226966
12.975571171820503,1536.0,3.625801066370473,4.0,3.321746219986049
8.737428730513306,1536.0,2.2446312612065666,4.0,2.2367817550114064
16.15852878439449,1536.0,6.72240256739811,6.0,4.13658336880499
15.400228802483674,1536.0,5.485953058131511,5.0,3.9424585734358204
11.627813966487242,1536.0,5.484179918442518,4.0,2.9767203754207343
15.096095529962712,1536.0,7.91727219749175,5.0,3.8646004556704545
15.582165483612698,1536.0,6.159698006384355,5.0,3.9890343638048513
14.585519994014474,1536.0,7.669891721254012,5.0,3.733893118467705
6.844585563497266,768.0,3.0509198607187265,2.0,1.7522139042553
16.146308011610877,1536.0,8.072300282061438,6.0,4.1334548509723845
15.444220987841478,1536.0,8.46455678033485,6.0,3.953720572887418
4.900271113204532,768.0,3.3435111259568684,2.0,1.25446940498036
13.196865962882287,1536.0,6.622962148777269,6.0,3.3783976864978653
15.420578173369856,1536.0,4.751443599292013,6.0,3.947668012382683
7.424477493326469,768.0,4.054305513916672,3.0,1.900666238291576
16.005430693616777,1536.0,7.051487191040504,6.0,4.097390257565895
17.0516288094639,1536.0,7.578700283989972,6.0,4.365216975222758
16.291171097912684,1536.0,9.89345787534448,6.0,4.170539801065647
7.689260823183145,768.0,4.432060370892643,3.0,1.9684507707348848
14.741707763029975,1536.0,8.876220210673175,5.0,3.7738771873356733
12.702606974079817,1536.0,5.718397630993689,5.0,3.2518673853644335
14.66246559674028,1536.0,5.940204265319146,6.0,3.7535911927655112
7.32362376546543,768.0,3.987906958213733,3.0,1.8748476839591501
21.337202917905312,1536.0,11.227661846470177,6.0,5.4623239469837594
15.553378683907711,1536.0,6.6191215462132185,6.0,3.981664943080374
14.083564864737873,1536.0,4.333640977166128,4.0,3.605392605372895
18.296487581664884,1536.0,11.236161368366902,6.0,4.68390082090621
11.835146721502527,1536.0,5.748258286433856,5.0,3.029797560704647
14.113144226330629,1536.0,6.212209740853734,6.0,3.612964921940641
15.04974352666839,1536.0,9.978055803435609,5.0,3.8527343428271084
14.08895050850532,1536.0,7.630476426839067,5.0,3.606771330177362
14.42745834169963,1536.0,4.254563443495434,5.0,3.693429335475105
18.460023383499493,1536.0,9.927840053205637,6.0,4.725765986175871
13.416205819705423,1536.0,5.7572355263837895,5.0,3.434548689844588
12.902084401988503,1536.0,3.354572279704839,5.0,3.3029336069090567
16.624379630347864,1536.0,8.498220801794503,5.0,4.255841185369054
13.6344894834336,1536.0,6.57282196917606,5.0,3.490429307759001
14.300066029721217,1536.0,5.129974806000749,5.0,3.6608169036086315
14.859729683984849,1536.0,7.553683103581941,5.0,3.8040907991001216
12.596578741532106,1536.0,6.047661892097297,6.0,3.224724157832219
17.394869368584168,1536.0,11.751714265067113,6.0,4.453086558357547
17.200222361842922,1536.0,9.155939761909472,6.0,4.403256924631788
12.412554708866013,1536.0,5.731672072180418,5.0,3.177614005469699
16.17123810463098,1536.0,8.895872787761817,6.0,4.1398369547855305
12.529534835918465,1536.0,3.6826501013832202,5.0,3.207560917995127
12.443098876454375,1536.0,8.351832295085652,6.0,3.18543331237232
15.422337909694662,1536.0,7.907372487348027,6.0,3.9481185048818332
15.73098034848236,1536.0,8.355444792971891,5.0,4.027130969211484
5.79251996770722,768.0,3.246942869219307,1.0,1.4828851117330484
19.089857092628428,1536.0,9.626300720622883,5.0,4.887003415712877
16.217936618591814,1536.0,6.768860553634781,6.0,4.151791774359505
17.224520654142566,1536.0,10.242447096577495,6.0,4.409477287460496
12.401759358896447,1536.0,4.412892697069454,4.0,3.174850395877491
18.165747804620345,1536.0,9.332070803175432,6.0,4.6504314379828084
5.099840969368847,768.0,2.690615672385671,3.0,1.3055592881584248
12.81503919870441,1536.0,4.294955761575318,4.0,3.2806500348683287
15.738601719712916,1536.0,8.533653106357315,6.0,4.029082040246507
18.828201729373422,1536.0,9.695200639100841,6.0,4.820019642719596
11.250887349646607,1536.0,3.9696457146737556,5.0,2.8802271615095316
18.661055220823087,1536.0,9.007318016760312,6.0,4.77723013653071
14.043251885675188,1536.0,4.6434596317591215,5.0,3.5950724827328484
18.174326690435095,1536.0,9.323435352022175,6.0,4.6526276327513845
17.096736893995676,1536.0,10.387075441896013,6.0,4.376764644862893
17.625467421003513,1536.0,9.320692217692844,5.0,4.512119659776899
14.142872145662144,1536.0,5.089376937572609,6.0,3.620575269289509
17.030782468920197,1536.0,7.719976041317113,6.0,4.35988031204357
18.159627342051564,1536.0,10.396072999909133,5.0,4.648864599565201
16.230329499779785,1536.0,7.303048080292784,6.0,4.154964351943625
17.421336890000816,1536.0,7.798334195104074,6.0,4.45986224384021
7.589782752239643,768.0,4.625118801823891,3.0,1.9429843845733485
16.19512937274457,1536.0,6.121716758369503,6.0,4.14595311942261
13.362164789690057,1536.0,4.538693393830353,5.0,3.4207141861606547
16.918280861985828,1536.0,9.76944150863361,6.0,4.331079900668372
15.57843782998711,1536.0,7.588040128330831,5.0,3.9880800844767004
19.064711623470817,1536.0,9.206150828423285,6.0,4.8805661756085295
17.38859795924632,1536.0,8.901518413419822,6.0,4.451481077567057
14.651652510097295,1536.0,4.579701040042893,5.0,3.7508230425849076
12.288736426081623,1536.0,4.018630221542218,4.0,3.1459165250768955
14.887961030332733,1536.0,6.85613245763498,5.0,3.8113180237651796
11.546275279805892,1536.0,2.326977951951927,4.0,2.9558464716303083
17.202209943249503,1536.0,7.349182252447621,6.0,4.403765745471873
13.48203362320485,1536.0,5.9498346940446485,5.0,3.4514006075404415
15.494218490210933,1536.0,8.110717348931537,5.0,3.9665199334939993
12.916031922739775,1536.0,5.359734341305678,6.0,3.306504172221382
15.711791558866745,1536.0,8.359893949760089,6.0,4.022218639069886
18.183230667249326,1536.0,7.991854008193219,5.0,4.654907050815827
19.728254520865733,1536.0,11.94009652019446,6.0,5.050433157341628
15.964156602009922,1536.0,5.940284862342988,5.0,4.08682409011454
18.604135792358854,1536.0,10.427199764735198,6.0,4.762658762843866
14.207865798916398,1536.0,6.053722995331167,6.0,3.637213644522598
16.83849862025164,1536.0,6.70996515048682,6.0,4.31065564678442
15.055733246514688,1536.0,8.510780157622182,5.0,3.85426771110776
14.45964795194127,1536.0,3.819047254797983,6.0,3.7016698756969646
14.080844121334254,1536.0,4.826385319341309,5.0,3.604696095061569
13.027458996519973,1536.0,5.581754156524072,4.0,3.335029503109113
11.672203717008738,1536.0,4.341473921075938,5.0,2.9880841515542373
16.209638512332816,1536.0,8.004652210863538,6.0,4.149667459157201
7.053676295196134,768.0,3.9012098084483333,3.0,1.80574113157021
19.83700459765775,1536.0,11.214766475933448,6.0,5.0782731770003835
15.89773600206257,1536.0,8.053974451359108,5.0,4.069820416528018
16.550385769611708,1536.0,10.082291535603026,6.0,4.236898757020597
13.663748945852817,1536.0,4.148839924490782,6.0,3.497919730138321
19.41421321004235,1536.0,9.440970745951791,5.0,4.970038581770842
19.333909885025886,1536.0,9.893253899289261,6.0,4.949480930566627
17.074974135518133,1536.0,8.794861457461081,5.0,4.371193378692642
4.953384240012235,768.0,2.178998729916196,2.0,1.2680663654431321
