13.86705630861881,2816.0,5.046556353946099,3.0,27.287111470622655
9.136438578901068,2560.0,1.1430737116094876,1.0,15.18256152374375
9.86250206086612,2560.0,1.3739891961693995,1.0,16.490473137990037
8.406403512113567,2816.0,1.8585410791593837,2.0,13.812528983148416
8.752101330738252,2560.0,1.0943254779771714,1.0,15.628322302984957
9.164629777876145,2816.0,0.9139418821898238,1.0,14.987668587373571
11.171120551362005,2560.0,2.0277954311062847,1.0,19.302103546099037
11.895370283593515,2816.0,3.46029831733312,3.0,21.052026781859492
11.88275506961341,3072.0,3.2009561724903497,3.0,18.936634882367194
11.133529450968904,2560.0,0.8410006334532498,1.0,18.489328677275324
10.485907443774398,2816.0,0.8964719126733498,2.0,17.631440262866928
8.163192710921532,2560.0,0.4019259706081246,1.0,13.69196756535884
9.519401977181282,2560.0,0.9898175401528777,1.0,16.468959082510796
10.399078574431655,2816.0,0.6342576909727812,1.0,16.387644491469114
11.885877129657558,2816.0,2.487403611432242,2.0,19.44393480948692
10.292266809787698,2816.0,1.4109861169564533,2.0,17.72540053235016
8.185117888211062,2560.0,0.011084856058086345,1.0,13.059121766330538
10.072916555312027,2560.0,2.5935596750168592,2.0,19.19411362522579
5.259970290933468,1280.0,1.2524764381231548,2.0,4.627518906859919
6.458908518516366,1280.0,2.1564263956671224,2.0,5.55460539321883
6.9315719953705806,2816.0,0.7172239512598837,2.0,12.584555361238321
7.535081927440955,2816.0,1.519870182362189,2.0,12.746721176117735
11.526698057350714,2816.0,0.4996110280098961,2.0,19.851197405272053
8.150031538738281,2816.0,1.6186555331949857,2.0,15.418723706481988
8.981172212834334,2816.0,2.301764654609425,2.0,15.133813578392727
6.582743123224556,1280.0,1.5512732615393985,2.0,5.558611271882189
11.673576040963953,2560.0,1.9848205221333708,2.0,20.474256478290904
10.594430491577313,3072.0,2.0209776716608148,3.0,18.265140834001752
3.1776587032488406,1280.0,0.8995980154995933,2.0,2.877372781987751
7.921355608823618,2560.0,1.4033156564430458,2.0,12.609858683722262
10.309706325886918,2816.0,1.9520817716695453,2.0,16.482726570857047
11.308553041296395,2560.0,0.3620406061371694,1.0,18.405096459782186
9.905592877634636,2816.0,3.2747577103274534,3.0,19.103944264127552
11.054240674027492,2816.0,2.2104928131036976,2.0,15.955022632524573
9.775887831391193,2560.0,1.117511982472049,1.0,17.17988314344249
8.136317213500373,2816.0,0.9212798802302213,1.0,12.970146634276709
10.888341414408467,2816.0,3.8392385492582477,3.0,17.317134233109964
10.039179343105038,2560.0,0.0,0.0,15.39560574348893
12.077644323632638,2816.0,1.861843272166412,2.0,21.16915795457329
9.830545908046926,2816.0,0.763724884447031,2.0,17.57424046974657
9.031176792427262,2816.0,2.7603569987458427,3.0,16.056218198108148
11.555448502890446,2560.0,0.0589990123973983,1.0,19.5665210365144
9.952160573398192,2560.0,2.117176584883293,2.0,18.33008060435162
9.029835030620315,2816.0,1.6722550280461266,2.0,16.242850645975587
9.333962970477325,2560.0,0.6802838273352891,1.0,16.616312513543917
11.531677953266646,2816.0,1.883721909524537,2.0,19.323302542308678
10.485864880533526,2816.0,1.9379583773784574,3.0,17.423203044988696
7.630087478461178,2816.0,1.052405803198217,1.0,13.203186631865947
7.894326988824083,2816.0,0.6683064860171939,1.0,13.54243407965701
12.919379623390265,2816.0,2.3528836362263594,2.0,22.789445589639627
9.431476174373394,2816.0,0.500205506740125,2.0,15.648011211100194
4.82958607841727,1280.0,2.247096546389447,3.0,4.1332956730312125
7.163550611146052,2560.0,0.7518539233232038,1.0,11.861635783381718
10.884037017156716,2560.0,1.0904530920650157,1.0,19.125074469704366
12.351673405884181,2816.0,2.2042883395035866,2.0,19.838947198778907
8.711752412236724,2560.0,0.32995230886811333,1.0,13.876964332759151
9.167401722945828,2816.0,3.85451184586285,3.0,17.6999767669303
11.492268512414881,3072.0,1.8060419700125072,2.0,18.62031049130107
2.5267985103184447,1280.0,1.0067512356820256,1.0,2.6883029975618964
13.95534541649401,3072.0,3.8017530796872174,3.0,22.76231917300069
8.546163432154506,2816.0,1.3919231756218529,2.0,14.368194695947409
8.059406911387356,2816.0,0.9571222320683508,2.0,14.206039984039258
10.918864615855567,2560.0,2.530898392641359,2.0,19.182375283759864
7.616813917610985,1280.0,3.904068174629269,3.0,6.22747840413328
8.249693605990785,1280.0,4.182749936332728,3.0,6.49703796223309
10.46653112279953,2816.0,0.9448139441435407,1.0,16.951449311441735
8.252790886910374,2816.0,1.2443121123595076,2.0,14.44216173044369
8.662527853703663,2560.0,1.9595596220344187,1.0,16.36200861006608
9.759535604497888,2816.0,0.789918015452999,1.0,15.692079820529507
9.22411161384927,2560.0,2.8017154234815385,2.0,17.66467169717461
8.812673389460608,2560.0,0.03668625062559311,1.0,15.411321686038622
6.106033599784103,1280.0,3.691093635007167,2.0,4.1709118071300555
7.1276267304288154,2816.0,3.4637177568039537,3.0,11.290185895641125
9.511010785252683,2816.0,2.3730097701231374,2.0,18.420175569085877
8.860194743751451,2816.0,1.4974185331019116,2.0,17.23699505247596
10.447419269896628,2816.0,1.1318632132972402,2.0,17.84056428587648
5.83548948593463,1280.0,2.082306595762387,2.0,5.388212352018234
11.582797252612314,2816.0,3.7870638543791597,3.0,21.080129317375356
10.790975965860747,2560.0,2.2944125604219656,2.0,18.22609909372365
12.365754167333694,2816.0,3.580035329774558,3.0,22.354005870580213
6.551362305691382,2560.0,0.4227304375374551,1.0,9.815934317786521
9.325353729461556,2560.0,1.1201777925307326,1.0,14.92146613756015
11.947445761305197,2560.0,3.474654196725068,2.0,21.076813149330597
8.427198725914801,2560.0,0.6416856175370493,1.0,14.833485312473591
13.1268312228968,2816.0,3.7750633655963792,3.0,21.501853658216667
12.4703838617493,2816.0,3.7196886505035986,3.0,23.57040012008104
10.601601207426775,2816.0,1.9669356201502461,2.0,19.735455871128266
11.183640325393577,2816.0,1.2810342788272493,2.0,18.66026730577819
4.206025470298709,1280.0,2.3373640567623726,2.0,3.2244405600550565
8.064216393064054,2560.0,0.0,0.0,12.862716225845658
13.340736505156318,2816.0,3.0458161066087133,3.0,22.213595804102965
5.601251202571786,2560.0,0.4901444111816827,1.0,9.144194227337293
5.990181576849699,1280.0,1.8539731840617126,2.0,5.1810213054413765
5.654270625243463,1280.0,2.104170703397634,2.0,4.672807563647655
4.162386953145646,1280.0,1.7934361803952874,2.0,3.4954052320915716
8.10053595257903,2816.0,0.33389877074203445,1.0,14.252505864510331
8.668627102151781,2560.0,0.5035292027654127,1.0,13.296387092415806
10.704881841152838,2816.0,2.4653212213890163,3.0,18.77160641493737
7.200819605182354,2560.0,0.07586832299137936,1.0,12.776502266283757
10.706130163782767,2816.0,1.1840025748487224,2.0,16.62865335694713
11.809197135784522,2816.0,1.4324145404820703,2.0,23.077223747654614
8.585291192043663,2560.0,0.4169947968833334,1.0,15.420222425828651
9.561621711976672,2560.0,0.7826637420115501,1.0,15.97708974613762
9.622243119582421,2560.0,3.103842961446575,2.0,15.954290510370017
7.616551653976604,2560.0,0.9424781733008669,1.0,13.225337119185557
9.962894664774401,2560.0,1.8676576727962915,2.0,16.652785167668622
7.657374166555538,2816.0,0.7724192458726931,2.0,13.066104751987204
6.9986653700138755,2816.0,1.2441514867700456,2.0,11.252770348721759
12.537249550365111,2560.0,2.6427541728649446,2.0,22.403962182914185
9.195872778705313,2560.0,0.6008721558999295,1.0,15.661379670691979
9.546912824115667,2560.0,2.1789483137588084,2.0,16.320913879106982
7.170480961143168,1280.0,4.0776584738774355,3.0,5.581705346735239
9.407690665677553,2560.0,2.7066370726916964,2.0,17.10570445968314
7.222371425073558,2560.0,1.5149547720726564,2.0,13.294698148229124
13.18393326533848,3072.0,4.554523507720601,4.0,23.82355366302589
10.44650824522849,2816.0,1.3336089677127378,2.0,16.75467302434803
10.783270206470077,2560.0,2.079523954478497,2.0,19.063746804480456
9.754397834793403,2816.0,1.123475579345628,2.0,17.10193972472196
6.214810540288154,1280.0,1.4771319912539735,2.0,4.769711763893721
10.686943990478591,2816.0,1.3264023148275363,2.0,18.446556331480767
13.39186791831889,2816.0,4.285461415555203,3.0,25.706345054000103
9.953908703339886,2560.0,1.878357831941861,2.0,16.580586611366677
9.15172100794998,2816.0,1.253105879728683,2.0,15.572954586337936
8.735221836472007,2560.0,0.5349875794052605,1.0,16.15822385584058
8.290566623141366,2560.0,0.4834270568114021,1.0,12.666858080571595
11.947192984500235,3072.0,2.0366170646115496,2.0,20.390094308688354
6.60842393352995,1280.0,2.392731240871268,2.0,5.315640707835212
3.8916544346902855,1280.0,0.5388060879456924,2.0,3.526070338151469
9.682816175532857,2816.0,1.472208571928722,2.0,15.867596230992344
7.732027880358698,2816.0,1.0062303577776306,2.0,13.222524828867893
7.6112273212127715,2816.0,0.9027093470728945,1.0,12.623715082778617
9.221264790800271,2816.0,0.8130659622445155,2.0,14.104520008788697
11.037316316185308,2560.0,3.1366707021733866,2.0,21.105905697376947
6.593824419632446,2816.0,0.5355858842248231,2.0,11.771159871725775
12.276469223476,2560.0,3.538578925666231,2.0,22.45490000879791
10.228602244759033,2816.0,2.7887810944019322,3.0,18.28169670693937
5.605739378881136,1280.0,2.897577376777005,3.0,4.633915745265389
7.55848342469232,2560.0,1.0125438745788031,1.0,12.241634765223113
9.018688780697577,2560.0,0.27161572185995986,1.0,14.579106081748236
9.974387942924256,2816.0,1.0645420423858225,1.0,18.24005854360644
13.523348671557297,3072.0,5.2825873054966435,4.0,23.96443936656771
9.367114089102538,2560.0,2.349804333747769,2.0,17.35182174914477
10.618703073111053,2816.0,2.4759307575894063,2.0,17.21869335516149
8.260453522831288,2560.0,1.5168866935359633,2.0,13.604486782954485
11.113201999455773,3072.0,2.641691064329111,3.0,18.88781080495417
7.147495860266047,2560.0,0.0,0.0,9.980518321548432
12.57755150518098,3072.0,3.4457869214308574,3.0,21.921772831191184
11.71049298139559,2816.0,5.283718306771596,3.0,16.175362107298074
8.701571303295175,2560.0,0.956350060366204,1.0,16.912369770993525
9.295956340345448,2560.0,0.13041575514720144,1.0,16.471509883848626
9.086818243506364,2816.0,1.9535346811928995,2.0,14.776385798231498
5.785955668760869,1280.0,2.3995752814817677,3.0,4.932993635399808
7.124901800851157,2560.0,0.8657006645581399,1.0,13.173673877414242
9.694209610063377,2560.0,1.1668779112236214,1.0,16.800687039384734
8.504320485922504,2560.0,1.852547741193828,2.0,15.184713962800407
10.74995499873884,3072.0,1.7184048964104583,3.0,17.85556926968273
8.811725076358051,2816.0,0.9957945277278923,2.0,15.650600887660891
12.004750318770288,3072.0,3.625937984855416,3.0,19.77906032167391
9.012185276636297,2816.0,1.1850811702955197,2.0,16.027499843596818
10.136684837446666,2560.0,2.5157709659745873,2.0,17.96906732867099
10.151700460153295,2816.0,1.5114991442373076,2.0,16.507000401539386
9.997178762694645,2816.0,0.900875416433916,2.0,17.677144006027333
10.77049460583983,2560.0,0.0,0.0,16.441565839046767
8.671990892073982,2816.0,1.4215945980691829,1.0,16.624320314129278
12.070895297429077,2560.0,3.6439769113373344,2.0,23.220699690674078
8.662137131440009,2816.0,2.7922325256326146,3.0,16.6908466765241
8.755865701000154,2816.0,0.9714711396642628,1.0,16.24623472266586
10.690692188496753,2816.0,1.6147186730888585,1.0,16.48669228160492
12.823529042039247,3072.0,2.2250010356886367,3.0,21.690723016743515
4.695469681118375,1280.0,1.3865705274445017,2.0,4.108983523875829
4.262196723696167,1280.0,1.6590170506473016,2.0,3.7386564773755424
12.798566642894507,2816.0,2.026099211544622,2.0,22.50068735484983
9.522162405664716,2816.0,2.078366953442326,2.0,16.42539126139198
11.021015155876281,3072.0,2.350052636044869,3.0,17.176907581367534
10.616536235356483,3072.0,3.224918018825261,3.0,17.88196996234795
11.03150817368039,2816.0,1.1306443979062575,2.0,18.374383757094446
8.404277258901384,2560.0,0.23111653298036927,1.0,14.73086847861574
11.125763938399748,2816.0,2.5185619789639713,2.0,18.324202546905553
8.952099983382661,2816.0,2.6456577636238077,3.0,16.01504462882345
13.917552790473989,2816.0,4.655163546461445,3.0,25.35760439514274
11.47023666713488,2560.0,0.8180921825565556,1.0,19.25703355325859
8.735291226106485,2560.0,0.3711732240673277,1.0,15.607690018457697
10.462779298118956,2816.0,0.9221444834352333,1.0,20.291913097579226
8.922002593490506,2816.0,2.7154187739682034,3.0,14.905616508062327
12.960109073191191,2816.0,3.342073648206357,3.0,21.128427750400327
10.706035347402175,2560.0,1.3132508229536166,1.0,20.206303047325846
7.453895246047049,2560.0,0.23804937114879376,1.0,12.771535133465887
9.623732128306564,2816.0,0.7860493338403325,2.0,15.352663023729722
9.764244353199281,2816.0,1.2486324011043255,2.0,15.585700001189561
8.95211785686964,2560.0,0.6563934860414866,1.0,14.792529733855435
10.628485184582814,2816.0,2.5203934391417095,2.0,20.31534228372802
9.216277050233916,2560.0,0.36391359508966814,1.0,16.81671500242964
8.888205031816101,2560.0,1.2131222242256448,1.0,17.7075824184664
11.917752389253806,2816.0,1.540850094531685,2.0,20.180922677448464
10.47743426668704,2560.0,2.253137200482551,2.0,18.29730379946842
11.14225120162344,3072.0,2.217535612972294,2.0,19.424409438350125
9.01041288844449,2560.0,1.218998411704332,1.0,18.056571699068883
14.027358376122278,2816.0,3.889500181584247,3.0,25.464838286646998
11.740866274265406,2816.0,2.548519985012141,2.0,22.148429370024953
13.213996759964243,2816.0,1.931148562776602,2.0,23.06931504852851
11.218952353981544,2816.0,3.4208663290375467,3.0,20.75756460276905
10.0842191606579,2560.0,0.9634660515392959,1.0,18.51587769181497
7.534175828775168,2816.0,0.28956151356153403,1.0,12.902543067440092
9.721857260053104,2560.0,0.9251975306388687,1.0,17.006529642688964
9.519047346497072,2816.0,0.8804441943832181,2.0,15.768578551873745
10.137305244480904,2560.0,2.379613722234709,2.0,18.41655809022893
9.375022624095475,2816.0,2.6255937074794806,3.0,15.839834453145231
7.836347244346114,2560.0,0.47213585053629625,1.0,15.845360465366909
6.261180580223565,2560.0,0.68897097663097,1.0,12.080797133631783
8.40690830242113,2560.0,0.7639413011099572,1.0,14.988157400777297
10.313717841697141,2816.0,3.388020461776969,3.0,17.837446121027085
10.62007334715824,2816.0,1.1855504965514867,2.0,17.04955135856374
8.932227041382756,2560.0,0.5570601170171209,1.0,16.056316795878143
10.57731620472664,2560.0,0.6888535618923344,1.0,17.64950988952702
9.676608917160474,3072.0,1.4698683436051456,2.0,19.471838337088485
9.358027002626669,2816.0,1.8565362850535432,2.0,15.815418110198385
7.678026424611164,2560.0,1.1455039732947285,1.0,13.564316484663015
10.018798685841809,2560.0,0.8501949092510525,1.0,18.38095929313803
9.417777743219858,2816.0,1.996741276049161,2.0,14.82846055883777
10.673342630490254,2560.0,0.7054349049189228,1.0,17.755643205690472
10.29696318331797,2560.0,1.7925979152107931,1.0,18.53803062663343
7.96103045066541,2560.0,0.0,0.0,13.991036023088396
9.796126284993225,2816.0,0.917325039248255,2.0,15.975765048389073
6.011491381085687,2560.0,0.0,0.0,8.962022493436365
9.601423594818538,2816.0,2.100284183508939,2.0,15.814543447145155
4.335548278668604,1280.0,0.8590353647049133,2.0,3.5857288792961235
7.242421825323381,2816.0,1.0224601780223999,2.0,12.797544589566623
10.966856179451282,2816.0,3.2969561840905124,3.0,21.36834643151875
7.662402597334372,2560.0,0.7696081919380771,1.0,13.524446400275252
10.610431206762994,2816.0,1.6985808623830894,2.0,16.746285749306107
9.824364111876191,2560.0,1.0205003936017252,1.0,16.431659795102316
10.294134616782928,2816.0,0.7571088535422626,1.0,15.540950558041438
10.21659121288045,2816.0,2.1611940946973514,2.0,19.163600693863575
12.785846835239443,2560.0,2.0283311945385107,2.0,21.334684645293883
8.899307829671326,2560.0,0.0,0.0,15.848604104166562
12.586846855893253,2816.0,3.8528710755068003,3.0,22.15423076307458
11.83954226343954,2816.0,4.023383988487909,3.0,22.426876652868437
9.274452256178305,2816.0,1.1735438722931169,2.0,16.34322746599492
8.757747187681634,2560.0,1.3139584081892601,2.0,14.103759731390543
10.944414986850784,2560.0,3.695414434819228,2.0,22.890256097809374
6.448859407073723,1280.0,2.9479794133916144,3.0,5.0395547771109905
9.311563208776654,2560.0,0.9795433124013002,1.0,15.905469553411628
8.536268260082196,2560.0,0.4627099240206496,1.0,14.252761399356029
8.190008838069312,2560.0,0.39541725265241756,1.0,12.994272149319748
9.82934671444591,2560.0,1.1374046553035855,1.0,17.705610827752835
10.799005433310926,2816.0,2.139235219893206,1.0,18.80410848268897
10.503987502175011,2560.0,0.3124074964849901,1.0,19.62175283860582
10.222997126664636,2816.0,2.650146427222535,2.0,18.853364728940946
9.709018418235384,2816.0,1.2173302252811404,2.0,16.324294686794588
8.910761760401837,2560.0,1.0084772410726186,1.0,14.348359187424117
11.281529718645114,2816.0,1.5146952882442868,2.0,20.95986076367232
6.707319350703505,2816.0,2.068781728942316,2.0,11.272750845396098
10.750839799745952,2816.0,2.9299423609595774,3.0,18.83758016375833
9.88392388558403,2816.0,0.9808477952223856,2.0,16.549705751450425
6.972428541528144,2560.0,1.0527730170499867,1.0,13.036663300002642
8.939878870265483,2560.0,0.23183877999122965,1.0,15.107915341315321
10.21827129925929,2560.0,0.3492201984682012,1.0,19.101385219437926
4.681879300521322,1280.0,1.2545680126438779,2.0,3.7351888237174045
10.479810176324717,2816.0,1.422921744846164,2.0,19.114501941832692
8.80099149117611,2560.0,0.4472642791315008,1.0,15.769736461375455
9.52173324489483,2560.0,2.8542838285245127,2.0,17.484222517060932
9.41119625322459,2560.0,0.5259149600681502,1.0,16.296147390395472
8.465664518123202,2560.0,0.10467704547198947,1.0,14.508179641196568
10.882988168212243,3072.0,2.432728245717119,3.0,19.25525059997735
10.449067922590373,3072.0,3.189135190487874,2.0,17.283304492913622
11.861768317192903,2816.0,4.1436646105256525,3.0,20.704586702543203
8.551473579119689,2560.0,0.7814314040633098,1.0,15.578067266036044
11.382379829083794,2816.0,2.2618071275000884,2.0,21.168690952345813
10.79479425932236,2560.0,2.248659755715178,2.0,19.46798112412985
12.2489776046467,2816.0,3.4523346704020064,3.0,20.89765532191561
9.95234262414386,2816.0,1.9213969669573512,2.0,17.089704779234896
9.579136442849961,2560.0,0.4325276183137724,1.0,16.98320990093965
12.672136801622548,2816.0,3.255525288182045,2.0,22.064403237878576
7.017449672814163,2560.0,0.2885064518457261,1.0,11.717277975505592
4.789452218271414,1280.0,2.686822291311713,3.0,3.7452862415317183
8.891697612402425,2560.0,0.2130622270084629,1.0,12.487225817562251
6.893091080827194,2560.0,0.0,0.0,11.42842932356719
8.966317365851818,2560.0,0.7409283031838004,1.0,14.110394050832031
10.071516173100706,2816.0,2.769682831022667,3.0,18.443629093920386
9.616855171029744,2560.0,0.2261797271487423,1.0,15.409814110590961
6.842038969416724,2816.0,0.8009764561338372,2.0,11.78201625994376
11.042921906336328,2560.0,1.4966038197242226,1.0,18.389728727297715
11.313280176303492,2560.0,2.513651558947374,2.0,21.102956931722087
8.981490350440614,2560.0,0.6970913639806531,1.0,15.971840183868975
8.505218907426924,2816.0,0.8814422365473111,2.0,14.437825117195665
11.156370500336582,2816.0,1.927338885172587,3.0,18.17427342120664
9.579335237883711,2816.0,1.5349203272590284,2.0,14.140573017582852
10.587398481354297,2816.0,2.74935249585691,3.0,19.75404424593378
9.275814963342164,2560.0,0.0,0.0,14.513466555806081
6.636750777737159,3072.0,0.8321842517598198,2.0,11.396517820676515
9.591823556694042,2816.0,0.9807652638854174,2.0,16.339166866486206
5.518249270791271,1280.0,3.1315226439045025,3.0,4.389740492200024
10.324124816484911,2560.0,1.4833302473336554,1.0,18.144009740580668
11.481718389835809,2816.0,1.2707828273448794,2.0,19.439291186136614
10.965615505417187,2816.0,1.6198165278427041,2.0,18.737513708649054
9.882473568882562,2816.0,0.8784199975433331,2.0,16.180238551865187
8.201767700425943,2560.0,0.4982167876168364,1.0,13.928702081210584
14.216773378313862,3072.0,3.0261443855488843,3.0,23.56351671506541
6.6767478556098165,1280.0,1.2892817247948336,1.0,5.5227131966664285
8.522280590510716,2816.0,0.6847262427116337,1.0,13.077416354427445
8.8493849837311,2560.0,0.8387076916083385,1.0,15.78319731408459
9.289364955146489,2560.0,0.0,0.0,15.170286363101408
9.478252692006349,2816.0,2.6168036785674973,3.0,16.50402073696893
9.858190106779395,2816.0,1.2164267832661622,2.0,17.603579108364904
11.229016047245617,2816.0,1.3810613979842132,2.0,20.407737602819005
9.68353008952619,2560.0,0.8110321146667319,1.0,14.511665595798574
7.097848050486786,2560.0,0.15705197573681484,1.0,11.960456903817068
10.460215947273403,2816.0,0.9782352666687695,2.0,18.160443273032566
8.577483954897787,2816.0,0.0,0.0,14.852288203098166
10.859119612312123,2560.0,1.8469648429769547,2.0,18.718215006161675
13.35892834925165,2816.0,1.1971494723001144,1.0,22.19384676626059
9.750265762541634,2816.0,1.8583855599897934,2.0,18.341837243628373
9.103870050902302,2560.0,1.1616742563753306,1.0,13.64092252447895
13.454457130542087,2816.0,2.5516637310156667,2.0,22.996677693258583
10.841006001137673,2816.0,0.6463306391326648,2.0,19.04017280843264
7.394192544267249,2560.0,0.6742821510600185,1.0,14.007914235888613
4.244606875592421,1280.0,1.525888090495302,2.0,3.599115788918642
10.90818332401071,2816.0,2.7582425279481084,3.0,20.60848777105287
7.815509424288928,2560.0,0.6670641568701576,1.0,12.812695110655692
6.3425388452422515,2560.0,0.6939977457381092,1.0,11.96810957941081
12.777891318011816,3072.0,3.4697490187573123,3.0,22.536752283393863
10.210561126160737,2560.0,0.719858443523594,1.0,17.672462540001536
11.492762995334656,2816.0,2.300539493808359,2.0,19.093426149128078
7.208554961531428,1280.0,4.2352362897629785,3.0,5.562898190079665
3.900189187658383,1280.0,0.8971056548579811,1.0,3.656744755743451
6.665214379584018,2560.0,0.23644804278177123,1.0,10.840430366728821
9.698312344335465,2560.0,2.8627522478837095,2.0,18.032385071345008
7.040289687677889,2560.0,0.7309568077258713,1.0,12.294385886817073
9.383879597245354,2816.0,3.511344309937013,3.0,17.25465007441205
11.215264082526035,2816.0,2.9454096598975634,2.0,18.85916175286047
11.84257097150573,2816.0,1.6031801597325985,2.0,18.843350007472534
7.921439955738154,2560.0,0.019091918738488645,1.0,14.214195988354838
4.1977087628801355,1280.0,2.5744731486922445,2.0,3.607066193132691
9.585498047384595,2560.0,0.8223959096089795,1.0,17.68953142429698
10.267967408600223,2560.0,0.6445499709306146,1.0,16.984428832086333
6.83614071603137,2816.0,0.5307404359554723,1.0,10.856659956082842
9.636048777398807,2816.0,0.9060953406483769,2.0,16.157078242850854
12.263400743365754,2560.0,4.189067643908053,2.0,24.341762048049596
7.802191488379896,2560.0,0.21652301000135593,1.0,13.904816868405803
13.79244354826962,2816.0,4.765913993388662,3.0,26.855903760054716
10.218472986748948,2560.0,0.9877987468748126,1.0,17.488415391391833
13.871543318286065,3072.0,3.0986206750779512,3.0,23.143676208529364
7.414589891849767,2560.0,0.17808605996530402,1.0,12.880272401119985
10.483780557086781,2816.0,1.2738876928965306,2.0,16.35620375287114
8.207413446861068,2816.0,2.216072155426271,2.0,14.20817098378342
10.31699208004332,2560.0,0.40191310378344625,1.0,17.668052905234653
9.294343742032954,2560.0,0.6373931730631075,1.0,14.862632676785232
12.18980033059428,2816.0,1.0437183268961585,2.0,21.700873812540575
6.096610989823845,1280.0,2.385575953571862,3.0,4.412626525041835
8.60436833391598,2560.0,0.9823698765611848,1.0,15.766825979191097
9.01548313414308,2560.0,0.7637997606640733,1.0,15.94177731731487
9.615547866328937,2560.0,0.39252610384941955,1.0,16.018773965703915
9.548210512371046,2816.0,0.7517633495861953,2.0,16.776417755121003
12.044670494920945,2816.0,1.4633617613109224,2.0,21.128089143368555
9.317391798458592,2560.0,0.2521331790745351,1.0,15.900616490280164
8.504970163584826,2816.0,2.6117675201107735,3.0,16.951912670531197
9.865745940706555,2816.0,1.9287368829730598,2.0,17.878633183029596
8.344485322224104,2560.0,0.0,0.0,12.278724738774805
9.68193545980442,2816.0,0.7715108064178215,2.0,17.920601674090175
10.544803347080308,2816.0,1.1694269698949875,2.0,17.792686868424475
11.032045775057412,2560.0,2.870129906511752,2.0,20.04086629819593
5.733038189655339,1280.0,2.9635026825767725,3.0,4.131638513095943
12.312880647824024,2816.0,3.9215390791873093,3.0,20.963140629347496
9.202281233769506,2816.0,2.0160411403355774,2.0,14.629145952880474
9.283070608852912,2816.0,0.6496268375046526,1.0,16.08679683956332
10.069392743542105,2816.0,4.306680240391273,2.0,14.294365305751759
11.757863395474903,2560.0,0.7304494509450511,1.0,19.406736820857525
11.914618857269115,2816.0,1.4399190651344829,2.0,18.974753817733532
10.750535681963726,2816.0,1.695342997201182,1.0,15.793053296764166
5.288710402529107,2560.0,0.0,0.0,9.68841910168157
9.971522248637022,2560.0,0.8984586779964835,1.0,15.058826743826074
9.650916736683946,2560.0,0.7938334656160458,1.0,18.003303035513426
10.299763491190793,2560.0,3.0255016657819964,2.0,19.24853683646404
14.632597987836155,2816.0,3.9987524058582298,3.0,25.847228749053865
3.018011957175159,1280.0,1.0789830753350704,2.0,2.1642158027132026
8.884559594671533,2816.0,0.8182661235450013,1.0,15.188320281898553
5.785166946672496,1280.0,1.727479770582567,1.0,5.248576954270781
10.013398514770445,2816.0,0.13004211949706762,1.0,16.96683859894312
9.763159793888494,2816.0,1.6650126378202725,2.0,16.66391261858296
9.189287323227369,2816.0,1.089681228808447,2.0,16.040758909100887
8.305759548401593,2816.0,0.0,0.0,15.181744104889292
11.60028666993893,2816.0,0.8638909549569195,2.0,18.83320441642002
10.810772795488823,2816.0,1.9736815558618481,2.0,20.251923648068942
14.538782076965758,2560.0,3.318724358176609,2.0,26.69460188993269
8.777247678770035,2560.0,1.024349420022478,1.0,14.730483085742453
9.305847996779118,2816.0,0.8952340142642692,2.0,15.961159554064484
10.267766622731935,2560.0,2.6096501044166684,2.0,18.364380189194307
4.884480544138054,1280.0,2.019442419874764,2.0,4.279884074719955
9.007797012951533,2816.0,1.2823863561964175,2.0,17.033136278123532
8.747666015297536,2560.0,0.6967588996958705,1.0,13.302529034219972
9.69066173639787,2816.0,1.5552450485343772,2.0,15.667031393934026
11.167293498023458,2560.0,2.0214825925009574,2.0,19.373105811342178
8.51402619941836,2816.0,0.9094711052214008,2.0,13.003303405742468
11.58289321934438,2560.0,3.641999661389208,1.0,13.87626859276768
9.674700410918824,2560.0,0.6075502353057546,1.0,15.421535849110597
3.691538917059808,1280.0,2.2924267291838203,3.0,2.953718821299724
7.053586176083712,2560.0,0.0,0.0,12.438771857870053
9.366943056008349,2816.0,2.0673784595709384,2.0,16.292090276174
6.437166274051336,2560.0,0.1601894270507062,1.0,10.64048271004471
8.960000150304877,2560.0,0.20949700901591506,1.0,14.570929654265422
8.349223794154602,2560.0,0.6246173131660189,1.0,13.524785659897326
7.206183207206175,2816.0,0.0,0.0,12.75841275004726
8.37690343992048,2560.0,0.6327038718095235,1.0,13.095314463058987
8.534984456844676,2560.0,1.4097797169980621,1.0,15.493353575721702
9.843160138469814,2816.0,2.7312793120124086,2.0,18.738351935514924
9.523838768991329,2560.0,3.417652169577508,2.0,11.178003955483032
6.009521220042244,1280.0,3.21624198985113,3.0,4.566565495683406
12.087833712313131,2560.0,1.575644162107139,1.0,22.06572894710247
6.162702363199709,2560.0,0.0,0.0,12.502207315725979
8.30980214211788,2816.0,0.919302789522191,1.0,13.990328933620452
9.341599585906685,2560.0,0.18357664864235035,1.0,15.564677995172241
9.665815926762656,2816.0,1.6797697539899008,2.0,17.62537776307207
8.016781493104462,2560.0,1.2197912646637192,1.0,12.96424962689548
10.353634587478602,2816.0,0.7826389002725453,1.0,16.64119354775613
10.980804501400673,3072.0,2.810903814926938,2.0,16.476624560947265
12.836274882981055,2816.0,2.672389029190499,2.0,23.35036354768733
11.464940050953064,2816.0,0.382493008971494,1.0,17.78238799798339
11.918261358551515,2816.0,1.6180034130145826,2.0,18.169009116342416
12.554123167256208,2816.0,3.069720239672403,3.0,22.972114485973943
5.891004985120103,1280.0,1.4262651304473706,1.0,4.920321401388698
13.023111721870205,2816.0,3.474640743493254,3.0,22.7167238072089
9.406491787281292,2816.0,0.0,0.0,14.655537739757232
10.133101707561273,2560.0,0.35802429898539806,1.0,16.495607430080558
9.819298179498265,2816.0,1.3114808547514167,2.0,15.912145232537998
11.997094063086056,2816.0,1.279241867229119,2.0,18.922762208148985
7.088930073186499,2560.0,0.24536972037671975,1.0,11.994547601962983
7.299054325332456,1280.0,3.9121504807201735,3.0,6.09402655095808
9.048133824251295,2560.0,0.8557639748073894,1.0,18.327391639824196
9.73882679263018,2816.0,1.8735500891716548,2.0,15.76581640784661
8.18757556516697,2816.0,0.7087877581118022,1.0,13.670493747390507
4.464949025891548,1280.0,1.8167012702667082,2.0,3.2823274180022897
5.649247669160847,1280.0,1.5939616890212847,2.0,4.8100107223640896
8.406120699566102,2560.0,0.0,0.0,13.399388007457693
9.725008084037988,2816.0,0.7370301242160802,2.0,16.152938061012932
9.759319037616837,2816.0,1.4958022926178816,2.0,15.599411885478855
7.476412252602714,2560.0,0.0,0.0,11.964951431052993
7.733986071915902,2816.0,2.110262478861006,2.0,15.191910973759247
10.100471434945119,2560.0,2.4374492462081614,2.0,15.49035659150682
8.039958887040669,2560.0,1.7629302869525767,2.0,14.916638552497329
8.107840904674685,2560.0,0.9646724372608193,1.0,13.47474772215004
10.127641127849605,3072.0,3.0484913531571824,4.0,17.321093551312416
10.346231439697997,2560.0,0.4100138022360638,1.0,17.936319846311477
7.547567283359633,2560.0,1.2760722619768499,1.0,13.323232895142443
11.823600717102144,2816.0,4.485576573075222,3.0,21.005318676562222
6.908817034394409,2560.0,0.06384525016333831,1.0,13.812125036639678
6.0510757269348066,1280.0,2.429021679523226,2.0,5.439526601936608
13.603812320746101,2816.0,4.823900338336132,3.0,25.281301819453542
11.314463982886608,2816.0,1.5860040484778866,2.0,19.685960883959822
8.043953086289196,2560.0,0.26994099456389364,1.0,13.45422824406387
15.616487209025705,2816.0,4.1558828351218065,3.0,26.101323121696886
13.056764879998038,2816.0,2.3158028216127873,2.0,22.55984655655398
8.197512812721431,2560.0,0.0,0.0,13.336969502644044
10.428365990774436,2816.0,1.4861016800386886,2.0,16.74822001688076
7.979039899603033,1280.0,5.2557872872987845,3.0,6.478256790461241
7.883089259245058,2816.0,0.42331554247131975,1.0,12.901715730250928
10.641754475289297,2560.0,3.9059517031004134,2.0,21.865939718775046
7.246486728187367,1280.0,3.786806022190324,3.0,5.581648661528938
8.139795909267763,2560.0,0.9107064852760558,1.0,15.233980620935393
3.4010189257569925,1280.0,1.7514859267836242,2.0,2.3052121677985786
8.460160775455314,2560.0,0.7773165939227502,1.0,14.138000512639417
11.639387622163964,2560.0,0.6380975501860009,1.0,19.737978908621646
10.551772810011789,2560.0,0.8287794645039885,1.0,18.076965762427285
8.222396561170434,2816.0,0.4949898924567925,1.0,12.148635621164997
8.918300425110402,2560.0,0.933083425544958,1.0,16.72199180091529
5.1776006968291926,1280.0,2.6863269683420863,3.0,3.9141909339701417
10.117131089709101,2560.0,0.44431343208220586,1.0,18.75205453518793
7.579998396908285,2560.0,1.8497785618710458,2.0,14.195683851443214
9.6971424264725,2560.0,0.18966455162446083,1.0,16.1365861976506
7.299880353449772,2560.0,0.4797200375962271,1.0,13.176851215916033
12.160311850835205,2816.0,3.4657163532768784,3.0,21.526536873514925
10.101531471317145,2816.0,1.714754029453748,2.0,17.58067063205684
9.952789325735106,2816.0,0.6654562226692785,1.0,17.945307636125154
9.50716829561945,2816.0,2.0442002233204373,2.0,15.608046195293142
9.570583118040169,2560.0,0.6831645830444634,1.0,15.726129681603407
11.399638803916421,2560.0,2.8108103500256307,2.0,19.42683362312015
5.482743239494209,1280.0,3.3806232360385473,3.0,4.6800066989151095
10.80570485264532,2816.0,1.6814912923081546,2.0,17.324660189364753
10.27269972370571,2816.0,0.7488692830710241,1.0,17.205584773831866
8.1208168702339,2560.0,0.7897397007387834,1.0,13.944708790044784
8.947393069187259,2560.0,0.2690474992563699,1.0,15.292022679219158
11.240180040798357,3072.0,1.3307132520247391,3.0,17.124301003754518
9.402316816631505,2560.0,0.8729059868920599,1.0,16.753202293321017
9.400714952651287,2816.0,0.7381040265187059,2.0,16.741726165493233
8.06944505734822,2560.0,0.4314811121958218,1.0,14.629299029219379
13.171707651974538,2816.0,2.06188885139513,2.0,21.202477443639474
11.580109813589095,2816.0,3.9966497622778347,3.0,21.691577357070816
10.612806174664522,2560.0,2.645252695319621,2.0,19.352517432937365
8.491895767467067,2560.0,0.7508952071696722,1.0,14.18245958115866
8.887507176450073,2560.0,0.13211230433412074,1.0,15.399193600103082
11.218101683213035,2816.0,1.5473656407902332,2.0,18.894689145215878
8.501581410151418,2560.0,0.6116907131857435,1.0,14.083055393160949
9.054729940198756,2816.0,1.1829801303315801,2.0,13.857455254337374
12.031013972367713,3072.0,3.13450704121563,3.0,20.484829499860176
8.42380159614607,2816.0,0.6945400252087679,2.0,13.987249728396762
9.919031453081514,2560.0,1.5821818538761336,1.0,17.734749372271047
10.825889389537839,3072.0,2.7101890453024935,3.0,17.351405575942664
11.773763459650727,2816.0,3.252309943688187,3.0,21.595156989241325
9.474989525557117,2816.0,1.6569211464046871,2.0,14.40787094571677
7.859389388239709,2560.0,0.9308053324448945,1.0,12.590077866394775
8.271909317672936,2816.0,1.086358207195523,2.0,13.012424817507119
