10.856664351398873,3840.0,3.095982498523264,2.0,34.1435515761266
8.589013498239826,3840.0,0.5767764766520191,1.0,22.086118865056722
11.135176614281448,3840.0,1.8716390066295183,2.0,32.117504924772035
8.026256399862739,3840.0,0.4194117443639377,1.0,21.26052999498531
10.40828717596305,3840.0,1.2516100005345892,1.0,26.961255068170892
9.163045555565606,3840.0,1.320025868063484,1.0,26.69413366700668
9.600608454635449,3840.0,0.0,0.0,24.220930614398515
6.641844760155361,3840.0,0.047529672085574515,1.0,18.55265408283384
10.28545684957325,3840.0,1.0029854281904824,1.0,29.719091048353746
7.390096520647673,3840.0,0.321415520389737,1.0,21.16133285713128
10.457817999100023,3840.0,2.6925104427457844,2.0,31.566312542457798
9.519066718791453,3840.0,0.9700398042465549,1.0,27.313987542020577
9.510702781009172,3840.0,0.0,0.0,26.83869255060658
9.291864304141757,3840.0,0.0,0.0,27.21550535340554
9.466913361391747,3840.0,1.4064144390729538,1.0,26.605079912336873
7.796314559053793,3840.0,0.5759372148458977,1.0,24.113840633741688
8.7949076461786,3840.0,0.7231610877222238,1.0,24.897391460192075
7.785470016750916,3840.0,1.934861695559945,1.0,22.779714638024412
8.033785081117815,3840.0,0.0,0.0,22.026706710713697
6.539374800808423,3840.0,0.25812673453229346,1.0,20.387808887410877
10.414130955081156,3840.0,0.8348065572010013,1.0,28.44878466283126
8.783485941748822,3840.0,0.9120750386766039,1.0,24.54966259893894
8.547213299802195,3840.0,0.7433314411528112,1.0,23.300862795599667
9.503271178054854,3840.0,0.38489927337441115,1.0,24.569427675822613
9.900672860037927,3840.0,0.009028874694752831,1.0,27.0700887375695
11.813709735217563,3840.0,4.1185542173509,2.0,35.66939477510178
8.621689866470227,3840.0,1.6416018203117546,2.0,24.200512749388473
10.90888015956255,3840.0,1.6816383431749657,1.0,28.676509031810014
10.950195588514276,3840.0,1.0611369413766063,1.0,31.68714252792336
8.368869601351186,3840.0,0.03360173687333812,1.0,23.904056609922826
9.365264567169305,3840.0,1.9960921178278999,2.0,28.018987875906877
10.304853911710083,3840.0,2.176830882422823,1.0,29.463891628262605
7.7322131787020725,3840.0,0.8168464322407167,1.0,23.638588853106672
6.852124725283654,3840.0,1.422732085283476,1.0,21.563703021979787
7.719731732574907,3840.0,0.9929497586316998,1.0,22.778103284985615
11.206346807940385,3840.0,2.7994721438474577,2.0,33.043270538491086
9.71334404964635,3840.0,0.6526171710153774,1.0,28.260464374483572
6.035418791709849,1280.0,1.9299424851953273,2.0,6.257898055018626
6.508822475881589,3840.0,0.28239041448589974,1.0,19.798081438690232
9.168635959804075,3840.0,0.5854171173397471,1.0,25.174723774451227
6.363533178695389,3840.0,1.1735022087674503,1.0,20.372144349150716
12.81074937376393,3840.0,3.2979778032608515,2.0,37.15935353865108
7.880490854788215,3840.0,0.3106399585291295,1.0,20.728220315313028
6.756491214133419,3840.0,0.0,0.0,18.577367451909144
9.216194730980073,3840.0,0.38864845440007456,1.0,26.13334502857166
8.69899413718902,3840.0,1.0811426695718893,1.0,24.315617775919897
7.762291862648806,3840.0,0.9278848253363954,1.0,22.292777967758546
7.321634545243566,3840.0,0.7961369896819479,1.0,21.99410079352524
8.262719216317567,3840.0,0.0,0.0,21.950613015579897
10.355498017542716,3840.0,1.9082335755319604,1.0,29.607901521916105
8.004535718573138,3840.0,0.48008983533620214,1.0,22.839666158567123
10.987653730426683,3840.0,1.7120556302931778,1.0,32.27380866120351
10.329358312587143,3840.0,1.3601587930973578,1.0,27.693600030270595
9.58703818617348,3840.0,2.3567415248001953,2.0,27.98049988962162
10.018730870898208,3840.0,0.862693312643152,1.0,28.81776933713063
11.73658144788023,3840.0,0.9159707974539409,1.0,32.2630412658493
11.151470386958064,3840.0,2.6340879865481357,2.0,32.04933108891198
10.873457873178154,3840.0,2.073541015770778,2.0,30.87319031953291
9.34848468835605,3840.0,2.5626841433192045,2.0,28.498299275565557
8.776587347940906,3840.0,0.6640210638965469,1.0,23.149177759700752
6.537398926737799,3840.0,0.5549397939715481,1.0,17.49987339507268
8.385601673791763,3840.0,1.9081081402949296,1.0,27.508964763338533
10.906669205770323,3840.0,2.4762795474934314,2.0,32.00838468704099
9.329937818293862,3840.0,0.0,0.0,24.191791782648142
7.432540850416197,3840.0,0.4307238732274985,1.0,18.222202782136392
9.375256978910752,3840.0,2.012021997835227,2.0,28.603080205115056
9.842731616776017,3840.0,3.713873200529948,2.0,31.216304713499227
8.612589112880496,3840.0,0.1496741675781722,1.0,25.053351837456546
6.120692894888709,1280.0,2.973722674565499,2.0,6.583319841742671
8.825447543036523,3840.0,0.9647455748118228,1.0,24.4784175180761
10.176225052607489,3840.0,0.36785222469415624,1.0,27.949543342535474
5.5318717819220335,3840.0,0.5072148593681504,1.0,14.428786034470985
3.737751110198718,1280.0,0.7306263896105564,1.0,4.308587826086422
8.334831289279748,3840.0,0.0,0.0,22.22139299215707
11.904485528876155,3840.0,3.4270693957448017,2.0,35.409883887503035
6.413283946595276,3840.0,0.483243845342862,1.0,17.80296684989566
12.639271029229441,3840.0,3.096816674291301,2.0,37.93782777197973
10.016379919622239,3840.0,1.123639030399326,1.0,27.429609763044752
6.690187649330768,3840.0,2.945572654321836,1.0,16.77482413552549
11.134803753319844,3840.0,2.2582675252612896,2.0,29.087239544464076
9.393577932670533,3840.0,0.8528515291719634,1.0,26.548205041802824
8.668181279589593,3840.0,2.1847672286515643,2.0,26.530094074721323
10.875356570024069,3840.0,1.3416418129564862,1.0,31.245937019992517
11.343917409324213,3840.0,1.8781841006968825,1.0,35.19640839426743
10.95878042025364,3840.0,2.5162781575745017,2.0,32.82072283472803
9.532830559360107,3840.0,0.075930892666,1.0,26.20985436507367
8.256739740215549,3840.0,0.8434190383473941,1.0,25.036683967194033
7.071250812816894,3840.0,0.7969239134142287,1.0,22.099316405625366
12.271266795491211,3840.0,3.723295939155889,2.0,35.43726330570646
7.811859204088551,3840.0,0.9524723126047545,1.0,23.449440915160004
9.285715796109404,3840.0,1.2494517136370469,1.0,26.835444357896368
9.209178816732674,3840.0,0.6416809977841977,1.0,25.253524236955055
10.792017740797819,3840.0,0.9477726742202456,1.0,32.81792719713543
9.479580047416158,3840.0,0.8415615954781878,1.0,26.963346044394473
9.957413066513539,3840.0,1.9578190833735376,2.0,28.521447022590934
4.346030797214757,1280.0,0.6118288354960728,1.0,4.7249696544796915
8.05668941948052,3840.0,1.2663253525331915,1.0,25.61891179144005
8.144773175841804,3840.0,0.36955483898803404,1.0,22.808736156261
8.663018629114827,3840.0,0.686073564778144,1.0,25.09932823357548
9.196632096300247,3840.0,0.7584152843507876,1.0,23.34701417040526
11.299371998315785,3840.0,1.8680686980794872,2.0,31.85893770148511
11.126875268033418,3840.0,2.1033119626508223,2.0,32.26388169340624
7.710226238268335,3840.0,1.3143826227958315,2.0,21.059948885028156
10.110374539897323,3840.0,0.29883034151943627,1.0,26.34905182667454
8.959422332745133,3840.0,0.3050034403710813,1.0,25.590610913634592
8.668596375000199,3840.0,0.0,0.0,23.22384810021451
8.239780583211687,3840.0,0.35255856978247413,1.0,23.476472061510485
8.50935044525099,3840.0,0.7178956034310551,1.0,23.77222330794707
11.201011210196237,3840.0,2.583019135460142,2.0,33.267524034921465
7.973051621924063,3840.0,0.06265325650878018,1.0,19.91757334413906
9.102679646954353,3840.0,0.7445892709690144,1.0,27.30213713710095
10.186272899852161,3840.0,2.212575018061842,2.0,30.82477707804163
9.535882816252919,3840.0,0.21366432499095622,1.0,25.290322190854713
5.332797543950257,1280.0,0.7761079919635562,1.0,5.803731073132088
6.947621079651984,3840.0,0.12432913494357467,1.0,18.167573144116556
8.61361722531917,3840.0,0.5479932164970942,1.0,23.927662636884563
8.30464260851783,3840.0,1.3255338714616094,1.0,23.16179985019615
4.765585022235666,1280.0,2.0238928963047265,2.0,4.984272766879436
8.923679892920985,3840.0,0.0,0.0,24.84456636000045
7.740956125822194,3840.0,1.1348889839950547,1.0,22.331102149401133
9.820439502220141,3840.0,1.0407837151872241,1.0,28.824053143983253
10.45845301286852,3840.0,2.9941430069769384,2.0,33.1247294849089
11.697458203991847,3840.0,2.7142639165846463,2.0,34.17564642473004
10.805683121511347,3840.0,1.9829145420515284,1.0,29.625715501531396
8.435651132784336,3840.0,0.46775025756668853,1.0,23.514090043249297
9.174241688596133,3840.0,0.7176944560771696,1.0,25.123747391234808
6.56201621843559,3840.0,0.7571783448399501,1.0,20.080621524391884
8.114233778299779,3840.0,0.0,0.0,23.596509995921007
9.477050934779918,3840.0,1.0495156063368714,1.0,27.820723259141637
10.877559917198418,3840.0,0.46996814114442276,1.0,30.51003516583002
10.168403234860305,3840.0,0.591735844536448,1.0,29.134012511510175
7.171256961872167,3840.0,0.129028831002022,1.0,20.091651267652704
6.390891358833382,3840.0,0.0,0.0,19.02632489142028
6.914071501087867,1280.0,4.201879808123866,2.0,7.933732497771653
7.586660180023388,3840.0,0.38656041352761805,1.0,20.869661329783046
11.663386734787268,3840.0,3.506584564107114,2.0,33.935928086418144
7.03529609397042,3840.0,0.2920494051237045,1.0,19.25719851172906
7.591925457957312,3840.0,0.0,0.0,22.33403306550865
7.200374428866731,3840.0,1.722748490778725,2.0,21.372088787989217
7.400084689280823,3840.0,0.4646104638449274,1.0,23.404224585165146
10.128476134447636,3840.0,3.173445306017667,2.0,33.15540882836228
12.083671900121297,3840.0,3.0217482880076147,2.0,37.229984244298834
9.09700154173043,3840.0,0.28653072234839405,1.0,27.553235668766217
8.190457257515657,3840.0,0.45709040837801773,1.0,25.036897971127352
12.457073343903078,3840.0,2.700843794848614,2.0,37.080138491632795
6.421258710789674,1280.0,3.250443786651494,2.0,7.018937893694677
9.123810228911648,3840.0,0.7931561892768237,1.0,26.385282370570174
9.141611345601998,3840.0,0.6444919393274411,1.0,25.434232573358404
8.786800322762629,3840.0,1.3204485074983108,1.0,25.441211030927334
7.690126460220715,3840.0,0.12322181727258785,1.0,21.42777107368929
7.110423709509819,3840.0,0.26586027474988605,1.0,19.196223467979014
6.33923242765416,1280.0,3.229603441625753,2.0,7.110280282717623
7.983537921012984,3840.0,0.6569363099808554,1.0,24.458046334707195
9.679185353907867,3840.0,0.93336258080436,1.0,27.296800849586283
10.595958982297121,3840.0,1.646333448550797,1.0,29.64285033896464
10.022683462653927,3840.0,0.12450041192488953,1.0,27.4439792250246
9.220306160136387,3840.0,1.2250812929282757,1.0,27.963969990670392
9.196406043680149,3840.0,1.0099812065297504,1.0,26.28279026824279
9.125046730363756,3840.0,0.21209010835331915,1.0,24.91080615353892
9.310326185991077,3840.0,2.386199353145054,2.0,27.26343032207805
8.837130378894852,3840.0,0.853237120316624,1.0,23.78362177467674
10.59983405363116,3840.0,2.2395452662743125,2.0,30.46788077726883
7.20161255581438,3840.0,0.0,0.0,20.22953927323391
7.717801821457054,3840.0,0.7690294719263935,1.0,20.807173029032498
10.768815837256628,3840.0,1.2730316400407404,1.0,29.380408878390067
8.90326856245087,3840.0,0.419687400658872,1.0,25.966010083956153
2.603389561366795,1280.0,0.4652567608761062,1.0,3.510589963341976
13.276437413252975,3840.0,4.407958720036582,2.0,39.81806317538862
9.266046838816985,3840.0,0.6923777174368313,1.0,26.073284375695955
11.161953543005897,3840.0,0.2850035094398119,1.0,29.452698952929392
4.447316126830834,1280.0,1.5324628786465573,1.0,5.93149675408605
6.843032664335558,3840.0,0.9704676177064175,2.0,18.280170210885505
10.351092868704246,3840.0,0.8051658873766788,1.0,29.090718495219605
7.76992632797701,3840.0,1.146884884488106,2.0,21.535967137644093
9.630813872134464,3840.0,0.13937260463808526,1.0,28.369113911899525
9.863410716866584,3840.0,1.1001733036083365,1.0,29.14036289067982
7.6620582971117805,3840.0,0.13151053528316503,1.0,22.61030844094498
9.665177417201177,3840.0,3.706054687492127,2.0,31.296564912884822
9.494829740009404,3840.0,0.0,0.0,26.0162741454958
8.802934483491246,3840.0,0.5290490796696617,1.0,23.903377222462467
8.16559911422746,3840.0,0.6372441050533383,1.0,24.58066176258761
11.249529682867605,3840.0,1.6952614793912815,1.0,31.295278971728422
8.777598956813325,3840.0,1.8941064498252977,2.0,25.54741136999348
8.893847062213213,3840.0,2.064116980340433,2.0,26.447697935305904
7.289783145068982,3840.0,0.6326868248860651,1.0,20.0874939308758
7.573983070319101,3840.0,0.2558720911348296,1.0,22.28204871902551
7.610430068114766,3840.0,1.1500886396763454,1.0,22.967047431890936
6.864778274971226,3840.0,1.1247236441342228,1.0,21.20734287722354
9.07785024385751,3840.0,1.2321089474639622,1.0,25.774885345669805
7.6730434107021015,3840.0,0.3907556846001517,1.0,21.95676012314462
9.25489897928937,3840.0,0.5717988270632977,1.0,26.57665634939965
9.92715063576049,3840.0,2.11006029238054,1.0,30.263696636607104
9.369882752324965,3840.0,2.478898588066477,2.0,28.24696127201773
6.3873666204691,3840.0,0.5226771188513332,2.0,17.935920092302055
7.769828952228412,3840.0,1.7295833357769648,2.0,21.72416465454628
5.294471405950373,1280.0,2.524321694754689,2.0,5.542941717773795
9.3821591642539,3840.0,0.3981421381558358,1.0,25.727769452954348
11.646926328925012,3840.0,1.4412825560269478,1.0,33.328447607169025
4.556057488201642,1280.0,1.2430440582945188,1.0,4.806138256351345
4.393763844145964,1280.0,1.5534641897273576,1.0,4.366647503212025
7.291059863125577,3840.0,0.0,0.0,20.57236349860922
11.037789547829394,3840.0,0.0,0.0,29.516893595217446
9.642230530160834,3840.0,1.63210713964241,1.0,27.503806080161212
9.69152580966599,3840.0,1.5389634120733255,1.0,28.284522238415665
9.575971956347539,3840.0,0.8466082339970182,1.0,26.36270481864792
10.421635853985363,3840.0,1.7934400938725743,1.0,29.59532167123141
11.71908605564479,3840.0,1.1615948373548057,1.0,33.676110908836314
7.900580476982402,3840.0,0.7619201602966883,1.0,23.821588389544363
11.87358006647622,3840.0,1.2654305595692432,1.0,33.95155772903792
9.454604263057897,3840.0,0.7371407178257385,1.0,26.696147862449298
13.17555400316695,3840.0,3.6430714914489775,2.0,38.860306062617035
3.4303066262144872,1280.0,1.2425417616119978,1.0,3.9287459475835345
8.317144647774942,3840.0,2.0942902348349337,2.0,26.041596116053814
9.913791193560115,3840.0,1.1397009081133798,1.0,28.66117573117943
6.953196659238664,3840.0,0.8235714258610385,1.0,20.136253417433103
7.998837842784769,3840.0,2.0556881807843763,2.0,23.554560794372453
4.1430210297705585,1280.0,1.037822191975567,2.0,3.721247498247525
7.639675767991567,3840.0,0.2286802136233645,1.0,21.758793793280823
8.84754663698849,3840.0,0.08850728192991725,1.0,24.56292057573939
6.392624389078607,3840.0,0.6269899490976206,1.0,18.45433508277019
9.850565603168603,3840.0,2.0783597482205876,2.0,29.47823188362892
9.571054772678966,3840.0,0.0,0.0,23.66553247279518
8.17597442843317,3840.0,1.4179461088132794,2.0,23.440015401230102
8.331490680449527,3840.0,1.08750875803917,1.0,23.456997225113753
10.262677504140242,3840.0,0.32468195268959693,1.0,26.358649538529967
4.110203144048089,1280.0,1.6008187658982178,1.0,4.3775272955399664
10.247045138602473,3840.0,2.6777766312828675,2.0,28.890074586727486
7.64166311648079,3840.0,0.3717082941609428,1.0,24.163940604621942
9.433051360545285,3840.0,0.4736630887455809,1.0,24.862095966300274
11.314018926596697,3840.0,2.893228028342236,2.0,32.60601320990247
5.95766066237524,3840.0,0.8717393216445304,1.0,18.676647904710766
7.154311834974772,3840.0,0.6331178324495411,1.0,19.890520494821406
9.848686925010577,3840.0,0.9301629613304168,1.0,28.145541979854247
10.5907775902452,3840.0,1.4212496254369387,1.0,29.76939715358327
10.342239461837398,3840.0,0.5741931092171988,1.0,29.70522367658908
9.818747823790117,3840.0,3.3865844201954163,2.0,30.041352235071972
10.55891195420887,3840.0,0.10135816594732344,1.0,28.128549963164303
8.299621489042593,3840.0,0.0,0.0,22.180596548473886
10.94963917800695,3840.0,3.1665610816945433,2.0,32.62559032594688
9.896563170863592,3840.0,3.0622155599966265,2.0,29.755459366151648
9.630104763007365,3840.0,0.8831109620217105,1.0,27.116593612500825
10.33134789564824,3840.0,2.65136520497002,2.0,30.295813792477233
13.97439988763222,3840.0,1.109651031369264,1.0,36.39462447546464
10.25680480535016,3840.0,0.9409731321980389,1.0,29.67719560702062
11.150509103580006,3840.0,0.9883707386030964,1.0,30.787394359815654
3.622303915079357,1280.0,1.1099210331988854,2.0,3.374811646667486
7.164834385188364,3840.0,0.2507153545424457,1.0,19.73914299239373
11.490035277029651,3840.0,0.8903651035063672,1.0,29.16227056848777
5.912164555815225,3840.0,0.7065136685196418,1.0,17.218025679744393
10.681437385054085,3840.0,0.858325469471112,1.0,30.04930258224173
11.57743699574743,3840.0,1.4408233534537827,1.0,31.776016611359847
5.548270451734847,1280.0,2.0077168544744945,2.0,5.904209477633723
7.565505569316104,3840.0,0.13104885790294474,1.0,21.92860306930896
5.744217467596094,3840.0,1.2146214440136327,1.0,15.460167445972047
12.023573421978181,3840.0,1.1327751356961469,1.0,31.899254422075547
4.252071745936996,1280.0,0.2846466482830946,1.0,4.766501250322224
10.539709709948433,3840.0,1.5307482328626887,2.0,28.53984564088785
9.59722200613741,3840.0,2.2157580513526933,1.0,30.867932042973965
9.12926887513476,3840.0,0.4070788993622093,1.0,27.338422913969193
4.683783550239501,1280.0,1.5995170688929008,1.0,4.972990895814098
9.956342934266937,3840.0,0.25093956417129637,1.0,26.3403592100854
9.099304694903537,3840.0,0.9065755032534237,1.0,26.648864450941375
7.50648285370162,3840.0,0.3455797273656324,1.0,21.867813248817285
10.105579153856597,3840.0,4.2016452160652324,2.0,30.373406588715675
8.764321094996408,3840.0,0.3436663940411441,1.0,23.693149753460425
10.920777432615832,3840.0,0.7658866568000373,1.0,29.672771850250136
11.195565860896004,3840.0,3.434970395833756,2.0,33.58396446406744
9.732373440393678,3840.0,0.0,0.0,27.70854018153934
6.539026844770278,3840.0,0.9024146239460188,1.0,19.219422147523748
3.7977367876631862,1280.0,0.0815074387179604,1.0,4.549242009447852
4.72312640555339,1280.0,0.8164325002216224,1.0,5.403825251753703
9.390183791499508,3840.0,1.8083274532869784,2.0,27.55340387333913
8.297690927243623,3840.0,0.9138974795306949,1.0,24.64282073337212
11.300973927356322,3840.0,0.7740607075210528,1.0,30.08075588948254
8.830344299461437,3840.0,0.49116676684518895,1.0,26.399703886370553
12.575330793008312,3840.0,0.7510533374077198,1.0,33.46286997673443
8.018937975652733,3840.0,0.8661368536937695,1.0,23.299603905262362
4.55252555416909,1280.0,1.3977941962319234,1.0,4.565965253547348
7.943392142644342,3840.0,0.6616888493456516,1.0,23.299029972006068
10.17509134470061,3840.0,1.0104598036831929,1.0,28.83397793681482
11.02732871796707,3840.0,2.7370131828069892,2.0,31.18049647144891
8.305417335829478,3840.0,0.632824770466448,1.0,24.867686220353185
11.463510042486083,3840.0,2.9141916672696793,2.0,35.67057070792864
8.953470928432951,3840.0,0.9488788040766389,1.0,25.737441788075365
9.198154591032226,3840.0,1.0840993726182568,1.0,27.005585005168207
11.610060227326406,3840.0,2.6847746915075867,2.0,32.590576574311314
12.229313712983533,3840.0,3.4719774536424093,2.0,35.56465191543641
11.63320575679476,3840.0,0.45974420129585775,1.0,31.99433378712438
7.475343531798551,3840.0,1.1105583849448624,1.0,21.090888754963423
9.999910728527714,3840.0,0.5504472165111364,1.0,24.88244864805448
8.59672771726828,3840.0,0.08281964137174541,1.0,23.67296525975525
9.11432173163602,3840.0,0.9948777032634354,1.0,24.803578427103663
8.907780488392003,3840.0,0.3098289870203831,1.0,22.40506342311311
10.541028655777842,3840.0,1.0328972281562736,1.0,29.858562435143398
9.820388458308464,3840.0,0.3517901940988647,1.0,27.159040305990725
8.077170870099422,3840.0,0.5900853133246182,1.0,22.40903606862235
3.0584675260757423,1280.0,0.4280635788705637,1.0,3.5620134496972473
5.456494735074357,1280.0,1.2741762713330822,1.0,6.016358417920198
10.08574685181418,3840.0,1.007450540394894,1.0,27.0992081806941
8.579904782496195,3840.0,0.5572138547670223,1.0,24.309595251798182
6.999439247249897,1280.0,3.3564871501977396,2.0,7.692361985527934
9.526017333931296,3840.0,1.3349934928173297,1.0,28.592795529685457
14.183827120411712,3840.0,3.3215818691417467,2.0,41.195638336120965
8.7596079115419,3840.0,0.0,0.0,22.489056482799853
8.214424898256999,3840.0,0.7668140014452389,1.0,23.57787842627084
10.94194558644977,3840.0,3.2195910717361653,2.0,33.96895176614099
10.270430083612506,3840.0,2.4601278675819653,2.0,31.302600562649353
7.83044887666997,3840.0,0.0,0.0,20.515996457655092
7.893851036551687,3840.0,0.0,0.0,20.33184736463299
9.72752480634871,3840.0,1.2000812383131723,1.0,29.41963745480032
9.017087059918403,3840.0,0.4594474188311727,1.0,26.863289412137085
3.806335578232638,1280.0,0.18000480892978116,1.0,4.543085137106036
11.096281993481178,3840.0,2.635681760582068,2.0,33.04778640879433
9.518561193038686,3840.0,1.166957479573329,1.0,30.109604087191872
4.718908986207158,1280.0,1.4501115735172512,1.0,4.750707778260844
7.222352743999384,3840.0,0.5539122219641714,1.0,18.466676274192796
7.86383083092486,3840.0,0.7675627324921579,1.0,22.995940928939827
10.871045986685111,3840.0,1.2745282345138715,1.0,30.768535812966668
8.861997663052106,3840.0,1.288703891287959,1.0,25.979888101064553
8.769689508249094,3840.0,0.28765306876737595,1.0,20.95952630430171
4.867415918146192,1280.0,1.1780507652426897,1.0,5.814631012969143
7.575296515984643,3840.0,0.0515097964027208,1.0,19.94651273172144
9.352504059707435,3840.0,0.6694867955000798,1.0,24.004310154368856
9.039237026578215,3840.0,0.7098566362753846,1.0,24.170247554139866
5.72248913261269,1280.0,2.2738659974103212,2.0,6.31023534594039
6.631468651202106,1280.0,2.668603202034828,2.0,7.019841603317197
5.4092050470291335,1280.0,2.9232172192211103,2.0,5.654000327443604
9.769868986464871,3840.0,2.8680755507388183,2.0,29.55763771245723
9.088045365289256,3840.0,1.359721418859686,1.0,24.551171260803006
9.83426590658744,3840.0,1.3357348299852427,1.0,25.992266627645407
8.79052287610052,3840.0,0.4206658241397314,1.0,22.780205332216344
8.59362157678433,3840.0,0.3839025781699096,1.0,21.825634074168335
10.677852427411205,3840.0,1.7253791826501406,1.0,29.95191749384782
7.591311562384886,3840.0,0.3202285956684146,1.0,21.363738018289794
8.405329367581475,3840.0,0.8605270738503026,1.0,24.935607434528414
9.300804800750923,3840.0,1.6912231513987548,1.0,27.25607599577014
6.919002844043248,3840.0,0.5291982825552441,1.0,19.708758971537904
10.330796340841369,3840.0,0.8698014095321835,1.0,28.787299943226326
7.614748555204765,3840.0,0.3898864810915458,1.0,22.144538781633347
11.443915011453972,3840.0,0.5722854745931998,1.0,31.004823547535533
8.741319589783307,3840.0,0.48994980604102867,1.0,26.685175937154707
8.801210701462606,3840.0,0.5849181547885092,1.0,24.0627559271801
7.184612021781644,3840.0,0.6478523112686494,1.0,20.731545613892187
10.728317129584912,3840.0,1.819453632362435,1.0,31.80653909882304
9.466202124598578,3840.0,1.0103245771097793,1.0,25.02020151415771
9.02048723818941,3840.0,0.9782395793886454,1.0,25.271906195369134
5.140128373764759,1280.0,1.7734275651258993,1.0,5.574028163005737
10.975269628449771,3840.0,1.6766092301963016,2.0,30.575658988978102
10.103882925866952,3840.0,1.8630796402452154,1.0,30.320545847852888
8.940660362245028,3840.0,0.0,0.0,24.429983674388083
7.407725380077971,3840.0,0.3176824890562331,1.0,18.167592042169918
9.904620558819722,3840.0,1.0041241934874052,1.0,29.0741222944443
6.515151374293008,3840.0,0.25272425115311653,1.0,19.564728635241615
7.9079404262527415,3840.0,0.17600729493963407,1.0,21.501361795811825
11.229401018289645,3840.0,3.053340509464517,2.0,34.45812490573267
8.036302416152354,3840.0,0.5084223771425884,1.0,20.340953112212205
9.247335366776596,3840.0,0.7763779229894202,1.0,29.358982152348055
10.083076289252487,3840.0,0.7047367239035396,1.0,29.78224521150281
7.474445699727223,3840.0,1.9948488078142486,2.0,19.3699484458336
8.690709612430556,3840.0,0.34219285011795997,1.0,24.794581196893123
9.074833236796515,3840.0,0.571125146334986,1.0,26.440561909809936
9.58885795866216,3840.0,1.0665630749790473,1.0,25.409615017908298
8.830022554996017,3840.0,1.1507625472869236,1.0,25.04660891696409
8.360339807935388,3840.0,0.5799696014435509,1.0,23.308453019762922
3.645401265102281,1280.0,1.0435913511727049,1.0,4.333717515528883
9.145924450178237,3840.0,0.7409652850663773,1.0,27.496006832728785
8.459160203461614,3840.0,0.4044098698286393,1.0,24.09881056297072
6.10540657248062,1280.0,1.9577754395449818,2.0,6.246094409354912
8.088363162396055,3840.0,0.324757687604178,1.0,23.496548601039073
10.522425531742844,3840.0,0.6009898575225023,1.0,31.5530433457424
8.178650121392183,3840.0,0.8542221525671565,1.0,24.198851774981406
8.691817578811497,3840.0,1.3943299574887331,2.0,24.097089065533517
7.434010835412236,3840.0,0.0,0.0,21.104410456211184
7.797343104754759,3840.0,0.3011033231780719,1.0,22.445334993065426
11.084669158598757,3840.0,0.8545452191406735,1.0,31.887771922172774
8.58816786717704,3840.0,0.5393109466062348,1.0,21.351906775443098
6.031071050040695,3840.0,0.40620289628593886,1.0,16.686842273289123
8.907943442231645,3840.0,0.5791298871372399,1.0,25.2592966453172
9.170801284985092,3840.0,0.0,0.0,25.276710623519183
9.501826584007983,3840.0,0.0,0.0,24.145950620531135
9.461659968055038,3840.0,1.0035891542091204,1.0,27.0216481241803
8.084125329514043,3840.0,2.44158951019396,2.0,26.407781700306334
10.006970012648054,3840.0,1.093533626131547,1.0,27.189563980004436
4.612639865188431,1280.0,0.5329604738337103,1.0,4.911101109011829
7.5715594226978,3840.0,0.35060301293957585,1.0,22.290760975696788
10.39302752986985,3840.0,1.953159992776582,2.0,29.95706978221351
10.881655832860156,3840.0,1.3034389541422855,1.0,30.084378818957262
9.35874722986513,3840.0,0.8705406083392591,1.0,26.06557858705223
11.752373140156097,3840.0,3.3439596536403116,2.0,33.986720693606244
7.636807237915129,3840.0,0.010543606241590175,1.0,21.608532100906622
9.678733544392884,3840.0,2.4265446401992183,2.0,28.988599390605728
10.301320158102952,3840.0,1.1954469904138767,1.0,29.99232327560329
9.668421214465681,3840.0,0.9754591819471555,1.0,27.056131985175384
8.493465866348693,3840.0,0.9651414166561201,1.0,24.975290876705635
12.873946651576459,3840.0,3.1191142047789078,2.0,37.884463865173416
11.994638419587085,3840.0,0.06300724430508214,1.0,30.995745356004328
10.665466988154042,3840.0,1.5890200956271943,1.0,27.878702183637266
9.813245822113146,3840.0,0.8397744822642483,1.0,26.521891726216786
6.008936561769073,3840.0,0.0,0.0,17.907764736722118
8.896497400274532,3840.0,1.6245512607397643,1.0,25.95056737009108
7.357794912621993,3840.0,0.2351202474539949,1.0,20.741076180274707
8.561696772519785,3840.0,0.0,0.0,22.688270511579802
9.759463748566704,3840.0,4.092402236287632,2.0,30.86345676796838
8.19313880770774,3840.0,0.7170298329498033,1.0,22.876519049555988
11.65011561290159,3840.0,3.038913633780513,2.0,33.62666110480667
7.038099040913215,3840.0,0.0,0.0,17.318020942336005
10.945420549575452,3840.0,2.5987004888149,2.0,29.722060171987344
10.027945181427341,3840.0,0.026600159285378844,1.0,29.45042379971291
5.679961518922313,1280.0,2.4711890482653205,2.0,6.188203302836968
9.675910374989806,3840.0,0.3530413512546683,1.0,26.875631733815595
8.367082073308922,3840.0,0.6248133147776037,1.0,24.57564845112422
7.746901100598437,3840.0,0.7472726793954787,2.0,21.007181865895006
7.618272589326868,3840.0,0.0,0.0,21.15953557336742
8.839307773374212,3840.0,0.7120033983168796,1.0,25.168133719311108
11.186560725858474,3840.0,0.6682855279857487,1.0,32.3955062295506
11.3500530958569,3840.0,2.8869746592967425,2.0,35.75276909210836
10.623085853313416,3840.0,3.0713702840436032,2.0,30.74686846578732
4.409687465691157,1280.0,2.4067321008313036,2.0,4.7993612175602225
10.437691598516555,3840.0,3.8664186559214757,2.0,34.51545044883828
7.587135706373455,3840.0,0.6024684510666092,1.0,21.616464740246546
10.182606758921313,3840.0,0.9567292233398704,1.0,29.20647228308498
14.445132364123976,3840.0,4.308605652346719,2.0,41.77799668963207
9.160262190691418,3840.0,0.25461389415096314,1.0,24.358187805032085
9.806940976761672,3840.0,0.7052357039896072,1.0,27.722554473195895
9.882758967477615,3840.0,1.037004205017206,1.0,27.17724888164181
8.723552785592533,3840.0,1.698096630440904,1.0,26.496944812511966
7.566284491685333,3840.0,0.42398378506801004,1.0,20.19166867989049
9.464929475150997,3840.0,0.4101725467078872,1.0,27.209148154543726
8.324431937440641,3840.0,0.5344379707135659,1.0,22.122591811964348
9.22641409134016,3840.0,1.0080079226762217,1.0,24.905863977762326
13.245777356321176,3840.0,3.7291751524970396,2.0,40.076122980290215
10.773397693551196,3840.0,1.3285219811134894,1.0,28.2085764758049
9.757573725927857,3840.0,1.1927656841383583,1.0,27.15709347656115
9.643610814180331,3840.0,0.7635358700926063,1.0,26.873820270160596
10.768630012530327,3840.0,2.4905106216056296,2.0,30.919569225435172
10.507718745451331,3840.0,1.5131532325693995,1.0,29.890831030995884
11.194934161294468,3840.0,2.9386903595754887,2.0,33.727732441373995
9.722979404061588,3840.0,1.6649361538171816,1.0,27.738325030913355
10.27022220765673,3840.0,0.6504316691470996,1.0,29.70351130056701
9.27022988800016,3840.0,0.0,0.0,22.899641340074815
8.200848029939682,3840.0,0.9865452873545326,1.0,24.42779232217743
7.133549138380572,3840.0,0.891180297496889,1.0,18.682758280972653
3.844191418230396,1280.0,1.918842298623022,2.0,4.295855388650442
7.704152526080001,3840.0,0.14266874358213177,1.0,21.644971306228953
11.553349688048685,3840.0,2.093624710417191,2.0,33.78681354185116
11.305644267472838,3840.0,2.93303362446573,2.0,36.9888088692939
5.433470417802935,3840.0,0.0,0.0,16.620312453765376
7.069751485828122,3840.0,0.2092413866203403,1.0,20.185754050206167
9.856712537499558,3840.0,0.4881815287359265,1.0,28.504737955822307
10.661293287102401,3840.0,2.5414356527983206,2.0,30.271747611113593
8.223652063582398,3840.0,0.8213027497894656,1.0,22.33205471269437
9.582653525323195,3840.0,0.5806379412046767,1.0,24.685425404899725
8.49937693526484,3840.0,0.8021155141480945,1.0,23.251335394733616
8.056538680582971,3840.0,0.5667784243104126,1.0,20.562941136772576
7.985106737618695,3840.0,0.1329696139385268,1.0,20.980292136953175
7.669186102594003,3840.0,1.0501504027967627,1.0,22.964607674004572
8.81928596093081,3840.0,0.56969045836767,1.0,27.65776312622411
7.390814765516884,3840.0,1.0744713456377792,1.0,22.23241030731238
13.075771594966266,3840.0,2.4811054045934977,2.0,37.835257752646
8.812676759214309,3840.0,1.8060805710552204,1.0,26.80200600486168
11.629994027120041,3840.0,2.4275579644323337,2.0,31.63815622204651
7.394048267472536,3840.0,0.0,0.0,19.900995219164248
6.4869780279157405,3840.0,0.0,0.0,16.265651422419804
9.531173373314372,3840.0,1.54220905247876,1.0,26.003912634828914
8.995890873754405,3840.0,1.0809787735569882,1.0,25.638004935941208
9.957419613464157,3840.0,0.3066762574578562,1.0,28.681993092449385
3.332938176240105,1280.0,0.9243771303471784,2.0,3.314766723885216
8.992702080296802,3840.0,0.0,0.0,24.316368537495475
6.596226955711839,3840.0,0.4706342535523167,1.0,19.854231483008878
8.600452082871247,3840.0,0.658383621387289,1.0,25.516912492722692
7.212724083805181,3840.0,1.592969302959531,1.0,20.983301834731197
7.589553951042889,3840.0,1.3119135950691003,1.0,23.412970072941057
7.89525007186373,3840.0,0.4791240882263843,1.0,20.81651933764008
7.768915352709015,3840.0,0.5156059256526234,1.0,21.481378764004972
8.667513416251952,3840.0,1.0867996748014284,1.0,25.63369590520773
12.337396895136095,3840.0,1.9290802822774795,2.0,35.157344731462636
9.390987737491777,3840.0,0.9016663939549063,1.0,28.49421867113547
9.987107777302594,3840.0,3.40148868921775,2.0,27.73960572487529
13.456680931355816,3840.0,2.1249885713465684,1.0,37.75949628209785
12.867761444878937,3840.0,0.9940631885533049,1.0,33.16182530694711
10.160612555617215,3840.0,0.31940397127100617,1.0,27.410845463991812
9.547555667078605,3840.0,0.3213405082015224,1.0,25.53737262502923
10.116660531003541,3840.0,0.721414916444197,1.0,28.10852019489364
6.926644619988828,3840.0,0.7280824741711711,1.0,19.760430063936266
5.526076800559726,1280.0,0.9429827208623057,1.0,5.989067176167914
9.891178392082242,3840.0,0.7344548239905055,1.0,27.998329020846796
6.557586759780617,3840.0,0.13251744720899883,1.0,17.661449288231502
7.271929502683925,3840.0,0.6047779054107527,1.0,20.654527105710162
9.805255142239808,3840.0,0.6134996364166326,1.0,27.25449217191624
10.84966399437589,3840.0,5.230162737691849,2.0,25.3984345489869
8.850141384667818,3840.0,3.3783173596916254,2.0,21.396251865170157
5.031380915153305,1280.0,1.3919170287210367,1.0,5.809051605475412
11.511782929347575,3840.0,1.6268581000571845,1.0,33.62761049750672
9.023107542445153,3840.0,0.8905542803005889,1.0,26.75638311019255
11.508794579426878,3840.0,1.2142380568699251,1.0,32.8205413210731
9.34503536257878,3840.0,2.999204526379026,2.0,26.577439198203592
4.390392546120053,1280.0,0.6048121334501544,1.0,4.777024764935132
9.043082159295919,3840.0,0.39633682034809586,1.0,24.620513163469116
10.729401123810163,3840.0,1.2197167246317997,1.0,29.194038183371376
8.1772352250258,3840.0,0.1620509758372527,1.0,21.73126730390817
