77.50350772607433,3072.0,33.356525992119,6.0,39.68179595575006
72.24561621196644,3072.0,34.492668005803495,6.0,36.98975550052681
76.68139545068755,3072.0,33.6108942555515,6.0,39.26087447075202
74.41077488449278,3072.0,32.7943671337734,6.0,38.098316740860305
75.55649841687526,3072.0,33.134653611705865,6.0,38.68492718944013
75.87720086205053,3072.0,33.953813114758795,6.0,38.84912684136987
73.39620907426887,3072.0,32.62573646277761,6.0,37.57885904602566
73.13238269029004,3072.0,31.245286689888832,6.0,37.4437799374285
76.26154883249865,3072.0,33.155555630650014,6.0,39.04591300223931
73.03907775557579,3072.0,33.1577629301167,6.0,37.396007810854805
74.00275307582618,3072.0,32.951136198173835,6.0,37.889409574823006
75.74626858671381,3072.0,32.097928172434194,6.0,38.78208951639748
76.24896094237252,3072.0,32.91840200064544,6.0,39.03946800249473
75.11774385946227,3072.0,33.48929021606964,6.0,38.46028485604468
75.04759075277526,3072.0,33.86187887641061,6.0,38.42436646542093
73.67827326303217,3072.0,32.280575519970974,6.0,37.72327591067247
73.80748047326563,3072.0,31.770125766169485,6.0,37.789430002311995
73.70280952737426,3072.0,33.95530462998051,6.0,37.73583847801562
75.08991610444133,3072.0,32.73494566438916,6.0,38.446037045473965
76.00383388911682,3072.0,34.160521419147386,6.0,38.91396295122781
76.27143249865517,3072.0,33.23672187371842,6.0,39.05097343931145
76.5317852942933,3072.0,34.187644944079956,6.0,39.18427407067817
76.14736493333007,3072.0,32.9118768946864,6.0,38.98745084586499
75.90025500818916,3072.0,33.735584565575586,6.0,38.86093056419285
74.71580255548203,3072.0,33.29437556775016,6.0,38.2544909084068
71.49200736219419,3072.0,31.469411739588196,6.0,36.60390776944342
75.15563130567764,3072.0,32.909456119746274,6.0,38.47968322850696
76.321071340097,3072.0,33.04388258000652,6.0,39.07638852612966
75.82508331836661,3072.0,33.89268197560507,6.0,38.822442659003706
73.23939392378657,3072.0,32.51580446583018,6.0,37.498569688978726
76.10723727701328,3072.0,34.085717145222326,6.0,38.96690548583079
74.42104541814793,3072.0,34.11072229203352,6.0,38.10357525409174
74.31802497558137,3072.0,34.061977331899165,6.0,38.050828787497665
75.72508215359757,3072.0,32.866398318469614,6.0,38.77124206264195
74.98309883992718,3072.0,34.42207334281703,6.0,38.39134660604272
72.02657758862503,3072.0,32.19812532199484,6.0,36.877607725376016
74.64886606872568,3072.0,34.08891013194567,6.0,38.220219427187544
73.56483117041228,3072.0,31.245039711383427,6.0,37.66519355925109
74.84283134114236,3072.0,32.691873933247464,6.0,38.31952964666488
74.88309318606461,3072.0,34.333171132050275,6.0,38.340143711265085
74.06575754074781,3072.0,32.902932358134684,6.0,37.921667860862875
74.91188528513679,3072.0,33.439654415115236,6.0,38.354885265990035
74.84609433192753,3072.0,31.9104914413055,6.0,38.321200297946895
73.6136060518721,3072.0,32.53855169509486,6.0,37.69016629855851
78.70130588666221,3072.0,34.187373505116945,6.0,40.29506861397105
74.76046997964981,3072.0,33.561178821208614,6.0,38.277360629580706
72.99326688235602,3072.0,32.82038356721269,6.0,37.37255264376629
73.47775349953146,3072.0,32.87826192617184,6.0,37.62060979176011
72.36240460696622,3072.0,33.75153291244826,6.0,37.04955115876671
74.25394915048733,3072.0,31.885512198274373,6.0,38.01802196504951
76.35177434467325,3072.0,34.30182746190767,6.0,39.092108464472695
74.98490510095453,3072.0,32.977447125727466,6.0,38.392271411688725
73.72283398052737,3072.0,32.93189333771636,6.0,37.74609099803001
74.50527274610165,3072.0,33.379079904664664,6.0,38.146699646004045
76.5561603656059,3072.0,33.90493661768192,6.0,39.19675410719022
75.42929727616303,3072.0,33.03397432233246,6.0,38.619800205395464
73.14656566793613,3072.0,33.212767948930896,6.0,37.4510416219833
72.20849920124714,3072.0,31.917475429052615,6.0,36.970751591038535
72.05894904145771,3072.0,31.498416153978887,6.0,36.89418190922635
74.24756448497251,3072.0,33.91852274860361,6.0,38.014753016305924
75.96376372953709,3072.0,33.93124021231163,6.0,38.89344702952299
72.24606526332607,3072.0,31.355714955603084,6.0,36.98998541482295
73.21491502732647,3072.0,32.958044507892374,6.0,37.48603649399115
75.41572958796483,3072.0,33.69177897163135,6.0,38.612853549038
75.3598110892347,3072.0,33.14694846823362,6.0,38.58422327768817
73.52962566213066,3072.0,33.21468875908326,6.0,37.647168339010896
75.9032743249933,3072.0,33.3975694619438,6.0,38.86247645439657
73.99153714317673,3072.0,32.92685796521129,6.0,37.88366701730648
73.31537473258015,3072.0,33.0016024409459,6.0,37.53747186308104
72.59072775339256,3072.0,32.835155146350196,6.0,37.16645260973699
74.75067630695155,3072.0,33.87294545920781,6.0,38.27234626915919
74.42711522007411,3072.0,33.30088092899751,6.0,38.106682992677946
74.62791406671678,3072.0,34.75072929604288,6.0,38.209492002158996
72.98489759623466,3072.0,30.91262379202858,6.0,37.36826756927214
75.11390263646673,3072.0,33.690028696595384,6.0,38.45831814987097
75.59039990862506,3072.0,33.162674242838655,6.0,38.70228475321603
77.31133622009946,3072.0,34.98964722308022,6.0,39.583404144690924
73.86692304301702,3072.0,32.653574889522595,6.0,37.819864598024715
76.35007633958594,3072.0,34.81630200026776,6.0,39.091239085868
73.85652987643469,3072.0,31.709863992434965,6.0,37.814543296734556
72.06229321184583,3072.0,32.70520977173315,6.0,36.895894124465066
72.78370718462106,3072.0,32.91764947464425,6.0,37.26525807852599
76.12422348216356,3072.0,33.04565239287732,6.0,38.97560242286774
74.93960192791764,3072.0,32.68273123407969,6.0,38.36907618709383
75.50527195087184,3072.0,32.37395173145591,6.0,38.65869923884639
75.22358927324154,3072.0,33.50378994017281,6.0,38.51447770789967
71.90916117400084,3072.0,33.05488475018863,6.0,36.81749052108842
73.32433579974322,3072.0,33.8333446739302,6.0,37.542059929468536
76.51336181237727,3072.0,32.5636583902174,6.0,39.17484124793716
75.99561675554222,3072.0,35.00973412765533,6.0,38.909755778837614
74.97307359788707,3072.0,33.40744782812606,6.0,38.38621368211818
74.6953457466259,3072.0,34.065776446304994,6.0,38.244017022272466
77.48183147972665,3072.0,34.40464026111716,6.0,39.670697717620044
73.71303180129581,3072.0,33.66493880975917,6.0,37.74107228226345
77.08769109176237,3072.0,34.62720971104408,6.0,39.46889783898233
74.0790273889119,3072.0,32.943581253324055,6.0,37.92846202312289
75.67051942000565,3072.0,33.695870649076056,6.0,38.74330594304289
74.90740901214917,3072.0,33.11980680579728,6.0,38.35259341422038
74.47266494665453,3072.0,33.27063643980026,6.0,38.130004452687125
74.16894641636566,3072.0,32.2300795649756,6.0,37.97450056517921
75.86400579817354,3072.0,33.463136066220365,6.0,38.84237096866485
75.89849985959995,3072.0,34.39990241219288,6.0,38.86003192811518
73.6838193417658,3072.0,33.34983244179693,6.0,37.726115502984086
75.91202348640763,3072.0,33.330341403166564,6.0,38.86695602504071
75.25408512146983,3072.0,33.8633312883925,6.0,38.530091582192554
73.93511871200232,3072.0,32.15118083683044,6.0,37.85478078054519
75.05829978046283,3072.0,32.5486013857347,6.0,38.42984948759697
74.11565655423422,3072.0,33.46874077976497,6.0,37.94721615576792
74.49673590628976,3072.0,33.625818782580986,6.0,38.14232878402036
72.07092997260293,3072.0,33.25233804737147,6.0,36.900316145972695
74.07336995236007,3072.0,33.24509467942249,6.0,37.92556541560836
74.07065606671095,3072.0,32.27599155987149,6.0,37.92417590615601
75.7674996925269,3072.0,33.825990058825155,6.0,38.79295984257377
73.4056465688969,3072.0,31.903874573563286,6.0,37.58369104327521
73.65880944912415,3072.0,33.148071768151624,6.0,37.71331043795156
74.35531586558368,3072.0,32.69132907006971,6.0,38.069921723178844
74.36819106763035,3072.0,32.978100328903636,6.0,38.07651382662674
73.34344257539419,3072.0,32.45494634679525,6.0,37.55184259860183
74.494426115093,3072.0,33.75335074742633,6.0,38.14114617092762
73.67593468199115,3072.0,32.435605427742665,6.0,37.72207855717947
77.57527706969626,3072.0,35.87830199798932,6.0,39.718541859684485
74.65510963642242,3072.0,33.4009040815265,6.0,38.223416133848275
72.52470347406717,3072.0,32.609410574230395,6.0,37.13264817872239
76.08697801221417,3072.0,32.70295472130137,6.0,38.95653274225366
74.3855094008665,3072.0,32.58893308191268,6.0,38.085380813243646
71.97645655571695,3072.0,33.576507829772034,6.0,36.85194575652708
72.6966187694437,3072.0,31.51162349719152,6.0,37.22066880995517
71.8917079849868,3072.0,32.33193597855426,6.0,36.80855448831324
76.2201420598744,3072.0,34.93815502748835,6.0,39.024712734655694
76.1247405844842,3072.0,32.45390965981831,6.0,38.97586717925591
76.27396082058408,3072.0,32.992310207677214,6.0,39.05226794013905
74.65175967107768,3072.0,33.81033368044498,6.0,38.22170095159177
72.5368479847685,3072.0,32.57613022713932,6.0,37.138866168201474
74.69032222652024,3072.0,33.23627375116388,6.0,38.24144497997836
73.71191899918563,3072.0,32.3263996773404,6.0,37.74050252758304
72.38914623907047,3072.0,31.540227788052462,6.0,37.06324287440408
74.6952857892781,3072.0,34.91937857483153,6.0,38.24398632411039
76.87282255595113,3072.0,32.268148714258416,6.0,39.35888514864698
74.16686848333843,3072.0,32.28296707821087,6.0,37.97343666346928
75.04344878458907,3072.0,33.986080681196455,6.0,38.42224577770961
74.43438731260797,3072.0,34.21037352681511,6.0,38.11040630405528
75.4253859103077,3072.0,33.89956056625248,6.0,38.61779758607754
75.43096367717453,3072.0,34.98603611042283,6.0,38.62065340271336
73.33027253492841,3072.0,32.601904635551875,6.0,37.545099537883345
75.84931279718305,3072.0,34.66055142790458,6.0,38.83484815215772
75.34182653788282,3072.0,33.835083102968625,6.0,38.575015187396005
75.0051813048128,3072.0,33.75237232814702,6.0,38.40265282806415
75.59829657259642,3072.0,33.62275924053424,6.0,38.706327845169376
74.71574557635357,3072.0,33.845400600116,6.0,38.254461735093024
73.84900267546799,3072.0,33.74747983625265,6.0,37.8106893698396
73.81693677326972,3072.0,33.72578221221493,6.0,37.79427162791409
75.48597126183002,3072.0,34.50289349501448,6.0,38.64881728605697
76.71655565229091,3072.0,34.77060983106505,6.0,39.278876493972945
77.08865622935515,3072.0,33.976708513260895,6.0,39.46939198942984
72.25368708106868,3072.0,32.685531809879606,6.0,36.99388778550716
77.7428118563981,3072.0,33.16357535145996,6.0,39.80431967047583
71.95634060812355,3072.0,32.30374244122812,6.0,36.84164639135926
72.80197842586392,3072.0,32.121615654666854,6.0,37.274612954042325
73.84503203942894,3072.0,34.313223423435026,6.0,37.808656404187616
73.29225904374498,3072.0,33.06306822738139,6.0,37.52563663039742
74.16170622395376,3072.0,32.939420868258736,6.0,37.97079358666433
76.379231516264,3072.0,32.937815490168525,6.0,39.106166536327166
74.2224731769915,3072.0,33.74663373536173,6.0,38.00190626661965
74.55900377332325,3072.0,34.31546780137636,6.0,38.174209931941505
75.58252819839511,3072.0,33.821761963009614,6.0,38.6982544375783
73.70656691136801,3072.0,32.840606067339664,6.0,37.73776225862042
74.95811291298413,3072.0,32.71196975028553,6.0,38.37855381144788
74.86677592142286,3072.0,33.58568884816534,6.0,38.3317892717685
74.62346732675022,3072.0,34.530117962656156,6.0,38.20721527129611
74.6373161373926,3072.0,33.50564679521038,6.0,38.214305862345014
75.65559330286577,3072.0,33.72124703695458,6.0,38.73566377106727
75.89565707820861,3072.0,32.88420017927654,6.0,38.85857642404281
73.75909012974377,3072.0,31.9752585832243,6.0,37.76465414642881
73.99869864560335,3072.0,34.11663279767695,6.0,37.887333706548915
74.92781263459979,3072.0,33.47494107818655,6.0,38.36304006891509
73.68096248450179,3072.0,32.74819732868665,6.0,37.724652792064916
72.82492356027244,3072.0,33.86314508875193,6.0,37.28636086285949
76.26774432469408,3072.0,34.465216247749254,6.0,39.049085094243374
73.15525498296773,3072.0,31.88467756191666,6.0,37.45549055127948
74.0896505572683,3072.0,33.59367761333702,6.0,37.933901085321374
74.53352443809219,3072.0,32.939893378729764,6.0,38.161164512303195
76.16043263607492,3072.0,33.96484395988699,6.0,38.99414150967036
76.70622335343775,3072.0,34.72090890232886,6.0,39.27358635696013
73.08182540889422,3072.0,31.47009713348364,6.0,37.41789460935384
78.62720233750704,3072.0,34.402293519426266,6.0,40.257127596803606
73.22996948137262,3072.0,32.97222476123141,6.0,37.49374437446278
75.57013417779041,3072.0,33.538947670198056,6.0,38.69190869902869
74.95383250219967,3072.0,34.91712930596741,6.0,38.37636224112624
73.61455747098339,3072.0,32.917309608620045,6.0,37.690653425143495
76.93736302530557,3072.0,33.55645105559455,6.0,39.39192986895645
75.30659124898953,3072.0,33.40981367101746,6.0,38.55697471948264
74.77490358320424,3072.0,32.62405615863241,6.0,38.28475063460057
75.12450749864462,3072.0,33.95135413552984,6.0,38.463747839306045
75.7937799660109,3072.0,33.428351662620614,6.0,38.80641534259759
73.76417226885476,3072.0,33.31138253634905,6.0,37.76725620165364
74.69426998248203,3072.0,34.4657833157556,6.0,38.243466231030794
75.96930167377687,3072.0,34.40465307448425,6.0,38.89628245697376
73.40761141338845,3072.0,32.685267022090095,6.0,37.58469704365489
77.14514375329448,3072.0,34.26413482618801,6.0,39.498313601686775
78.13661242427793,3072.0,33.7141481046556,6.0,40.0059455612303
74.45777764203396,3072.0,33.56508267058922,6.0,38.12238215272138
74.55717583678754,3072.0,32.2894726920071,6.0,38.17327402843522
73.419134937774,3072.0,33.04914860738307,6.0,37.59059708814029
75.1789580403339,3072.0,33.433626893501824,6.0,38.49162651665096
76.67452955147013,3072.0,33.56379486520047,6.0,39.257359130352704
71.1045048488047,3072.0,31.701358162252415,6.0,36.405506482588
71.7598131488721,3072.0,32.26318948480208,6.0,36.741024332222516
76.51571230293547,3072.0,33.04741092035752,6.0,39.17604469910296
75.6630797128956,3072.0,34.24838253382922,6.0,38.739496813002546
74.19949755172432,3072.0,32.50533689300201,6.0,37.990142746482846
71.93468619425028,3072.0,31.989739396792583,6.0,36.83055933145614
72.15660108577462,3072.0,32.13129238461154,6.0,36.94417975591661
76.4703412051489,3072.0,33.36614906679064,6.0,39.15281469703624
75.89063359055116,3072.0,34.3925884501341,6.0,38.856004398362195
74.69120543678754,3072.0,33.44129423436408,6.0,38.24189718363522
73.87557401072335,3072.0,31.85025182609849,6.0,37.82429389349036
72.89903738194958,3072.0,31.978927080823137,6.0,37.32430713955819
74.98793089345672,3072.0,32.78954138362256,6.0,38.39382061744984
74.25285164437142,3072.0,33.122229574845115,6.0,38.01746004191816
75.75659820961758,3072.0,33.02664188633751,6.0,38.7873782833242
75.39686284405181,3072.0,32.32791987213831,6.0,38.60319377615452
76.11903775604537,3072.0,33.38353668526187,6.0,38.972947331095234
73.3065410927554,3072.0,33.181480112305074,6.0,37.53294903949077
73.32032168952038,3072.0,32.31279261504404,6.0,37.540004705034434
74.26686010007927,3072.0,34.39789933651832,6.0,38.024632371240585
76.02372742935096,3072.0,34.47185836020911,6.0,38.92414844382769
74.30976147438616,3072.0,32.84004906421161,6.0,38.04659787488572
75.32319535387921,3072.0,33.42286866359293,6.0,38.56547602118616
75.8559298754887,3072.0,32.71398535518165,6.0,38.83823609625021
74.85322926838235,3072.0,33.467304689011215,6.0,38.324853385411764
75.75396820767722,3072.0,33.05952316177921,6.0,38.78603172233073
73.78757777382387,3072.0,31.818437187706195,6.0,37.77923982019782
75.47079927720617,3072.0,33.36195874157431,6.0,38.64104922992956
74.33292306403834,3072.0,34.26611160855437,6.0,38.05845660878763
77.04418458076829,3072.0,33.16396653766926,6.0,39.44662250535337
75.52773828118109,3072.0,33.07125732857283,6.0,38.67020199996472
74.85443310349771,3072.0,33.13578053574912,6.0,38.325469748990834
73.93555400387045,3072.0,34.30886340695122,6.0,37.855003649981676
74.67816714608021,3072.0,33.10814823370549,6.0,38.23522157879307
74.18167288589616,3072.0,32.79870873846926,6.0,37.98101651757884
74.07299075159865,3072.0,32.80780358368369,6.0,37.92537126481851
73.53464560452451,3072.0,31.34476341747152,6.0,37.64973854951655
75.97057263192266,3072.0,32.32750477663675,6.0,38.896933187544406
75.96088445479594,3072.0,34.09723438705236,6.0,38.89197284085552
73.56782215252218,3072.0,33.131704342942776,6.0,37.66672494209136
72.10854191775414,3072.0,30.99818434237746,6.0,36.919573461890124
76.16449000590256,3072.0,33.38448089695236,6.0,38.99621888302212
72.81721077894366,3072.0,33.10516597389443,6.0,37.28241191881915
72.92721606023112,3072.0,33.1979954860827,6.0,37.33873462283834
73.70615595421143,3072.0,33.31568589831132,6.0,37.73755184855625
74.06527444470713,3072.0,33.70201224714002,6.0,37.92142051569005
76.69503029176559,3072.0,33.374600275170636,6.0,39.26785550938398
74.14477155722567,3072.0,33.72727741895021,6.0,37.96212303729954
73.07446539532695,3072.0,32.54835481717,6.0,37.4141262824074
71.34347863081211,3072.0,32.3397148999486,6.0,36.5278610589758
74.36301041286312,3072.0,34.114427449199766,6.0,38.07386133138591
73.69206829431893,3072.0,33.10861889696658,6.0,37.73033896669129
74.83974266999591,3072.0,32.25041669061598,6.0,38.317948247037904
75.14115757674452,3072.0,33.66030716061806,6.0,38.47227267929319
76.31645404213782,3072.0,33.58143394788987,6.0,39.07402446957457
73.36303347009495,3072.0,32.79906680655428,6.0,37.56187313668861
70.68132351348136,3072.0,32.18057195304941,6.0,36.188837638902456
72.78928283403266,3072.0,32.65270299672499,6.0,37.26811281102473
73.69509012234369,3072.0,32.246289757500286,6.0,37.731886142639965
75.05200356706736,3072.0,33.03203808198466,6.0,38.42662582633849
74.66972535279493,3072.0,32.2973005455349,6.0,38.230899380631
75.59150991464902,3072.0,33.32280792562728,6.0,38.7028530763003
74.5350294110268,3072.0,33.54599189002365,6.0,38.16193505844572
71.68739111132511,3072.0,31.34583914040625,6.0,36.703944248998454
72.96918592109279,3072.0,32.67742784505512,6.0,37.3602231915995
75.283137748751,3072.0,33.44656560805717,6.0,38.544966527360515
73.54497054003045,3072.0,32.07500142362536,6.0,37.65502491649559
77.37580880013421,3072.0,33.32539509453955,6.0,39.61641410566872
75.01957630853377,3072.0,34.96761227155204,6.0,38.41002306996929
76.52462201669665,3072.0,34.37012268086607,6.0,39.18060647254869
74.70703664803462,3072.0,33.87544951504836,6.0,38.25000276379372
71.68283495112073,3072.0,33.44384373002497,6.0,36.70161149497381
76.90189999097142,3072.0,34.158225850592956,6.0,39.37377279537737
75.71203552699757,3072.0,33.2986541102866,6.0,38.764562189822755
74.52577770892722,3072.0,33.30373461439219,6.0,38.15719818697074
75.143106949746,3072.0,33.1835595628022,6.0,38.47327075826995
76.19599606227402,3072.0,33.44378019318228,6.0,39.0123499838843
76.431199056208,3072.0,33.40016093557249,6.0,39.132773916778504
74.78728993729304,3072.0,33.81610210330366,6.0,38.29109244789404
73.01535052467528,3072.0,31.985776498958604,6.0,37.383859468633744
75.9656534781237,3072.0,33.864756819792184,6.0,38.894414580799335
76.60830312753374,3072.0,34.04818982455641,6.0,39.22345120129727
72.96538274860407,3072.0,33.5039045072157,6.0,37.35827596728529
74.29671795892547,3072.0,33.373439505634096,6.0,38.03991959496984
75.40749448789948,3072.0,33.716442167661555,6.0,38.60863717780454
75.52768824004828,3072.0,35.18919583119284,6.0,38.67017637890471
71.35258996452751,3072.0,33.47835780383206,6.0,36.532526061838084
74.93284339393534,3072.0,32.67953623234119,6.0,38.365615817694895
75.24889342026547,3072.0,33.72138834841529,6.0,38.52743343117592
73.86882296489885,3072.0,34.03421327560317,6.0,37.820837358028214
73.47125073259423,3072.0,32.779272101649916,6.0,37.61728037508825
75.63041953474148,3072.0,34.83238223197563,6.0,38.72277480178764
75.1024930950795,3072.0,33.05621911480443,6.0,38.4524764646807
74.38044002415442,3072.0,33.546529802513135,6.0,38.08278529236706
74.6552687001858,3072.0,33.173173783105746,6.0,38.223497574495134
76.39931063172996,3072.0,33.20547845846976,6.0,39.11644704344574
76.22779896060415,3072.0,34.18747498285044,6.0,39.028633067829325
73.46347202586671,3072.0,33.7518704987463,6.0,37.61329767724376
73.79518599655569,3072.0,32.401412666779024,6.0,37.7831352302365
74.70905645666824,3072.0,33.317458810971374,6.0,38.25103690581414
75.87404431115749,3072.0,34.323146255781815,6.0,38.847510687312635
76.33962150560906,3072.0,32.5029262356074,6.0,39.08588621087184
75.6110937813116,3072.0,34.08719403935125,6.0,38.71288001603154
75.36646971738331,3072.0,33.147289041081066,6.0,38.587632495300255
73.9074457365905,3072.0,33.09664808248469,6.0,37.840612217134336
72.22567614822023,3072.0,31.996624781899634,6.0,36.97954618788876
75.46240542536816,3072.0,33.12820443923579,6.0,38.636751577788495
73.40334227721469,3072.0,33.79476753328216,6.0,37.58251124593392
74.7996639323488,3072.0,33.56136128893192,6.0,38.297427933362584
74.88732372821119,3072.0,32.86043721837483,6.0,38.34230974884413
73.14826075865533,3072.0,32.28369376269765,6.0,37.45190950843153
72.6489388057422,3072.0,32.63441176925997,6.0,37.19625666854001
74.52116242868456,3072.0,33.318761021757375,6.0,38.154835163486496
76.82133766677794,3072.0,34.764654113016284,6.0,39.332524885390306
74.48441993137114,3072.0,33.235218581928926,6.0,38.136023004862025
75.62933211359501,3072.0,32.97609516181771,6.0,38.72221804216064
74.4107543813893,3072.0,32.940096013186825,6.0,38.09830624327131
77.41672950391198,3072.0,33.51112501948588,6.0,39.63736550600293
74.7388818016577,3072.0,33.297271158707204,6.0,38.26630748244874
75.46012841402849,3072.0,34.348838399462586,6.0,38.63558574798259
75.61864317626515,3072.0,33.907868421637396,6.0,38.71674530624776
72.05274278341675,3072.0,32.3579466601729,6.0,36.89100430510938
74.22684982126997,3072.0,33.62826398350502,6.0,38.004147108490216
75.07213968120278,3072.0,33.08513721025325,6.0,38.436935516775826
76.21490795300072,3072.0,33.03126872695164,6.0,39.02203287193637
77.2355533638709,3072.0,33.15344491840089,6.0,39.544603322301896
76.31548905221301,3072.0,34.42507483723528,6.0,39.07353039473306
77.6492338476911,3072.0,33.98584684515053,6.0,39.75640773001784
75.5063786118633,3072.0,33.67213676449595,6.0,38.65926584927401
73.69129779308494,3072.0,32.314739658931174,6.0,37.72994447005949
74.61390680787059,3072.0,32.896906544554454,6.0,38.20232028562974
73.73075575970084,3072.0,33.81673469319335,6.0,37.75014694896683
75.12812719003647,3072.0,33.79889078332333,6.0,38.465601121298675
75.30634516835899,3072.0,34.08760836621739,6.0,38.5568487261998
76.52382969257157,3072.0,34.16495034076521,6.0,39.180200802596644
75.71775066514839,3072.0,34.19799819470708,6.0,38.76748834055598
74.79015451519598,3072.0,33.929550643852615,6.0,38.292559111780335
73.71118971998516,3072.0,32.81187968532227,6.0,37.740129136632405
72.94788276332577,3072.0,32.12814709045014,6.0,37.34931597482279
74.05906958461873,3072.0,34.66545841218726,6.0,37.91824362732479
74.41724581408323,3072.0,34.03914148456178,6.0,38.10162985681061
71.99727361522238,3072.0,31.99694785117785,6.0,36.862604090993855
74.00244861428335,3072.0,33.051877198202035,6.0,37.88925369051307
73.63021859246626,3072.0,32.24583366285378,6.0,37.69867191934272
74.43951724080098,3072.0,33.38346774541147,6.0,38.113032827290105
77.97517566839907,3072.0,34.45499364646653,6.0,39.92328994222033
72.37793648879205,3072.0,31.73224961111417,6.0,37.05750348226153
76.03782871454412,3072.0,32.884976319287944,6.0,38.93136830184659
71.52865773081437,3072.0,32.4029639395789,6.0,36.62267275817696
75.85208219587841,3072.0,34.75990531614584,6.0,38.83626608428974
74.08194112095903,3072.0,32.33416549997263,6.0,37.929953853931025
74.73686976163842,3072.0,33.31864117166704,6.0,38.26527731795887
72.48350173045473,3072.0,34.30027367500366,6.0,37.11155288599282
74.6599769972269,3072.0,33.91017254719172,6.0,38.22590822258017
75.11081637612772,3072.0,33.13995870903143,6.0,38.45673798457739
75.00343570942567,3072.0,32.62905663355306,6.0,38.40175908322595
75.05769692930923,3072.0,33.171647117943905,6.0,38.42954082780633
76.09923009989939,3072.0,34.14961262495389,6.0,38.96280581114849
73.93508098146137,3072.0,31.584313917481566,6.0,37.85476146250822
74.4453837300838,3072.0,32.779276340535155,6.0,38.116036469802914
72.25558066593514,3072.0,31.82196779299318,6.0,36.99485730095879
74.86831435006613,3072.0,32.93803906190179,6.0,38.33257694723386
72.68458935211756,3072.0,32.49066547276031,6.0,37.214509748284186
74.34427760662018,3072.0,33.011747234960055,6.0,38.064270134589535
73.79988726199122,3072.0,32.82650528639569,6.0,37.7855422781395
72.7505237835425,3072.0,32.768309953449744,6.0,37.24826817717376
74.76610430663084,3072.0,32.55480487439776,6.0,38.28024540499499
77.00490047080382,3072.0,34.66732247594423,6.0,39.42650904105155
76.7304556605748,3072.0,35.63098712761582,6.0,39.28599329821431
73.9530535291695,3072.0,33.31135841156087,6.0,37.86396340693478
73.84908813557121,3072.0,32.91269989436316,6.0,37.81073312541246
74.65694881030049,3072.0,33.20955425030698,6.0,38.224357790873846
74.40974724253776,3072.0,32.70914584838075,6.0,38.097790588179336
75.9967901428399,3072.0,34.20672174731533,6.0,38.91035655313403
76.35808987301797,3072.0,32.99356241385195,6.0,39.0953420149852
75.52120124074067,3072.0,33.28957631132111,6.0,38.666855035259225
72.93473680177678,3072.0,32.541026284962165,6.0,37.34258524250971
74.33671994144365,3072.0,31.752767904717,6.0,38.06040061001915
74.03732333101539,3072.0,33.11853071091309,6.0,37.90710954547988
76.76862828211854,3072.0,33.67218209461818,6.0,39.30553768044469
72.4018201007394,3072.0,33.162417264102,6.0,37.06973189157857
75.92287230620428,3072.0,33.78834487244522,6.0,38.872510620776595
71.17480143327901,3072.0,33.05398737743991,6.0,36.44149833383885
73.63513277466048,3072.0,32.70416412975014,6.0,37.701187980626166
73.49075654557865,3072.0,33.8776471256079,6.0,37.62726735133627
72.69931121930333,3072.0,31.754345997475667,6.0,37.222047344283304
74.48070168459245,3072.0,33.08168492928908,6.0,38.13411926251134
75.08656519138118,3072.0,33.825632350883915,6.0,38.444321377987166
75.86733149885384,3072.0,34.24040226391894,6.0,38.84407372741317
75.9882165338497,3072.0,34.573142340787214,6.0,38.905966865331045
73.36034528130801,3072.0,32.29787308557776,6.0,37.560496784029695
70.44542910810091,3072.0,31.36941604509386,6.0,36.068059703347664
74.54318971843843,3072.0,32.347910968665836,6.0,38.166113135840476
76.60005224451943,3072.0,34.46756398196893,6.0,39.21922674919395
74.21284404328586,3072.0,32.83777574829943,6.0,37.99697615016236
74.24417918947358,3072.0,33.804175442467894,6.0,38.013019745010475
75.0564049316597,3072.0,34.051346342916716,6.0,38.42887932500977
73.72132938951952,3072.0,31.442805889008657,6.0,37.745320647434
72.81511364429616,3072.0,33.11845022007501,6.0,37.28133818587963
72.81984780163054,3072.0,32.89595679630957,6.0,37.28376207443484
75.66729589970214,3072.0,33.461631701705414,6.0,38.7416555006475
74.04055181980846,3072.0,32.72467667908816,6.0,37.90876253174193
74.42416206375525,3072.0,33.296902575551755,6.0,38.10517097664269
75.11072327320333,3072.0,33.61682463746127,6.0,38.45669031588011
74.90423793027594,3072.0,32.175858413336705,6.0,38.35096982030128
75.6445689196389,3072.0,34.194025712935186,6.0,38.730019286855125
74.93039076253523,3072.0,33.83537137201776,6.0,38.36436007041804
76.05503734758737,3072.0,33.503774289002266,6.0,38.94017912196473
75.18544380127837,3072.0,34.36770370434931,6.0,38.494947226254524
73.2171136194538,3072.0,33.04392344645692,6.0,37.48716217316034
76.22587129530513,3072.0,33.933601141674174,6.0,39.027646103196226
72.34172829791194,3072.0,31.12116724237866,6.0,37.03896488853092
74.49626675243806,3072.0,33.47905405689317,6.0,38.14208857724829
76.05025940833153,3072.0,34.36339180022763,6.0,38.937732817065736
73.35086958628621,3072.0,32.94141239385265,6.0,37.555645228178534
75.971115890926,3072.0,32.82546939724904,6.0,38.897211336154115
70.97391503911375,3072.0,32.41139936160334,6.0,36.338644500026234
74.66376824817299,3072.0,31.519240505915466,6.0,38.22784934306458
76.36248475260368,3072.0,35.17488671979977,6.0,39.09759219333308
75.55868773771006,3072.0,33.70115709366347,6.0,38.68604812170755
77.2463798813083,3072.0,33.45826741118144,6.0,39.55014649922985
76.41038785255903,3072.0,33.20572723434787,6.0,39.12211858051022
74.43528426266344,3072.0,32.9983453422952,6.0,38.11086554248369
73.86088235265714,3072.0,33.164295174573645,6.0,37.81677176456046
73.60328074399412,3072.0,33.20856534770898,6.0,37.684879740924984
71.58007643924053,3072.0,33.02593873841606,6.0,36.64899913689115
72.80482895736475,3072.0,31.8932621582422,6.0,37.27607242617076
75.91327144589786,3072.0,33.50041726281706,6.0,38.8675949802997
76.75224028459219,3072.0,33.77101523502519,6.0,39.2971470257112
77.51977747387707,3072.0,34.90417839684854,6.0,39.69012606662506
74.9104021894612,3072.0,34.36766562215099,6.0,38.354125921004126
74.42895420855558,3072.0,33.051666602294716,6.0,38.10762455478046
75.01985946851562,3072.0,34.30758470984316,6.0,38.41016804788
75.62571405191632,3072.0,33.559235358980764,6.0,38.72036559458115
76.62665777397375,3072.0,34.06211251902893,6.0,39.23284878027456
72.49897097848844,3072.0,32.416972570133325,6.0,37.11947314098608
74.28348319638587,3072.0,32.5337005411525,6.0,38.03314339654957
74.33677436384528,3072.0,32.73101871659726,6.0,38.06042847428879
74.04303864675276,3072.0,32.44449605887386,6.0,37.91003578713742
75.30023687422022,3072.0,31.834769840622133,6.0,38.553721279600744
72.2651426371331,3072.0,32.23265053808777,6.0,36.99975303021215
76.99286112659915,3072.0,34.293912347276866,6.0,39.42034489681876
74.49610196021975,3072.0,32.526566947821145,6.0,38.14200420363251
73.52896698649839,3072.0,31.824392678392947,6.0,37.64683109708717
76.4848490303768,3072.0,33.780009016225264,6.0,39.16024270355292
75.07172886419285,3072.0,32.59308577884368,6.0,38.43672517846673
75.46652782727482,3072.0,34.75769873840494,6.0,38.63886224756471
74.32368354044975,3072.0,32.703188326874404,6.0,38.05372597271027
74.15585265086312,3072.0,32.88058527059067,6.0,37.967796557241925
73.9885697242418,3072.0,32.692269698202445,6.0,37.882147698811806
74.40709770048012,3072.0,33.221697629803735,6.0,38.09643402264582
76.70039756502267,3072.0,34.277503003831924,6.0,39.27060355329161
73.05142094073416,3072.0,31.576697186409895,6.0,37.40232752165589
73.80987364814223,3072.0,32.048273480602255,6.0,37.79065530784882
76.61142611855959,3072.0,33.69832246101332,6.0,39.22505017270251
73.21859630852398,3072.0,31.82527251303461,6.0,37.487921309964285
75.57657802758015,3072.0,35.427808241718346,6.0,38.695207950121045
75.47080196311492,3072.0,32.52082675979618,6.0,38.64105060511484
74.44411335009623,3072.0,33.8547293543256,6.0,38.115386035249266
74.78753547864127,3072.0,33.31654696482341,6.0,38.29121816506433
74.91810840582282,3072.0,32.08956038384827,6.0,38.35807150378128
73.50978814759719,3072.0,32.24198168560704,6.0,37.63701153156976
76.92280880939079,3072.0,35.73443208957348,6.0,39.38447811040808
77.22157541478924,3072.0,34.97126343228966,6.0,39.537446612372094
74.71766504630769,3072.0,33.571568710210485,6.0,38.25544450370954
73.93852820787734,3072.0,32.77000734958349,6.0,37.8565264424332
73.78233325440902,3072.0,32.07679505269769,6.0,37.776554626257415
72.55467629395227,3072.0,31.42376664103831,6.0,37.14799426250356
73.68214447362338,3072.0,33.50487317026792,6.0,37.72525797049517
72.97369139228933,3072.0,33.40740679122528,6.0,37.36252999285213
74.97627837318113,3072.0,35.21049056286755,6.0,38.38785452706874
74.06062243703082,3072.0,33.52131723325261,6.0,37.91903868775977
74.17361857918046,3072.0,33.101600303984235,6.0,37.97689271254039
71.11174000609797,3072.0,31.275598479067533,6.0,36.409210883122164
74.03826934349738,3072.0,32.6169800286824,6.0,37.907593903870655
75.11189872130649,3072.0,32.89187419387594,6.0,38.45729214530892
70.22343476782696,3072.0,31.58775928260105,6.0,35.9543986011274
73.6726672369679,3072.0,33.83874382802215,6.0,37.720405625327565
73.3043700057162,3072.0,31.82695910509947,6.0,37.53183744292669
76.73553685707391,3072.0,33.88704187450055,6.0,39.28859487082184
74.07710529417716,3072.0,33.66149393563438,6.0,37.927477910618705
76.47873043938115,3072.0,33.554367761513255,6.0,39.15710998496316
75.71811884615236,3072.0,33.69625690797599,6.0,38.76767684923001
75.89436864963531,3072.0,33.18360259089129,6.0,38.857916748613285
78.0307262106744,3072.0,35.95954824587661,6.0,39.9517318198653
74.55763271308184,3072.0,32.95786181934141,6.0,38.1735079490979
76.72230822975418,3072.0,33.668411760421264,6.0,39.28182181363413
72.27023285253594,3072.0,32.540798728438524,6.0,37.002359220498406
74.8144436951874,3072.0,32.27335992760794,6.0,38.30499517193596
74.51153522825567,3072.0,33.8445083438468,6.0,38.1499060368669
73.21119592734549,3072.0,31.24734731079621,6.0,37.48413231480089
75.81922928626983,3072.0,32.916020584093495,6.0,38.81944539457015
77.41268935961779,3072.0,34.01946545692688,6.0,39.63529695212431
76.45301879449639,3072.0,33.40603538012017,6.0,39.14394562278215
74.17422166012985,3072.0,32.25594974424874,6.0,37.97720148998648
