0.6851377487182617
0.33266329765319824
0.5276432037353516
0.6212973594665527
0.388106107711792
0.5305752754211426
0.2809622287750244
0.5706772804260254
0.5471913814544678
0.48007941246032715
0.6590228080749512
0.6235287189483643
0.7335951328277588
0.6493494510650635
0.5284693241119385
0.5471746921539307
0.7095894813537598
0.33152127265930176
0.413158655166626
0.26862454414367676
0.2692999839782715
0.5034198760986328
0.7218754291534424
0.7049961090087891
0.5658891201019287
0.627997636795044
0.3992013931274414
0.2808961868286133
0.4098188877105713
0.5798912048339844
0.6001362800598145
0.711315393447876
0.3285949230194092
0.3761293888092041
0.40144968032836914
0.6041529178619385
0.7128121852874756
0.6671745777130127
0.448211669921875
0.3430445194244385
0.7079658508300781
0.2599968910217285
0.47455549240112305
0.4063739776611328
0.2705512046813965
0.633803129196167
0.2975444793701172
0.495495080947876
0.705333948135376
0.407958984375
0.4646422863006592
0.45072031021118164
0.5865881443023682
0.2530360221862793
0.5154135227203369
0.412600040435791
0.4767439365386963
0.5432994365692139
0.5787615776062012
0.6742775440216064
0.4090566635131836
0.27651405334472656
0.48513364791870117
0.2645442485809326
0.5570640563964844
0.6104505062103271
0.5739274024963379
0.45072031021118164
0.459928035736084
0.7062973976135254
0.45347070693969727
0.5547990798950195
0.5014832019805908
0.5770242214202881
0.5145533084869385
0.5518946647644043
0.5530424118041992
0.5879831314086914
0.7360785007476807
0.2763686180114746
0.4707949161529541
0.5559115409851074
0.4260737895965576
0.6941590309143066
0.600822925567627
0.42519521713256836
0.5979721546173096
0.3416600227355957
0.7005188465118408
0.5799319744110107
0.310272216796875
0.2994222640991211
0.49351930618286133
0.6996402740478516
0.39751505851745605
0.4770843982696533
0.6485230922698975
0.5788629055023193
0.3285679817199707
0.5566916465759277
0.6828725337982178
0.4278726577758789
0.3276095390319824
0.28855109214782715
0.6662867069244385
0.7068684101104736
0.4947514533996582
0.2922182083129883
0.46820902824401855
0.580747127532959
0.32004666328430176
0.36763715744018555
0.4887974262237549
0.40330028533935547
0.5660700798034668
0.667231559753418
0.6534299850463867
0.6316730976104736
0.6402773857116699
0.3544650077819824
0.5970654487609863
0.6060142517089844
0.5869424343109131
0.7456488609313965
0.4064786434173584
0.5802533626556396
0.4678020477294922
0.5863635540008545
0.6917867660522461
0.3059718608856201
0.574652910232544
0.5131115913391113
0.6761767864227295
0.5741171836853027
0.5125114917755127
0.3839445114135742
0.6805126667022705
0.6596953868865967
0.44430088996887207
0.6594829559326172
0.7481999397277832
0.30438232421875
0.37163662910461426
0.560192346572876
0.30478978157043457
0.6897475719451904
0.5944275856018066
0.6241714954376221
0.3281867504119873
0.44971585273742676
0.34091639518737793
0.3947172164916992
0.2786586284637451
0.5841958522796631
0.6217958927154541
0.660855770111084
0.6984672546386719
0.38497161865234375
0.4755058288574219
0.7427387237548828
0.5625908374786377
0.6329667568206787
0.4862031936645508
0.6735093593597412
0.36036229133605957
0.3571343421936035
0.6546077728271484
0.7388327121734619
0.6436729431152344
0.4890921115875244
0.27915477752685547
0.4436347484588623
0.7104969024658203
0.2938261032104492
0.2802903652191162
0.5904796123504639
0.526329517364502
0.6667180061340332
0.39944005012512207
0.2798173427581787
0.40048646926879883
0.3753340244293213
0.3335857391357422
0.6100916862487793
0.2706775665283203
0.6712806224822998
0.5727953910827637
0.417421817779541
0.5465927124023438
0.599193811416626
0.6206526756286621
0.6846611499786377
0.6341493129730225
0.5527927875518799
0.4305696487426758
0.5820469856262207
0.5048196315765381
0.5966477394104004
0.3419506549835205
0.4311792850494385
0.3337249755859375
0.4834468364715576
0.35376501083374023
0.4701249599456787
0.35545873641967773
0.42287683486938477
0.6137180328369141
0.3585045337677002
0.5384244918823242
0.5305819511413574
0.5329926013946533
0.7052137851715088
0.4122741222381592
0.5870177745819092
0.5583698749542236
0.5024266242980957
0.266193151473999
0.528571605682373
0.27422070503234863
0.2820620536804199
0.2717602252960205
0.6308279037475586
0.43752408027648926
0.5050582885742188
0.7499735355377197
0.33330631256103516
0.3240973949432373
0.6247603893280029
0.4538395404815674
0.7350037097930908
0.37528276443481445
0.35547709465026855
0.5761153697967529
0.7097024917602539
0.7172329425811768
0.4949626922607422
0.3796873092651367
0.5428271293640137
0.741316556930542
0.5287449359893799
0.7454795837402344
0.35666584968566895
0.26610612869262695
0.6953132152557373
0.7469561100006104
0.5086982250213623
0.7257115840911865
0.6693243980407715
0.4959554672241211
0.411693811416626
0.3289351463317871
0.5878376960754395
0.7028703689575195
0.495664119720459
0.7028188705444336
0.26337361335754395
0.6400351524353027
0.29106712341308594
0.315258264541626
0.750800371170044
0.7226517200469971
0.48003339767456055
0.5375151634216309
0.40633440017700195
0.48679256439208984
0.6845879554748535
0.3740410804748535
0.5118958950042725
0.542529821395874
0.718858003616333
0.3877604007720947
0.5325226783752441
0.5839776992797852
0.4709203243255615
0.5185050964355469
0.5412330627441406
0.629539966583252
0.5111114978790283
0.6805820465087891
0.48606300354003906
0.5422911643981934
0.5688343048095703
0.4825475215911865
0.7334825992584229
0.7452661991119385
0.2649257183074951
0.5487282276153564
0.6761159896850586
0.46051740646362305
0.6803476810455322
0.579615592956543
0.7273805141448975
0.6602673530578613
0.331784725189209
0.2967672348022461
0.7384812831878662
0.40717291831970215
0.4905550479888916
0.5330936908721924
0.3995332717895508
0.7114408016204834
0.3921988010406494
0.5065286159515381
0.2668290138244629
0.42000389099121094
0.41684556007385254
0.49571752548217773
0.7272195816040039
0.35479116439819336
0.6885344982147217
0.3257582187652588
0.4756913185119629
0.5055668354034424
0.5707094669342041
0.47098565101623535
0.3812112808227539
0.27197980880737305
0.3822355270385742
0.36211109161376953
0.6916258335113525
0.5967912673950195
0.46130824089050293
0.30818986892700195
0.41242527961730957
0.560016393661499
0.5412321090698242
0.2948586940765381
0.49422264099121094
0.6708312034606934
0.35503482818603516
0.6828594207763672
0.5281624794006348
0.33277201652526855
0.6267201900482178
0.5502548217773438
0.4609811305999756
0.4695925712585449
0.4984579086303711
0.30840110778808594
0.426084041595459
0.4931330680847168
0.7296018600463867
0.44809818267822266
0.7499876022338867
0.6536908149719238
0.31931328773498535
0.6590101718902588
0.3697669506072998
0.40192437171936035
0.515425443649292
0.3150813579559326
0.7004320621490479
0.5929875373840332
0.7248296737670898
0.6894607543945312
0.2868154048919678
0.3039846420288086
0.3777296543121338
0.6806130409240723
0.490375280380249
0.4473295211791992
0.47292566299438477
0.6857969760894775
0.44926929473876953
0.4893302917480469
0.6209423542022705
0.38994407653808594
0.536949872970581
0.5507164001464844
0.3209187984466553
0.3941504955291748
0.35907721519470215
0.7022831439971924
0.5526831150054932
0.5854537487030029
0.5459184646606445
0.6574108600616455
0.5919630527496338
0.7071216106414795
0.481184720993042
0.2521059513092041
0.6474251747131348
0.5372121334075928
0.4561607837677002
0.67376708984375
0.25443530082702637
0.5141730308532715
0.6074028015136719
0.5442700386047363
0.3354926109313965
0.2722456455230713
0.37438130378723145
0.41874027252197266
0.29061341285705566
0.26212453842163086
0.585146427154541
0.6830596923828125
0.2589755058288574
0.4232463836669922
0.5263476371765137
0.6159017086029053
0.4154036045074463
0.3512918949127197
0.7238795757293701
0.6946296691894531
0.447601318359375
0.49091601371765137
0.4429800510406494
0.3547976016998291
0.7368099689483643
0.39010143280029297
0.6548707485198975
0.41973876953125
0.6988062858581543
0.3128337860107422
0.5601499080657959
0.32851099967956543
0.2527503967285156
0.7042152881622314
0.3346402645111084
0.4238450527191162
0.2553877830505371
0.46676111221313477
0.6016569137573242
0.3512101173400879
0.5736267566680908
0.30005502700805664
0.34501194953918457
0.7110328674316406
0.5435924530029297
0.38936400413513184
0.7227821350097656
0.7170126438140869
0.4774012565612793
0.48608899116516113
0.33579230308532715
0.2771613597869873
0.2784445285797119
0.2945854663848877
0.47756052017211914
0.26290082931518555
0.48600220680236816
0.5009458065032959
0.7259259223937988
0.6786167621612549
0.42797160148620605
0.3763463497161865
0.6262226104736328
0.49334239959716797
0.3943328857421875
0.39212989807128906
0.3161275386810303
0.4087865352630615
0.38593506813049316
0.7256929874420166
0.5105040073394775
0.6468968391418457
0.6994102001190186
0.3141002655029297
0.539722204208374
0.6676633358001709
0.2815377712249756
0.6736545562744141
0.5813050270080566
0.5917031764984131
0.4122483730316162
0.524815559387207
0.5427310466766357
0.3872804641723633
0.46841979026794434
0.6683468818664551
0.4477245807647705
0.30109381675720215
0.38946986198425293
0.38646388053894043
0.3632838726043701
0.35923218727111816
0.6282775402069092
0.662470817565918
0.5413479804992676
0.7177937030792236
0.38086581230163574
0.478471040725708
0.5694656372070312
0.4736006259918213
0.27750301361083984
0.32714319229125977
0.44356727600097656
0.4126265048980713
0.39038801193237305
0.5170350074768066
0.5492777824401855
0.687063455581665
0.3123934268951416
0.4386324882507324
0.5152482986450195
0.3824751377105713
0.434847354888916
0.3689436912536621
0.5653905868530273
0.7184734344482422
0.6679484844207764
