2.2164828777313232
1.8128056526184082
2.184584856033325
1.850658893585205
2.1611831188201904
2.1688597202301025
2.234916925430298
2.0840466022491455
1.7939221858978271
1.982583999633789
1.9461009502410889
1.9859867095947266
2.003156900405884
1.9864463806152344
2.131014108657837
2.0642213821411133
1.7877659797668457
2.1454591751098633
1.9814910888671875
1.8482677936553955
2.1414780616760254
1.867741584777832
2.0937764644622803
1.8791353702545166
2.2174625396728516
2.1629045009613037
1.7983131408691406
2.0394866466522217
2.207930564880371
1.8599169254302979
1.7999937534332275
1.8977947235107422
1.9037103652954102
1.9651079177856445
1.9159953594207764
2.0847904682159424
1.8537917137145996
1.8206818103790283
2.1534833908081055
2.223714590072632
1.8315095901489258
1.883012056350708
1.8769991397857666
1.7764599323272705
1.7900090217590332
1.8487203121185303
2.071077823638916
1.8991005420684814
1.8301503658294678
1.989619255065918
1.98231840133667
1.7835752964019775
2.1503403186798096
1.796330451965332
1.9104056358337402
2.2349514961242676
1.863743782043457
2.1294713020324707
2.1136796474456787
1.8212645053863525
1.9314892292022705
2.210242986679077
2.1786961555480957
1.994823694229126
1.845038890838623
2.245858907699585
2.014960527420044
1.873720645904541
1.8219943046569824
2.1575372219085693
2.1475555896759033
1.9242420196533203
1.8049952983856201
2.1662120819091797
2.0306973457336426
2.196471929550171
2.127896785736084
1.944394826889038
1.9564933776855469
2.078219413757324
2.020297050476074
1.9961175918579102
2.0012319087982178
1.826613187789917
2.16153621673584
1.8728866577148438
1.8046047687530518
2.1550512313842773
2.0341405868530273
1.9991004467010498
2.214357614517212
1.8113629817962646
1.9866464138031006
1.9165961742401123
1.9409031867980957
1.866265058517456
1.7656960487365723
2.0052924156188965
1.792811393737793
2.1059980392456055
1.8764865398406982
1.9193875789642334
1.8774933815002441
2.096712589263916
1.7637343406677246
2.0814075469970703
1.8662128448486328
2.2406423091888428
2.026632785797119
2.1937508583068848
1.980189323425293
2.023439645767212
1.9306879043579102
1.9667069911956787
1.807281494140625
1.9579441547393799
2.217634677886963
2.168632745742798
2.047574996948242
1.8277010917663574
1.962702989578247
1.9382603168487549
1.9453589916229248
1.9666664600372314
2.023515462875366
2.2130956649780273
2.1274843215942383
2.225001573562622
1.8490004539489746
2.135622978210449
1.9308502674102783
2.1384148597717285
1.886003017425537
2.096632957458496
1.8003015518188477
1.821972370147705
1.763087511062622
1.8492350578308105
2.1654913425445557
1.821049451828003
1.9368927478790283
2.1739749908447266
2.064359426498413
2.1142690181732178
2.1848185062408447
2.010835647583008
1.7548918724060059
1.9201390743255615
1.7805821895599365
2.2231228351593018
1.8906593322753906
1.9886927604675293
2.135303258895874
1.940535068511963
1.7994017601013184
1.879624605178833
2.1617016792297363
1.8867621421813965
1.8628928661346436
2.0182747840881348
2.1531097888946533
1.861279010772705
1.8721671104431152
2.177284002304077
2.0921123027801514
1.9805450439453125
2.0087475776672363
1.9032747745513916
2.241560220718384
1.902646541595459
1.9018442630767822
2.060853958129883
1.8019087314605713
2.19211745262146
1.9598305225372314
1.8931183815002441
1.8875362873077393
1.944720983505249
2.025326728820801
2.002653121948242
1.8141052722930908
1.906630516052246
1.7889835834503174
2.128660202026367
1.960397720336914
2.0849223136901855
1.810396432876587
1.8350331783294678
2.195098876953125
1.872842788696289
1.8834245204925537
2.192962646484375
1.9652743339538574
1.7601020336151123
1.9042248725891113
2.1594223976135254
1.7671375274658203
1.9257025718688965
2.031582832336426
2.1876142024993896
2.1321775913238525
2.203726291656494
1.7530992031097412
1.8000998497009277
1.9354352951049805
1.7536675930023193
2.2162492275238037
2.159487724304199
2.2495455741882324
1.9205148220062256
1.978015661239624
1.7574477195739746
1.791945457458496
2.2402918338775635
1.925389051437378
2.2456326484680176
2.238354206085205
1.848954439163208
2.083268165588379
1.8692400455474854
1.9423353672027588
2.1976864337921143
1.903949499130249
2.198470115661621
1.8746755123138428
1.9465432167053223
2.2226755619049072
1.7976059913635254
2.2435028553009033
1.927497386932373
2.1405980587005615
2.0859007835388184
2.025083541870117
1.878002643585205
2.231044292449951
1.8828752040863037
2.0467758178710938
2.207037925720215
2.1356027126312256
2.0349347591400146
2.1060264110565186
1.91593599319458
1.762458086013794
1.949772596359253
1.9659724235534668
2.2338645458221436
1.7894232273101807
2.1841976642608643
1.780592679977417
2.054685354232788
1.7569293975830078
1.8216078281402588
1.9428224563598633
1.9959633350372314
2.0783045291900635
2.176192045211792
2.1152169704437256
2.053988218307495
1.9644286632537842
2.089200973510742
1.8126754760742188
2.0559310913085938
1.9985558986663818
1.7628068923950195
2.242823362350464
1.8386104106903076
1.9731862545013428
2.0555315017700195
1.7838025093078613
1.927722454071045
2.1297502517700195
1.8295788764953613
2.22542667388916
2.0325090885162354
2.2474963665008545
2.1526641845703125
1.9149119853973389
1.7866544723510742
1.7985444068908691
2.018735408782959
1.8847131729125977
2.1647772789001465
1.8512372970581055
2.0819578170776367
2.012054204940796
1.7744476795196533
2.110846757888794
1.898589849472046
2.15590238571167
2.002039670944214
2.217743158340454
2.0697078704833984
2.1656653881073
2.242082357406616
1.8503265380859375
2.1899776458740234
1.9911956787109375
1.786346673965454
2.0175821781158447
1.915128469467163
1.8062210083007812
1.9823217391967773
1.9895412921905518
1.7802188396453857
2.0211434364318848
2.162689685821533
1.900285005569458
1.8093934059143066
1.9169418811798096
1.759415626525879
1.9956324100494385
1.7986998558044434
2.1210060119628906
2.053846836090088
2.207259178161621
1.9562005996704102
1.940199851989746
2.0108466148376465
1.760582685470581
1.8437845706939697
1.8545453548431396
1.7922227382659912
2.0177533626556396
1.9850058555603027
1.7783496379852295
1.7756602764129639
2.2514901161193848
2.074697494506836
2.1840500831604004
2.0522608757019043
1.8867082595825195
2.2326674461364746
1.8303565979003906
1.8680644035339355
2.109607458114624
1.9026587009429932
2.1397793292999268
1.874997854232788
2.206143379211426
1.8914742469787598
2.048517942428589
1.999971866607666
1.8630292415618896
2.223179340362549
1.7964861392974854
2.1205482482910156
1.9347167015075684
2.008615016937256
2.0402300357818604
1.955284595489502
2.0824010372161865
2.164369821548462
2.1611759662628174
2.2282493114471436
2.0442886352539062
2.222785711288452
1.8112518787384033
2.1377599239349365
2.2303333282470703
2.1222517490386963
2.1867740154266357
1.9979488849639893
2.1032845973968506
1.968637228012085
2.018632650375366
1.9909307956695557
1.8835880756378174
1.810819149017334
1.9956426620483398
2.086451768875122
2.1318469047546387
1.9396038055419922
1.8341610431671143
2.1557273864746094
1.896634578704834
1.8208606243133545
2.045030117034912
1.927180528640747
2.1687002182006836
1.7578833103179932
1.9366734027862549
2.242692232131958
2.174964427947998
1.8043909072875977
1.8467166423797607
2.2336156368255615
2.1030290126800537
1.9666485786437988
1.9946224689483643
2.1511666774749756
2.237062931060791
1.897214412689209
1.872816562652588
1.9053776264190674
1.8285655975341797
1.7693543434143066
1.847419261932373
2.0489110946655273
2.0258312225341797
2.228111982345581
1.8492982387542725
2.0665507316589355
1.9855899810791016
1.9420256614685059
2.084796667098999
1.9076073169708252
1.7708892822265625
1.9678912162780762
2.164569616317749
2.074742078781128
2.0793516635894775
2.236224412918091
2.2090249061584473
1.985945224761963
1.9501769542694092
2.0602781772613525
1.8249621391296387
1.9249894618988037
2.0670242309570312
1.8566539287567139
2.1887834072113037
1.931431531906128
2.103339433670044
2.202853202819824
1.8286371231079102
1.7834713459014893
2.057868003845215
2.2100937366485596
2.2414796352386475
1.844655990600586
1.9171226024627686
1.8828330039978027
2.028926372528076
2.1399028301239014
2.1839404106140137
1.9083714485168457
2.062476873397827
1.7551043033599854
1.8408634662628174
1.8291218280792236
2.1983273029327393
1.926867961883545
1.8092477321624756
2.190850019454956
2.01369047164917
2.0055627822875977
2.0934507846832275
2.1506543159484863
2.1649773120880127
2.0829665660858154
2.254021167755127
1.7596523761749268
2.116309404373169
2.0586886405944824
2.003164768218994
2.069558620452881
1.8242671489715576
2.230375051498413
1.8399016857147217
1.796907663345337
2.044863224029541
1.775106430053711
2.182413101196289
2.2305855751037598
1.9973275661468506
2.0751538276672363
1.857924461364746
2.103917360305786
2.1068613529205322
1.7634949684143066
2.0257153511047363
1.9653608798980713
2.1951780319213867
2.175912380218506
1.8798046112060547
2.024289131164551
1.8674039840698242
1.772984266281128
2.094473123550415
2.2446680068969727
2.1406869888305664
1.946523904800415
2.1331593990325928
1.9085006713867188
1.9155128002166748
1.8583478927612305
2.224843740463257
1.892615556716919
1.9412651062011719
1.7676072120666504
1.9637370109558105
2.071106195449829
2.1749236583709717
1.9496135711669922
2.1994519233703613
2.0139124393463135
1.9796032905578613
1.7552051544189453
2.187267780303955
1.9164049625396729
1.9304423332214355
2.0709469318389893
2.198836326599121
2.0570180416107178
1.8925507068634033
1.8179147243499756
1.7709224224090576
1.9801857471466064
1.9952495098114014
1.9329791069030762
1.8073623180389404
2.0459039211273193
1.8667118549346924
1.970306634902954
2.2305145263671875
1.7580795288085938
1.8269665241241455
2.027754068374634
2.10941481590271
1.9379420280456543
1.9769864082336426
2.0129127502441406
2.125383138656616
2.0708303451538086
1.8459739685058594
1.9541199207305908
1.8701436519622803
2.1503183841705322
2.03167986869812
1.8976483345031738
1.9138591289520264
1.8064794540405273
2.15659236907959
2.2200326919555664
2.1944315433502197
2.0561411380767822
1.9526872634887695
1.7519760131835938
2.118645429611206
2.027714967727661
2.243468999862671
1.8405566215515137
2.06840443611145
2.210832118988037
1.9868996143341064
2.1956634521484375
2.1470754146575928
2.2379446029663086
2.056974172592163
1.9829776287078857
1.9953789710998535
2.1966443061828613
1.9078080654144287
1.855426549911499
2.255222797393799
1.827697515487671
2.1192564964294434
2.1625351905822754
1.7605409622192383
2.0683465003967285
2.2320520877838135
1.7642760276794434
1.9445431232452393
2.0264415740966797
2.0080313682556152
1.9241249561309814
1.9067952632904053
2.0489087104797363
1.969209909439087
2.247580051422119
2.192547559738159
2.1392195224761963
2.203315496444702
1.9544475078582764
1.895467758178711
2.139888048171997
2.195859670639038
1.842376708984375
2.246124744415283
1.9293720722198486
1.9649686813354492
1.9997684955596924
1.9758739471435547
1.7853202819824219
2.203744411468506
1.9407002925872803
1.7574660778045654
2.0772705078125
2.114384412765503
2.253488063812256
2.0849967002868652
1.8519055843353271
2.2064220905303955
1.9078667163848877
1.9171843528747559
1.8660438060760498
2.0753612518310547
2.0551857948303223
1.9323678016662598
2.006248950958252
1.8569655418395996
1.883974552154541
2.0850636959075928
2.1199026107788086
1.9879188537597656
2.152423858642578
1.8202736377716064
2.1591403484344482
2.0963449478149414
2.194056510925293
2.1837635040283203
1.896122694015503
1.8436565399169922
2.0746445655822754
2.097249984741211
2.1024410724639893
1.813391923904419
1.8962020874023438
2.240623712539673
1.9767334461212158
2.0753157138824463
1.7921977043151855
1.812150239944458
2.245866298675537
2.238813877105713
1.9528381824493408
1.9630658626556396
1.8107316493988037
2.1930835247039795
2.0338151454925537
2.1825084686279297
2.0868613719940186
2.1520016193389893
1.773735523223877
2.246305227279663
2.143641233444214
1.7592968940734863
2.250480890274048
1.8081798553466797
2.2506628036499023
2.202993154525757
1.8835527896881104
2.009168863296509
1.7612645626068115
2.0407931804656982
1.7577970027923584
1.7679064273834229
1.9815638065338135
2.1243889331817627
1.7668275833129883
2.000427722930908
2.1400465965270996
1.8438892364501953
1.853222370147705
2.2491557598114014
2.110943555831909
2.1896989345550537
1.9547061920166016
1.932018756866455
1.9277291297912598
1.798466444015503
1.9745173454284668
2.195147752761841
2.0848145484924316
2.191871404647827
2.1117758750915527
1.78419828414917
2.2269418239593506
1.89436674118042
1.840482473373413
2.173034906387329
1.9466972351074219
1.83760666847229
2.2078824043273926
2.077648639678955
1.9086449146270752
2.1214613914489746
2.1930558681488037
2.253190517425537
1.765594482421875
2.2421939373016357
1.9463825225830078
1.7690906524658203
2.1824424266815186
1.8093860149383545
2.229736804962158
2.164505958557129
2.1414780616760254
1.8121345043182373
2.228154182434082
2.09360671043396
2.2366867065429688
1.9657409191131592
2.071406364440918
2.0924594402313232
1.8684628009796143
2.0054049491882324
1.8803133964538574
1.9862480163574219
1.9448585510253906
1.8480818271636963
1.8282692432403564
2.0532851219177246
2.216888427734375
2.2213382720947266
2.2101595401763916
1.9348547458648682
1.7734169960021973
1.8067443370819092
1.8927381038665771
2.1100494861602783
1.9794704914093018
1.9035544395446777
2.1255664825439453
2.133437395095825
2.21905517578125
2.213299512863159
2.095174551010132
1.7975716590881348
1.860656976699829
1.9186830520629883
2.0893540382385254
2.091705799102783
2.0701982975006104
2.0911803245544434
1.7815077304840088
1.9525623321533203
1.8276822566986084
1.952543020248413
1.9781086444854736
1.8213627338409424
2.205230712890625
1.797518253326416
1.838926076889038
1.776848554611206
1.7682065963745117
2.183223009109497
1.9228696823120117
2.2140705585479736
2.0002479553222656
1.823338508605957
2.074629545211792
2.1370532512664795
2.1770682334899902
1.8675243854522705
2.1812500953674316
1.987231969833374
1.849259614944458
1.915543556213379
1.939727783203125
2.080904722213745
2.1453044414520264
2.064831495285034
2.111391305923462
1.775052785873413
1.9712183475494385
2.08632230758667
2.1358554363250732
1.9487977027893066
2.215022087097168
2.110090494155884
1.8427412509918213
2.072800397872925
1.837024211883545
1.927574634552002
2.2262017726898193
2.2319350242614746
1.973245620727539
2.213521957397461
1.9839065074920654
2.2320070266723633
2.212822198867798
1.9513778686523438
1.9378771781921387
2.2520501613616943
1.813749074935913
2.0588741302490234
1.8602607250213623
1.9595346450805664
1.8083646297454834
1.904453992843628
2.065490245819092
1.7644116878509521
2.142261505126953
1.8015482425689697
1.9151406288146973
1.8643443584442139
1.7632205486297607
1.9591999053955078
1.8720686435699463
2.1922240257263184
2.0511534214019775
1.9811124801635742
1.7779335975646973
1.9523723125457764
2.2335422039031982
1.856285810470581
1.9812605381011963
2.2115583419799805
2.1326398849487305
1.918450117111206
2.1562650203704834
1.793990135192871
2.1221160888671875
2.015990734100342
2.0265185832977295
2.000842571258545
2.073746681213379
2.108658790588379
2.1740095615386963
1.9149844646453857
1.784764289855957
1.8769502639770508
2.137213706970215
2.1669540405273438
1.981532335281372
1.8545637130737305
2.1387362480163574
2.2178165912628174
2.0401628017425537
2.0524497032165527
2.2300820350646973
1.8733792304992676
2.1346564292907715
2.1607425212860107
2.185822010040283
2.0231478214263916
2.0397956371307373
1.9570209980010986
2.2058513164520264
2.03324818611145
2.2490034103393555
2.1012532711029053
2.1325128078460693
2.1385395526885986
1.9885799884796143
1.7559547424316406
1.7794597148895264
1.8104588985443115
1.9428486824035645
1.9448506832122803
2.1210873126983643
1.9150712490081787
2.1468074321746826
2.2335598468780518
1.9137449264526367
1.8953649997711182
1.9125008583068848
1.83976411819458
2.1767983436584473
1.9421687126159668
1.9355123043060303
2.1208930015563965
1.844684362411499
2.1704607009887695
2.1658997535705566
1.8819596767425537
2.246633529663086
1.9656119346618652
1.9291985034942627
2.2431998252868652
2.088155746459961
2.1186845302581787
2.1166887283325195
1.981645107269287
1.9421477317810059
2.099250078201294
2.1209099292755127
1.8860254287719727
1.9951751232147217
1.8027479648590088
2.2369701862335205
1.9751992225646973
1.8556361198425293
2.1110727787017822
2.082700490951538
1.7994868755340576
1.8306543827056885
2.2218141555786133
1.9478950500488281
2.020585298538208
1.7968213558197021
2.0187742710113525
2.1292827129364014
1.8676941394805908
1.9478073120117188
1.8535656929016113
1.8886387348175049
2.069148540496826
1.9699382781982422
1.8996593952178955
2.120871067047119
1.908552646636963
1.8409955501556396
1.8781805038452148
2.223353147506714
2.0680201053619385
1.7542376518249512
1.9224889278411865
2.182196855545044
2.0273287296295166
1.9691998958587646
1.8976266384124756
2.143599510192871
2.00341534614563
1.9295544624328613
1.756270408630371
1.9539659023284912
1.9936611652374268
2.179474115371704
2.2370011806488037
1.942948579788208
1.9290170669555664
2.0302016735076904
1.946500539779663
2.1929047107696533
1.8269987106323242
2.2374660968780518
2.090911388397217
2.2074499130249023
2.164818525314331
2.0509538650512695
2.2032155990600586
2.0702505111694336
1.8647539615631104
1.7783172130584717
1.9109694957733154
2.1254429817199707
2.200308084487915
2.041741132736206
2.1767611503601074
1.9179279804229736
1.755988359451294
2.0136802196502686
1.9238834381103516
1.9431331157684326
1.8376753330230713
2.026115894317627
1.9855096340179443
1.9705932140350342
1.885892391204834
2.2128524780273438
2.0109500885009766
2.171110153198242
2.1497795581817627
2.2457711696624756
2.0739316940307617
2.1142308712005615
1.820838212966919
2.1028213500976562
2.022766351699829
2.2332892417907715
2.060251474380493
1.9563472270965576
1.976081132888794
1.9477291107177734
1.7713134288787842
2.1509032249450684
2.21793270111084
2.0487256050109863
2.0211005210876465
2.0419485569000244
2.1342132091522217
2.206005811691284
2.228576421737671
2.2473411560058594
1.8847355842590332
1.9905359745025635
2.2102138996124268
2.168226957321167
1.8587939739227295
1.7810285091400146
1.823378562927246
2.154745101928711
2.1809144020080566
1.8894357681274414
2.1192514896392822
2.0633468627929688
1.9695894718170166
1.9288725852966309
2.174764394760132
1.7645082473754883
2.002931594848633
2.0200891494750977
1.9098176956176758
2.002242088317871
1.9119622707366943
2.2337961196899414
1.7612624168395996
2.173537492752075
2.2252659797668457
1.9015130996704102
2.160020589828491
1.9142200946807861
1.865962266921997
1.9376111030578613
1.8183062076568604
2.121760606765747
2.054642915725708
1.8219373226165771
1.8326737880706787
2.1587677001953125
2.0143978595733643
1.9920649528503418
1.9224140644073486
2.111309766769409
1.904313087463379
2.173598289489746
1.8882999420166016
1.949000597000122
2.237727165222168
1.8229341506958008
1.8831634521484375
