1.64882230758667
1.796252965927124
1.7283291816711426
1.839522361755371
1.6372041702270508
1.6170876026153564
1.879981279373169
1.6256103515625
1.8800082206726074
1.6316699981689453
1.853806972503662
1.8978261947631836
1.865206003189087
1.6595122814178467
1.7388973236083984
1.7426457405090332
1.6028218269348145
1.7017245292663574
1.7485666275024414
1.755441665649414
1.7990071773529053
1.8668437004089355
1.6218981742858887
1.878659963607788
1.7261133193969727
1.742213487625122
1.6963222026824951
1.7112491130828857
1.8535919189453125
1.7236027717590332
1.7704002857208252
1.783341884613037
1.6626527309417725
1.8401055335998535
1.7099783420562744
1.6979916095733643
1.7375373840332031
1.658726692199707
1.8643288612365723
1.6429855823516846
1.6732475757598877
1.751065731048584
1.848680019378662
1.6796417236328125
1.7675528526306152
1.791402816772461
1.8779029846191406
1.754302978515625
1.7847042083740234
1.714294672012329
1.6147851943969727
1.899310827255249
1.7850091457366943
1.6168346405029297
1.6565041542053223
1.8963890075683594
1.610487699508667
1.7463274002075195
1.632917881011963
1.8434243202209473
1.757507562637329
1.8198349475860596
1.889336347579956
1.887618064880371
1.642939567565918
1.8893885612487793
1.6170575618743896
1.6866464614868164
1.6362361907958984
1.8163456916809082
1.7934460639953613
1.72613525390625
1.8028788566589355
1.895061731338501
1.6196811199188232
1.804492712020874
1.7326459884643555
1.7436561584472656
1.6048004627227783
1.697206735610962
1.826601505279541
1.7186992168426514
1.804032564163208
1.6653435230255127
1.7324745655059814
1.7500176429748535
1.7760398387908936
1.6414754390716553
1.7803730964660645
1.804844617843628
1.8981108665466309
1.8412139415740967
1.8455615043640137
1.6713132858276367
1.8379523754119873
1.7459428310394287
1.7965781688690186
1.893883466720581
1.6402804851531982
1.6183545589447021
1.7459733486175537
1.745762825012207
1.7906041145324707
1.87457275390625
1.7152941226959229
1.638906478881836
1.838740348815918
1.6709730625152588
1.659769058227539
1.6393332481384277
1.7069096565246582
1.7249207496643066
1.6956405639648438
1.7569057941436768
1.794219732284546
1.7297213077545166
1.6492140293121338
1.875880241394043
1.7005980014801025
1.8050010204315186
1.795055866241455
1.8037254810333252
1.7963521480560303
1.7531661987304688
1.787048578262329
1.8033437728881836
1.748835802078247
1.6920640468597412
1.6566162109375
1.6493754386901855
1.865112066268921
1.7562553882598877
1.871302604675293
1.6987905502319336
1.9002251625061035
1.8657643795013428
1.7324936389923096
1.637037992477417
1.6082813739776611
1.6783201694488525
1.7007274627685547
1.8855342864990234
1.6491568088531494
1.7566502094268799
1.738196611404419
1.6899445056915283
1.894557237625122
1.752659559249878
1.665649175643921
1.624983310699463
1.8674201965332031
1.8839225769042969
1.7198271751403809
1.7579283714294434
1.8533742427825928
1.650320291519165
1.6115219593048096
1.8307836055755615
1.7415220737457275
1.888016700744629
1.6102070808410645
1.6703219413757324
1.8482224941253662
1.722238540649414
1.7579593658447266
1.7720742225646973
1.6549451351165771
1.7135181427001953
1.7142982482910156
1.8012690544128418
1.7495880126953125
1.8719253540039062
1.6356728076934814
1.8039085865020752
1.8096888065338135
1.889622688293457
1.725644826889038
1.6824524402618408
1.8165135383605957
1.7587149143218994
1.6038217544555664
1.8762333393096924
1.8690454959869385
1.834479808807373
1.832866907119751
1.877716064453125
1.8539855480194092
1.7233331203460693
1.7372026443481445
1.828186273574829
1.7801086902618408
1.721510648727417
1.7118475437164307
1.7194199562072754
1.6626994609832764
1.7471098899841309
1.8925983905792236
1.6761136054992676
1.602581262588501
1.6581566333770752
1.7431516647338867
1.8558814525604248
1.6031498908996582
1.6402769088745117
1.6637799739837646
1.895803689956665
1.8887581825256348
1.6598124504089355
1.8886563777923584
1.6009814739227295
1.6174938678741455
1.644923210144043
1.6964004039764404
1.8970801830291748
1.8319587707519531
1.6889126300811768
1.6803436279296875
1.6603162288665771
1.7491779327392578
1.6837718486785889
1.7408702373504639
1.6181559562683105
1.8093430995941162
1.6530091762542725
1.742753028869629
1.7537963390350342
1.6376636028289795
1.8293163776397705
1.7512989044189453
1.6904661655426025
1.7076678276062012
1.8099310398101807
1.7082483768463135
1.6484668254852295
1.894066333770752
1.7725186347961426
1.6533563137054443
1.7870018482208252
1.6597306728363037
1.8613555431365967
1.684748649597168
1.6640088558197021
1.8851256370544434
1.6317334175109863
1.8902413845062256
1.862422227859497
1.809680461883545
1.8854880332946777
1.6538219451904297
1.8295073509216309
1.8943593502044678
1.888883352279663
1.6117503643035889
1.8596816062927246
1.8466062545776367
1.6740529537200928
1.6519594192504883
1.6968872547149658
1.6551158428192139
1.6021957397460938
1.6928291320800781
1.7034921646118164
1.6570301055908203
1.8481245040893555
1.881927251815796
1.8442943096160889
1.6398451328277588
1.627854824066162
1.7638473510742188
1.7489120960235596
1.6913018226623535
1.7427198886871338
1.716498851776123
1.6743102073669434
1.8286094665527344
1.7246036529541016
1.750563383102417
1.8491320610046387
1.8586344718933105
1.6929922103881836
1.8040719032287598
1.8265042304992676
1.7545113563537598
1.656785488128662
1.8533196449279785
1.8240940570831299
1.6950595378875732
1.7469067573547363
1.6555149555206299
1.8317406177520752
1.6792304515838623
1.7526252269744873
1.6636111736297607
1.6631989479064941
1.7388966083526611
1.6370635032653809
1.7594513893127441
1.62577486038208
1.6170463562011719
1.7851476669311523
1.8080558776855469
1.8915209770202637
1.6096913814544678
1.745570421218872
1.624835729598999
1.7497498989105225
1.806027889251709
1.7005441188812256
1.82731294631958
1.660278558731079
1.7128818035125732
1.8194208145141602
1.783198595046997
1.855597972869873
1.7891197204589844
1.8228909969329834
1.7694640159606934
1.7994039058685303
1.741178274154663
1.7667765617370605
1.8859007358551025
1.6977322101593018
1.8422868251800537
1.9036645889282227
1.8025226593017578
1.8809123039245605
1.7384724617004395
1.7822673320770264
1.651275634765625
1.8949809074401855
1.8056607246398926
1.8007235527038574
1.8523330688476562
1.8846497535705566
1.6951696872711182
1.6975481510162354
1.7975082397460938
1.8387188911437988
1.691589593887329
1.6986291408538818
1.6072587966918945
1.8443045616149902
1.768362283706665
1.7844135761260986
1.7758352756500244
1.7194182872772217
1.8262085914611816
1.7949869632720947
1.6310539245605469
1.6417174339294434
1.788522720336914
1.6489686965942383
1.8334589004516602
1.6193897724151611
1.7643239498138428
1.6177339553833008
1.7365467548370361
1.622544765472412
1.6420354843139648
1.791968822479248
1.6778919696807861
1.7784619331359863
1.8990838527679443
1.8709466457366943
1.8546347618103027
1.6811044216156006
1.8724002838134766
1.624359369277954
1.762070655822754
1.7384669780731201
1.833191156387329
1.6295413970947266
1.675546407699585
1.7265520095825195
1.7418444156646729
1.720125675201416
1.8378801345825195
1.8978242874145508
1.8177721500396729
1.7041943073272705
1.8116345405578613
1.664358139038086
1.851567029953003
1.8255085945129395
1.7559444904327393
1.7876174449920654
1.7823336124420166
1.7531743049621582
1.7191100120544434
1.8127009868621826
1.8735110759735107
1.614295482635498
1.8640148639678955
1.796654224395752
1.8070237636566162
1.8587489128112793
1.9017698764801025
1.6236011981964111
1.8203346729278564
1.7532103061676025
1.8456389904022217
1.8920037746429443
1.7739996910095215
1.8666143417358398
1.603139877319336
1.86100172996521
1.8408894538879395
1.8173038959503174
1.8044302463531494
1.852567195892334
1.6527595520019531
1.6883172988891602
1.7703187465667725
1.7513184547424316
1.7575724124908447
1.7375783920288086
1.6457757949829102
1.8273653984069824
1.7696716785430908
1.6257896423339844
1.7307250499725342
1.718977451324463
1.7355992794036865
1.8094308376312256
1.8336455821990967
1.786146640777588
1.6770062446594238
1.8628981113433838
1.7858247756958008
1.8695564270019531
1.713855266571045
1.8980438709259033
1.8833754062652588
1.8012380599975586
1.8077187538146973
1.6978774070739746
1.7139973640441895
1.697218656539917
1.8193445205688477
1.7599456310272217
1.6419787406921387
1.6820731163024902
1.857607126235962
1.8640127182006836
1.837798833847046
1.8798508644104004
1.7613458633422852
1.6682367324829102
1.6592297554016113
1.845839500427246
1.8746740818023682
1.6351807117462158
1.6756243705749512
1.7741529941558838
1.8648884296417236
1.6150991916656494
1.8076918125152588
1.6580007076263428
1.6185574531555176
1.7420601844787598
1.710418939590454
1.6386926174163818
1.7103159427642822
1.7436158657073975
1.7966835498809814
1.7950303554534912
1.7919583320617676
1.820868968963623
1.6565327644348145
1.6030778884887695
1.8743937015533447
1.7867538928985596
1.656681776046753
1.7922213077545166
1.799400806427002
1.719186782836914
1.7013096809387207
1.690276861190796
1.716259241104126
1.6963376998901367
1.8673410415649414
1.725785255432129
1.6039705276489258
1.7284281253814697
1.8071837425231934
1.6444664001464844
1.7241272926330566
1.8768291473388672
1.7448933124542236
1.7322015762329102
1.6979646682739258
1.6484580039978027
1.6177303791046143
1.6318719387054443
1.6419494152069092
1.8402140140533447
1.8833427429199219
1.8241052627563477
1.7016315460205078
1.7204694747924805
1.8332610130310059
