0.60906982421875
0.6011917591094971
0.40548014640808105
0.6292290687561035
0.6143763065338135
0.5665388107299805
0.4587283134460449
0.44185519218444824
0.40538954734802246
0.39064526557922363
0.4905972480773926
0.6046261787414551
0.3594987392425537
0.46210670471191406
0.6024384498596191
0.44294142723083496
0.6492671966552734
0.5913639068603516
0.5978562831878662
0.5557429790496826
0.4747591018676758
0.6193461418151855
0.4016447067260742
0.4539201259613037
0.5928595066070557
0.38902926445007324
0.41323137283325195
0.5776119232177734
0.6468508243560791
0.508657693862915
0.5840780735015869
0.4493443965911865
0.5464558601379395
0.3852121829986572
0.36586713790893555
0.6339445114135742
0.5687663555145264
0.45497918128967285
0.5957868099212646
0.4311037063598633
0.5793354511260986
0.44917774200439453
0.5120809078216553
0.4441101551055908
0.38107728958129883
0.6382997035980225
0.4739973545074463
0.5141067504882812
0.3519322872161865
0.4261617660522461
0.3896749019622803
0.49834704399108887
0.4758419990539551
0.4585592746734619
0.48548197746276855
0.4760291576385498
0.49565935134887695
0.4925522804260254
0.464766263961792
0.538402795791626
0.5200765132904053
0.5766115188598633
0.6376640796661377
0.4766349792480469
0.5195531845092773
0.6214327812194824
0.47736525535583496
0.42510485649108887
0.5577256679534912
0.4294257164001465
0.6368856430053711
0.5550336837768555
0.5145115852355957
0.473494291305542
0.4576377868652344
0.6336541175842285
0.5042893886566162
0.4424774646759033
0.3871145248413086
0.48108816146850586
0.5715034008026123
0.5056312084197998
0.525876522064209
0.38910460472106934
0.6087617874145508
0.37509703636169434
0.4922208786010742
0.35887980461120605
0.46813011169433594
0.6148374080657959
0.5541331768035889
0.3992757797241211
0.49837160110473633
0.5519542694091797
0.5691788196563721
0.41370129585266113
0.536562442779541
0.3655967712402344
0.5489552021026611
0.6313714981079102
0.5117506980895996
0.44568300247192383
0.5884091854095459
0.5235965251922607
0.4995725154876709
0.49756741523742676
0.4918074607849121
0.35463953018188477
0.530595064163208
0.6190459728240967
0.35440802574157715
0.38405656814575195
0.3763306140899658
0.3994736671447754
0.438936710357666
0.39324235916137695
0.41029810905456543
0.5835580825805664
0.6534922122955322
0.6257507801055908
0.6131148338317871
0.6149635314941406
0.4470231533050537
0.38538146018981934
0.6206185817718506
0.3863105773925781
0.6488525867462158
0.39229702949523926
0.5655398368835449
0.473766565322876
0.46866536140441895
0.6508290767669678
0.5292220115661621
0.43517160415649414
0.5596814155578613
0.6016271114349365
0.48845791816711426
0.5158584117889404
0.529442548751831
0.38872790336608887
0.3995082378387451
0.6018919944763184
0.4027705192565918
0.3877241611480713
0.4427659511566162
0.503023624420166
0.587885856628418
0.48363327980041504
0.39659571647644043
0.5839242935180664
0.6274492740631104
0.4165959358215332
0.5281276702880859
0.5245339870452881
0.5070385932922363
0.4023902416229248
0.49259281158447266
0.527101993560791
0.5994052886962891
0.4933583736419678
0.3673725128173828
0.35308837890625
0.3736851215362549
0.5688636302947998
0.5324287414550781
0.4853389263153076
0.4528372287750244
0.46638035774230957
0.6516671180725098
0.6079351902008057
0.5653209686279297
0.5147020816802979
0.5397467613220215
0.43919825553894043
0.5270371437072754
0.43868350982666016
0.3744320869445801
0.62746262550354
0.5947051048278809
0.40848588943481445
0.4331543445587158
0.48936009407043457
0.5942807197570801
0.42085909843444824
0.515845775604248
0.4605560302734375
0.39697957038879395
0.3994293212890625
0.45238637924194336
0.3815460205078125
0.4112832546234131
0.5596919059753418
0.5733892917633057
0.36015915870666504
0.48300886154174805
0.5784952640533447
0.41307616233825684
0.4534122943878174
0.5353436470031738
0.5274271965026855
0.49301981925964355
0.5551731586456299
0.3590278625488281
0.6072258949279785
0.35643529891967773
0.37565088272094727
0.3711698055267334
0.5805785655975342
0.500572681427002
0.5972714424133301
0.5350222587585449
0.4565117359161377
0.4040822982788086
0.47565317153930664
0.46431946754455566
0.559412956237793
0.5684487819671631
0.35466599464416504
0.6320106983184814
0.4007227420806885
0.35818052291870117
0.5826621055603027
0.4775724411010742
0.370877742767334
0.4017767906188965
0.6342024803161621
0.4932560920715332
0.44422054290771484
0.47560763359069824
0.53946852684021
0.3900430202484131
0.41698217391967773
0.5809383392333984
0.5285036563873291
0.5643198490142822
0.5716855525970459
0.4744880199432373
0.4954850673675537
0.5889120101928711
0.5410289764404297
0.6414134502410889
0.6096820831298828
0.4417612552642822
0.5585365295410156
0.565701961517334
0.37171292304992676
0.5015811920166016
0.5276172161102295
0.43350648880004883
0.5785934925079346
0.6167209148406982
0.5742909908294678
0.5233006477355957
0.3960099220275879
0.3581719398498535
0.4776937961578369
0.5345981121063232
0.5775597095489502
0.45662522315979004
0.5402674674987793
0.36104822158813477
0.5462913513183594
0.5684909820556641
0.5919651985168457
0.35530829429626465
0.38617849349975586
0.48465847969055176
0.38280463218688965
0.5116317272186279
0.5052919387817383
0.45093607902526855
0.3838772773742676
0.5634727478027344
0.36904025077819824
0.39953160285949707
0.5120053291320801
0.5645055770874023
0.4198029041290283
0.414348840713501
0.3565070629119873
0.5261023044586182
0.6223471164703369
0.4790067672729492
0.4514591693878174
0.4965801239013672
0.48241400718688965
0.6134481430053711
0.4455692768096924
0.5510871410369873
0.642716646194458
0.4768357276916504
0.4675273895263672
0.4006369113922119
0.4869115352630615
0.6161446571350098
0.4073634147644043
0.4787564277648926
0.38512516021728516
0.4506826400756836
0.5288159847259521
0.44528961181640625
0.5547604560852051
0.5902836322784424
0.44534993171691895
0.6523568630218506
0.5946705341339111
0.47605133056640625
0.5699295997619629
0.44293642044067383
0.49898505210876465
0.5920867919921875
0.5293679237365723
0.44785380363464355
0.6105365753173828
0.6248502731323242
0.35819244384765625
0.6307470798492432
0.5302257537841797
0.380094051361084
0.41372251510620117
0.554706335067749
0.5165016651153564
0.535031795501709
0.5029044151306152
0.35216188430786133
0.49463415145874023
0.4391794204711914
0.4724459648132324
0.49895811080932617
0.3593411445617676
0.5552740097045898
0.5253555774688721
0.5399813652038574
0.4861328601837158
0.3856360912322998
0.4275553226470947
0.4326965808868408
0.44104838371276855
0.5853734016418457
0.4577610492706299
0.5395922660827637
0.5696470737457275
0.4166593551635742
0.6156806945800781
0.39763498306274414
0.5533366203308105
0.486436128616333
0.5779242515563965
0.47153711318969727
0.36205625534057617
0.59421706199646
0.5095155239105225
0.5647323131561279
0.5191879272460938
0.38519740104675293
0.3742194175720215
0.4121572971343994
0.6045131683349609
0.6191482543945312
0.4396355152130127
0.4942164421081543
0.45731377601623535
0.45852017402648926
0.5520079135894775
0.5881025791168213
0.5047791004180908
0.43242764472961426
0.4087355136871338
0.4746232032775879
0.37317895889282227
0.37099266052246094
0.4169943332672119
0.5796647071838379
0.39109373092651367
0.48625969886779785
0.4207642078399658
0.4048197269439697
0.598236083984375
0.43161702156066895
0.4996657371520996
0.6463272571563721
0.4342079162597656
0.5385122299194336
0.5679910182952881
0.5564773082733154
0.3908815383911133
0.5129547119140625
0.6324782371520996
0.6051933765411377
0.44919753074645996
0.5446383953094482
0.5596606731414795
0.46295714378356934
0.6302008628845215
0.4617772102355957
0.4882066249847412
0.47983741760253906
0.5297994613647461
0.3545265197753906
0.6155312061309814
0.36904358863830566
0.5510733127593994
0.6459255218505859
0.4249401092529297
0.5408146381378174
0.5845248699188232
0.42398977279663086
0.6351902484893799
0.6024441719055176
0.3736460208892822
0.3839747905731201
0.5290091037750244
0.48540592193603516
0.6298513412475586
0.45087242126464844
0.5111067295074463
0.5805919170379639
0.4871091842651367
0.5941681861877441
0.491473913192749
0.5920460224151611
0.48031067848205566
0.48079824447631836
0.4784727096557617
0.5353274345397949
0.41942334175109863
0.38468360900878906
0.624457836151123
0.41736793518066406
0.5409603118896484
0.4516890048980713
0.5465376377105713
0.5583710670471191
0.5220029354095459
0.47049427032470703
0.6353683471679688
0.3936319351196289
0.45278167724609375
0.4356839656829834
0.5037240982055664
0.4355344772338867
0.4197118282318115
0.4311561584472656
0.5464866161346436
0.372652530670166
0.3852884769439697
0.4285597801208496
0.5059244632720947
0.5991015434265137
0.5466456413269043
0.4282686710357666
0.6258974075317383
0.47205543518066406
0.37108778953552246
0.5276947021484375
0.5834932327270508
0.410858154296875
0.4956033229827881
0.5290637016296387
0.4479811191558838
0.6208963394165039
0.515812873840332
0.444338321685791
0.5265588760375977
0.47568368911743164
0.45122599601745605
0.45096325874328613
0.3957376480102539
0.4504380226135254
0.47239208221435547
0.5436627864837646
0.5882270336151123
0.5752017498016357
0.49533867835998535
0.4239051342010498
0.4617500305175781
0.6293652057647705
0.5732555389404297
0.37458109855651855
0.373767614364624
0.41261792182922363
0.4662938117980957
0.36963677406311035
0.4230489730834961
0.4086191654205322
0.6266827583312988
0.361849308013916
0.6281540393829346
0.4759073257446289
0.586090087890625
0.6274478435516357
0.5355801582336426
0.4951770305633545
0.6164896488189697
0.5241668224334717
0.64011549949646
0.4149973392486572
0.35639119148254395
0.36310887336730957
0.4450798034667969
0.4742710590362549
