1.7900505065917969
1.7808778285980225
1.8491771221160889
1.7186577320098877
1.8415985107421875
1.7830088138580322
1.8110120296478271
1.6208152770996094
1.8411602973937988
1.7253320217132568
1.8456974029541016
1.8878650665283203
1.790968656539917
1.7545459270477295
1.641777515411377
1.6733283996582031
1.777463436126709
1.8767890930175781
1.868788242340088
1.741495132446289
1.8715312480926514
1.7196638584136963
1.8338372707366943
1.852949857711792
1.6615025997161865
1.6788318157196045
1.6721415519714355
1.6568517684936523
1.895268201828003
1.6429681777954102
1.82838773727417
1.8609051704406738
1.8064072132110596
1.781158685684204
1.8110771179199219
1.6169135570526123
1.893118143081665
1.7930691242218018
1.6439628601074219
1.8704392910003662
1.7024140357971191
1.817579746246338
1.7591004371643066
1.8823204040527344
1.8487553596496582
1.8507215976715088
1.6153597831726074
1.8645856380462646
1.8614981174468994
1.7197215557098389
1.8596787452697754
1.6780717372894287
1.7845120429992676
1.7477755546569824
1.8208014965057373
1.8638331890106201
1.622011661529541
1.662106990814209
1.7983033657073975
1.702711820602417
1.6713290214538574
1.761810302734375
1.8405418395996094
1.7311913967132568
1.8231866359710693
1.687053918838501
1.794654369354248
1.9015333652496338
1.8299586772918701
1.7243459224700928
1.6556475162506104
1.6504862308502197
1.7542710304260254
1.6641602516174316
1.6079845428466797
1.6800498962402344
1.6184654235839844
1.8850598335266113
1.760056972503662
1.7584357261657715
1.6279850006103516
1.819136619567871
1.6789848804473877
1.6250133514404297
1.6671230792999268
1.8579001426696777
1.6263203620910645
1.851344347000122
1.6762747764587402
1.67380952835083
1.712895393371582
1.694608211517334
1.8585450649261475
1.8479037284851074
1.6508104801177979
1.6695983409881592
1.7120976448059082
1.7256736755371094
1.646205186843872
1.8561360836029053
1.6350202560424805
1.6741867065429688
1.823047161102295
1.6911976337432861
1.660240650177002
1.7754449844360352
1.6199193000793457
1.6871364116668701
1.758873701095581
1.73360013961792
1.8987903594970703
1.7914199829101562
1.784280776977539
1.8948919773101807
1.650829792022705
1.6569950580596924
1.8495190143585205
1.71555757522583
1.6703059673309326
1.8605105876922607
1.770235300064087
1.7915711402893066
1.88332200050354
1.6619210243225098
1.7547905445098877
1.6783850193023682
1.7253270149230957
1.7665274143218994
1.8817064762115479
1.7597298622131348
1.6740155220031738
1.6337175369262695
1.8764359951019287
1.7628536224365234
1.8937478065490723
1.8418986797332764
1.7038660049438477
1.754136323928833
1.8796169757843018
1.8988919258117676
1.7108054161071777
1.7290959358215332
1.6317870616912842
1.7123005390167236
1.837742805480957
1.7111830711364746
1.8419196605682373
1.6971287727355957
1.7859013080596924
1.691063642501831
1.7955944538116455
1.7746829986572266
1.6986162662506104
1.6511986255645752
1.6363565921783447
1.7231063842773438
1.6809487342834473
1.879281759262085
1.6170179843902588
1.7956790924072266
1.6238172054290771
1.7285370826721191
1.7409884929656982
1.6165924072265625
1.6758229732513428
1.6439204216003418
1.8446636199951172
1.901510238647461
1.8097174167633057
1.656449794769287
1.6590228080749512
1.6181795597076416
1.7921571731567383
1.8761529922485352
1.7075703144073486
1.7557644844055176
1.7553095817565918
1.801398515701294
1.605553150177002
1.6495776176452637
1.6493637561798096
1.691164493560791
1.903489112854004
1.7141270637512207
1.73885178565979
1.6548902988433838
1.7869317531585693
1.8871002197265625
1.8505644798278809
1.8526787757873535
1.622298002243042
1.709641933441162
1.6800806522369385
1.8556203842163086
1.674750566482544
1.686417579650879
1.6530559062957764
1.8671550750732422
1.6746668815612793
1.8524212837219238
1.7736492156982422
1.8704948425292969
1.7659008502960205
1.6189353466033936
1.8356189727783203
1.8441781997680664
1.8763511180877686
1.8105504512786865
1.8747992515563965
1.8269038200378418
1.7153735160827637
1.7638816833496094
1.8229501247406006
1.8953495025634766
1.6229815483093262
1.7749838829040527
1.8218262195587158
1.7960820198059082
1.8247222900390625
1.849912166595459
1.6241159439086914
1.6524684429168701
1.6481385231018066
1.8220572471618652
1.7349677085876465
1.6570661067962646
1.8912725448608398
1.6741912364959717
1.775393009185791
1.897045373916626
1.6244721412658691
1.6787574291229248
1.702686071395874
1.673177719116211
1.8393604755401611
1.7730128765106201
1.8091976642608643
1.6578214168548584
1.828831672668457
1.6650795936584473
1.762817621231079
1.6567869186401367
1.718254804611206
1.8745594024658203
1.7517149448394775
1.8503568172454834
1.6740097999572754
1.7315335273742676
1.6187140941619873
1.6974260807037354
1.8289859294891357
1.6649928092956543
1.6941499710083008
1.728623390197754
1.615419864654541
1.6200411319732666
1.861271858215332
1.6132078170776367
1.7221648693084717
1.8498098850250244
1.8124604225158691
1.6798694133758545
1.667419672012329
1.7069175243377686
1.7826650142669678
1.6536731719970703
1.7071523666381836
1.8753459453582764
1.616788625717163
1.8761746883392334
1.7944796085357666
1.6993725299835205
1.7433907985687256
1.645890235900879
1.6745586395263672
1.8922648429870605
1.7669041156768799
1.8569719791412354
1.8291068077087402
1.798696756362915
1.738274335861206
1.8687667846679688
1.7319579124450684
1.6925549507141113
1.8202905654907227
1.652369737625122
1.7066876888275146
1.8659751415252686
1.6714153289794922
1.6969313621520996
1.7308053970336914
1.6044964790344238
1.6732912063598633
1.817594051361084
1.7883634567260742
1.8135817050933838
1.7431275844573975
1.875354290008545
1.6122992038726807
1.6807184219360352
1.6726305484771729
1.794013261795044
1.8296043872833252
1.7699477672576904
1.6112661361694336
1.8029677867889404
1.8087196350097656
1.6131372451782227
1.832319974899292
1.7086060047149658
1.6721248626708984
1.6162221431732178
1.80924391746521
1.6224677562713623
1.7337884902954102
1.782945156097412
1.6408820152282715
1.7926006317138672
1.7327098846435547
1.8741297721862793
1.624725341796875
1.8377549648284912
1.693634271621704
1.7533235549926758
1.860609531402588
1.8334121704101562
1.60917329788208
1.714505910873413
1.6512565612792969
1.868896722793579
1.8576714992523193
1.8437063694000244
1.6863021850585938
1.6206436157226562
1.823179006576538
1.6982362270355225
1.6988892555236816
1.8994574546813965
1.9026451110839844
1.856529712677002
1.6828563213348389
1.6697368621826172
1.8022990226745605
1.7442455291748047
1.6167209148406982
1.6213757991790771
1.8247506618499756
1.7357289791107178
1.846982479095459
1.6119070053100586
1.6568353176116943
1.7391772270202637
1.7623257637023926
1.8680641651153564
1.7769060134887695
1.8551297187805176
1.636035442352295
1.9043898582458496
1.8963606357574463
1.8466620445251465
1.8014626502990723
1.6674933433532715
1.7248814105987549
1.6634061336517334
1.9025604724884033
1.8096985816955566
1.821953296661377
1.7953417301177979
1.6509904861450195
1.9019834995269775
1.8948843479156494
1.8391222953796387
1.6406731605529785
1.855393648147583
1.6467411518096924
1.7320287227630615
1.6178927421569824
1.7043800354003906
1.7260775566101074
1.6491179466247559
1.6659367084503174
1.816612958908081
1.7616961002349854
1.6979095935821533
1.7087123394012451
1.6267988681793213
1.7069401741027832
1.8724820613861084
1.854877233505249
1.604255199432373
1.689749002456665
1.885396957397461
1.660775899887085
1.83439040184021
1.8432354927062988
1.829432725906372
1.8404099941253662
1.8751740455627441
1.8189427852630615
1.7208776473999023
1.8961167335510254
1.6907308101654053
1.813735008239746
1.787947416305542
1.629878282546997
1.7348148822784424
1.6492500305175781
1.8625118732452393
1.6818058490753174
1.635988473892212
1.8610634803771973
1.775832176208496
1.8506782054901123
1.7291476726531982
1.7169017791748047
1.758617639541626
1.8850758075714111
1.77054762840271
1.8490283489227295
1.6816859245300293
1.769272804260254
1.8281974792480469
1.640024185180664
1.7964987754821777
1.6548702716827393
1.841529130935669
1.8149051666259766
1.6491870880126953
1.8762130737304688
1.6676132678985596
1.6429002285003662
1.8096323013305664
1.7771022319793701
1.8173370361328125
1.773791790008545
1.8396244049072266
1.8814103603363037
1.897038459777832
1.7215688228607178
1.6936354637145996
1.637094497680664
1.8710145950317383
1.869319200515747
1.8253569602966309
1.8886990547180176
1.882084608078003
1.707921028137207
1.6205096244812012
1.7061669826507568
1.8229498863220215
1.784498691558838
1.8955416679382324
1.817258596420288
1.780388355255127
1.7077913284301758
1.712634801864624
1.8040554523468018
1.7819266319274902
1.7386188507080078
1.7734959125518799
1.6796321868896484
1.7427916526794434
1.718674659729004
1.8249399662017822
1.6231341361999512
1.8352012634277344
1.67295503616333
1.8680882453918457
1.8993637561798096
1.7856600284576416
1.8743131160736084
1.7364757061004639
1.851616382598877
1.7479093074798584
1.6687040328979492
1.6446261405944824
1.6332342624664307
1.6685199737548828
1.7620258331298828
1.7091739177703857
1.6847560405731201
1.8551709651947021
1.8911206722259521
1.7140207290649414
1.6223304271697998
1.8812799453735352
1.6683375835418701
1.9031574726104736
1.674229621887207
1.6927425861358643
1.6164493560791016
1.792875051498413
1.703442096710205
1.8973448276519775
1.733405590057373
1.6952793598175049
1.690218448638916
1.8713855743408203
1.7383203506469727
1.8404333591461182
1.6345813274383545
