0.9112851619720459
1.0096328258514404
1.117281198501587
1.072166919708252
0.9530212879180908
0.9230244159698486
0.8768701553344727
1.0484352111816406
1.0458283424377441
1.1161041259765625
1.1513128280639648
1.0281727313995361
0.8944087028503418
0.9778885841369629
1.0934898853302002
0.9651839733123779
1.1539673805236816
0.8680381774902344
1.1230900287628174
0.8975062370300293
1.1022520065307617
0.9412679672241211
1.1225581169128418
0.8976545333862305
0.9993653297424316
1.0343778133392334
1.128650188446045
0.9342448711395264
1.0885980129241943
1.0270066261291504
1.1208224296569824
0.8622345924377441
0.962061882019043
1.1516942977905273
0.8988723754882812
1.0923168659210205
1.069584608078003
1.1417717933654785
1.012113094329834
0.8963718414306641
0.971954345703125
1.0828607082366943
1.0581610202789307
1.0275633335113525
0.9843614101409912
1.1282551288604736
1.1389400959014893
0.8786182403564453
1.0655155181884766
1.1379992961883545
1.131941318511963
1.0518312454223633
0.9891853332519531
0.9804403781890869
0.9287197589874268
0.8816497325897217
0.9728438854217529
0.8915801048278809
0.9176082611083984
0.9985153675079346
1.068824291229248
1.0936167240142822
1.0099422931671143
0.9474601745605469
1.0260975360870361
1.1291215419769287
0.9129879474639893
1.0579001903533936
0.9764528274536133
0.8941633701324463
1.106541633605957
1.0966637134552002
0.9019699096679688
1.0444602966308594
1.1492457389831543
1.118943691253662
0.8969380855560303
1.05255126953125
0.8716471195220947
1.0399749279022217
0.948091983795166
0.8548378944396973
1.0471785068511963
1.027876615524292
1.0113015174865723
1.0203273296356201
1.059865951538086
1.0392978191375732
1.148024082183838
0.8696479797363281
0.9754993915557861
1.020510196685791
0.9528121948242188
0.9040656089782715
1.0899152755737305
0.9968268871307373
1.0431230068206787
0.8841252326965332
0.9215829372406006
1.0528059005737305
1.0033543109893799
1.0584626197814941
1.0858170986175537
0.9553854465484619
1.055077075958252
1.0231125354766846
1.0524916648864746
1.1426823139190674
0.8666665554046631
1.0001049041748047
0.9937257766723633
0.9579784870147705
1.0086948871612549
1.1360712051391602
0.8636739253997803
1.0211303234100342
1.1164674758911133
1.038388967514038
1.1504368782043457
1.106175422668457
0.9224269390106201
0.9792234897613525
1.1390128135681152
1.1151514053344727
0.9493560791015625
1.0973942279815674
0.978419303894043
1.0302910804748535
0.9246466159820557
0.9964609146118164
0.9018850326538086
1.0457251071929932
1.087015151977539
1.1226832866668701
0.9036540985107422
0.9383909702301025
0.9216983318328857
0.9818487167358398
0.8570547103881836
1.1098079681396484
0.9982028007507324
0.9341335296630859
0.9673256874084473
0.8683271408081055
1.1164343357086182
1.0268023014068604
0.9548256397247314
1.0435516834259033
1.035987138748169
1.0900890827178955
1.0029540061950684
0.8654506206512451
0.9215993881225586
0.8940587043762207
0.8589663505554199
0.9069042205810547
0.9026651382446289
0.937950611114502
0.8982608318328857
1.0568623542785645
1.0388782024383545
0.8794896602630615
0.9267382621765137
0.9801080226898193
0.8628833293914795
1.0881140232086182
0.9905672073364258
1.0627481937408447
0.9956622123718262
1.0680029392242432
1.0667669773101807
1.098022699356079
0.9378466606140137
1.0516176223754883
1.082864761352539
1.078763723373413
0.9250216484069824
1.0661675930023193
1.0346591472625732
1.113727331161499
0.9334087371826172
0.9116294384002686
1.0581679344177246
1.0289108753204346
1.0047008991241455
0.8781373500823975
1.1465294361114502
0.9063408374786377
1.0499424934387207
0.9664597511291504
1.0714974403381348
0.9194164276123047
0.8752803802490234
0.9681301116943359
0.8738176822662354
1.0105209350585938
0.9504191875457764
0.929419994354248
1.0051100254058838
0.8653144836425781
1.092465877532959
1.0191714763641357
0.9348838329315186
0.9933104515075684
1.1480653285980225
0.9267582893371582
0.9848461151123047
1.0289418697357178
0.9225544929504395
1.1001100540161133
1.0895211696624756
1.1542706489562988
1.054044246673584
1.0385353565216064
1.1183719635009766
1.0677282810211182
1.0680441856384277
0.8997786045074463
0.8623459339141846
0.9596943855285645
0.8995921611785889
0.8582110404968262
1.1227247714996338
1.0523490905761719
1.0043447017669678
1.1199445724487305
1.0997850894927979
1.050440788269043
1.015413522720337
1.1275465488433838
1.0409996509552002
0.9835762977600098
1.072300672531128
1.1021595001220703
1.0311908721923828
1.0789809226989746
1.0031750202178955
0.8881285190582275
0.8659863471984863
1.0920672416687012
1.1287345886230469
1.024195909500122
0.9100878238677979
1.130406379699707
1.0851428508758545
0.9183473587036133
0.9747300148010254
1.0746777057647705
1.0343544483184814
1.0245325565338135
1.1544814109802246
1.1150383949279785
1.0535852909088135
1.147418737411499
0.9455175399780273
0.8665201663970947
1.0083186626434326
0.9450433254241943
0.9082632064819336
1.1334655284881592
0.9010019302368164
0.949737548828125
1.1074411869049072
0.8681604862213135
1.1365227699279785
1.082002878189087
0.885361909866333
0.9724128246307373
1.0535492897033691
1.0532941818237305
0.9147155284881592
0.898810625076294
1.0962083339691162
1.0186984539031982
0.9878189563751221
0.9197604656219482
1.0427629947662354
1.0275352001190186
0.9318861961364746
1.0857725143432617
0.9756088256835938
0.851771354675293
0.9159090518951416
1.082496166229248
1.0700597763061523
0.8730897903442383
1.0208029747009277
1.0844824314117432
0.9988148212432861
1.0701286792755127
1.0934429168701172
1.0518314838409424
1.1236581802368164
0.9832806587219238
1.0492351055145264
1.0718142986297607
1.064570665359497
0.8643276691436768
0.9961018562316895
0.9417929649353027
1.035205602645874
1.0662891864776611
0.8725242614746094
1.0993592739105225
1.0376331806182861
1.1273117065429688
1.0086698532104492
0.9636812210083008
1.1112313270568848
1.0670812129974365
0.88865065574646
0.987485408782959
1.112032413482666
0.9481136798858643
0.9896848201751709
0.9671871662139893
0.9125635623931885
0.9569292068481445
1.0642049312591553
1.094188928604126
0.9016108512878418
0.8812878131866455
1.1265923976898193
0.9013609886169434
1.0633344650268555
1.0173933506011963
0.8868045806884766
1.131089210510254
1.0082767009735107
0.9373621940612793
1.0676708221435547
0.9295251369476318
1.0982658863067627
1.1086151599884033
1.1460304260253906
0.9074790477752686
1.061234474182129
1.0029997825622559
0.8659470081329346
1.04194974899292
0.9235608577728271
0.9011931419372559
1.084094524383545
0.935814380645752
0.8656506538391113
0.9694705009460449
0.8829469680786133
0.9788374900817871
1.0423595905303955
0.9529933929443359
1.121478796005249
0.8844523429870605
0.9005234241485596
0.9008188247680664
1.044792890548706
1.1450912952423096
0.9295375347137451
0.993933916091919
0.884030818939209
1.0304481983184814
1.022517204284668
0.946110725402832
1.1159000396728516
0.9739127159118652
0.8973958492279053
1.1315500736236572
1.1357827186584473
0.8794088363647461
1.0339102745056152
0.8608207702636719
1.0557093620300293
1.0362670421600342
1.0318758487701416
1.1252527236938477
1.0869197845458984
0.938953161239624
0.8723993301391602
1.000972032546997
1.0054988861083984
1.1036796569824219
1.0465779304504395
1.087383508682251
0.9790811538696289
0.9787135124206543
0.9646894931793213
1.1239471435546875
1.1068463325500488
0.8558688163757324
1.104344129562378
0.9384891986846924
0.9444184303283691
0.9859256744384766
1.1343419551849365
1.1186342239379883
1.047393798828125
1.0526976585388184
0.8832006454467773
1.0251338481903076
1.1474401950836182
1.073671579360962
0.9163203239440918
1.0300748348236084
1.028810977935791
0.9086511135101318
1.0405983924865723
1.0498614311218262
0.9594168663024902
1.148857831954956
1.005631923675537
0.9924724102020264
0.976088285446167
1.1507208347320557
1.075981855392456
0.9325742721557617
1.1019928455352783
0.9505226612091064
1.1197185516357422
1.0691454410552979
1.106158971786499
1.0843253135681152
0.9548251628875732
0.9961836338043213
1.021937370300293
1.1060843467712402
0.9972257614135742
1.0287156105041504
1.063584327697754
0.9902443885803223
1.0232224464416504
1.1112391948699951
0.8924472332000732
0.9491543769836426
0.9907269477844238
1.1013920307159424
0.9466776847839355
1.1451160907745361
1.0067782402038574
1.04305100440979
1.111694097518921
0.852459192276001
1.1488232612609863
1.016502857208252
0.9368875026702881
0.9937193393707275
0.8671033382415771
0.9932222366333008
1.140510082244873
0.8692245483398438
1.1460461616516113
1.0371530055999756
0.8726973533630371
1.0422554016113281
0.9827947616577148
0.9613494873046875
1.0006005764007568
1.0322115421295166
0.9727261066436768
1.104767084121704
1.0171151161193848
0.9046082496643066
1.0066404342651367
0.9777791500091553
1.124192476272583
1.154841661453247
1.1444091796875
1.0993082523345947
1.0358672142028809
1.0588650703430176
0.8669850826263428
1.0826127529144287
1.0573382377624512
0.9321362972259521
0.9595413208007812
1.0064418315887451
1.1536791324615479
1.035719394683838
0.8535542488098145
0.9172277450561523
0.9228167533874512
1.097027063369751
1.1480085849761963
1.0989806652069092
0.9283425807952881
1.079202651977539
0.8991398811340332
1.0732414722442627
1.0965301990509033
0.8930556774139404
0.9883344173431396
1.106560230255127
1.086294412612915
0.9608767032623291
1.0877726078033447
1.067040205001831
1.1198413372039795
0.8577768802642822
0.9506807327270508
1.0886564254760742
0.9205806255340576
1.0648431777954102
0.868485689163208
