0.8992409706115723
0.940467119216919
1.1233515739440918
0.7838218212127686
1.2200212478637695
1.1934683322906494
0.938617467880249
1.1022965908050537
1.1860160827636719
1.1328420639038086
0.8862364292144775
0.901313304901123
0.9037203788757324
0.9127426147460938
0.7929167747497559
0.9196062088012695
1.147118091583252
0.9245028495788574
1.2519490718841553
1.1630399227142334
0.8333899974822998
0.9435341358184814
1.181790828704834
0.9246363639831543
1.0171761512756348
0.9711723327636719
0.975341796875
0.920820951461792
1.1436946392059326
0.9702646732330322
0.8445191383361816
0.8584921360015869
1.1283960342407227
0.9403173923492432
0.8814296722412109
0.9492940902709961
0.8794600963592529
1.1702609062194824
0.9436488151550293
0.88002610206604
0.8770642280578613
0.8559887409210205
0.9374656677246094
0.9083044528961182
0.9342899322509766
0.808814525604248
0.9838333129882812
0.8797507286071777
0.8952393531799316
0.9111244678497314
0.9497737884521484
0.9198615550994873
0.8020610809326172
1.2190308570861816
0.8492348194122314
0.8406476974487305
0.9422366619110107
0.7804646492004395
1.238307237625122
0.9086747169494629
0.9527585506439209
1.137742280960083
0.7516090869903564
1.215864658355713
0.8295102119445801
0.7830603122711182
0.9045982360839844
1.0516109466552734
0.7742912769317627
1.1302595138549805
1.0462150573730469
1.135810136795044
0.8853969573974609
1.1070897579193115
1.0974383354187012
1.1289305686950684
0.9986190795898438
1.249983787536621
0.806814432144165
0.7572600841522217
1.008894443511963
1.1208600997924805
1.0871906280517578
1.0137689113616943
1.0198826789855957
1.2324888706207275
0.8059604167938232
0.8355836868286133
0.9654560089111328
0.7648358345031738
0.8302547931671143
0.8748049736022949
1.2106313705444336
0.7527956962585449
1.042146921157837
0.9880239963531494
1.1753590106964111
1.1718361377716064
1.014294147491455
0.8143503665924072
1.2277719974517822
1.095707893371582
1.1296193599700928
0.9303619861602783
0.9752147197723389
0.9424519538879395
1.084333896636963
1.0264031887054443
1.0246002674102783
1.1835126876831055
0.8774576187133789
1.2157857418060303
0.7567665576934814
1.1711268424987793
0.7843754291534424
0.9052579402923584
0.9200704097747803
1.026230812072754
0.7940545082092285
1.0770490169525146
1.063208818435669
1.1267108917236328
0.875370979309082
0.9092531204223633
1.1785132884979248
1.0338046550750732
1.1533563137054443
0.9093296527862549
1.1380970478057861
1.2167127132415771
0.8083300590515137
1.098679542541504
1.183760166168213
0.8487186431884766
0.8772053718566895
0.8306729793548584
0.7846310138702393
1.1844403743743896
0.8756248950958252
0.956918478012085
1.1528434753417969
0.801905632019043
1.027205228805542
1.0425529479980469
1.066882610321045
0.7692115306854248
0.7766087055206299
0.9415566921234131
1.0949656963348389
0.7881162166595459
1.0679106712341309
0.9369516372680664
0.8678774833679199
1.2036707401275635
0.8348867893218994
0.9330580234527588
1.0146710872650146
0.8036093711853027
1.1246068477630615
0.7581822872161865
1.0427911281585693
1.2094035148620605
1.1113827228546143
0.9731454849243164
1.149583339691162
1.1915678977966309
0.8366973400115967
0.8760802745819092
1.228825330734253
1.039907455444336
1.084895372390747
0.8374636173248291
1.0860519409179688
1.2423326969146729
1.2458033561706543
0.7795865535736084
1.2158722877502441
1.2142245769500732
0.8949966430664062
0.9277892112731934
0.8244950771331787
0.7581286430358887
1.2213151454925537
0.9430150985717773
0.8118453025817871
0.821054220199585
1.188105821609497
0.9587478637695312
0.7870221138000488
0.880488395690918
1.1280460357666016
1.1454203128814697
0.7598559856414795
0.7614185810089111
1.2121877670288086
1.2189998626708984
1.056788444519043
0.8899393081665039
0.9762663841247559
1.0573012828826904
0.8398468494415283
0.783400297164917
1.0570073127746582
0.8468155860900879
0.8057136535644531
1.1724188327789307
0.7802262306213379
1.236675500869751
1.043414831161499
1.087656021118164
1.1525776386260986
0.8055462837219238
1.2163653373718262
0.7870485782623291
0.7941560745239258
0.7794609069824219
0.9023959636688232
1.2150852680206299
0.8616223335266113
0.9487109184265137
1.191737413406372
0.9409205913543701
0.7897136211395264
0.781151294708252
0.8082418441772461
0.7572610378265381
1.1958799362182617
1.2061972618103027
1.0275750160217285
0.823174238204956
0.897322416305542
0.7804450988769531
0.970818042755127
0.7795026302337646
1.0543396472930908
0.9980263710021973
0.8901352882385254
0.8602218627929688
0.8124291896820068
1.2318124771118164
0.8974971771240234
0.8780992031097412
1.1795029640197754
0.9635276794433594
1.226457118988037
0.9066262245178223
0.8531913757324219
1.0592460632324219
1.2009437084197998
0.8631463050842285
0.7732524871826172
0.8228733539581299
0.909226655960083
1.0469741821289062
1.1212425231933594
0.798839807510376
0.8745684623718262
1.238368272781372
1.0237751007080078
1.0564160346984863
0.8736891746520996
1.222728967666626
0.871248722076416
1.1481144428253174
0.7857933044433594
0.9842333793640137
1.1089391708374023
0.7993104457855225
1.1077234745025635
0.9757742881774902
1.0398612022399902
1.091456413269043
0.7655167579650879
0.7675936222076416
1.0581762790679932
1.0590589046478271
0.817115068435669
0.8061537742614746
1.083960771560669
1.0883738994598389
0.9077682495117188
1.0435435771942139
1.0573444366455078
0.7848794460296631
1.1491782665252686
0.8941545486450195
0.9831709861755371
0.7875325679779053
0.8875246047973633
0.7789833545684814
0.7782566547393799
1.15470290184021
1.102454662322998
1.2238080501556396
0.889958381652832
1.208390712738037
0.779855489730835
1.0513889789581299
0.7973735332489014
1.0063445568084717
1.1734898090362549
1.2113277912139893
1.1666581630706787
0.878303050994873
1.124415397644043
0.9165918827056885
1.1451642513275146
1.2467436790466309
1.018439769744873
1.23221755027771
1.1996667385101318
1.2074921131134033
0.8736066818237305
0.8490264415740967
0.7747018337249756
1.1279962062835693
0.9611873626708984
0.7620017528533936
0.879427433013916
1.1557483673095703
1.1505951881408691
1.0219042301177979
1.239621877670288
1.1158866882324219
1.1234920024871826
0.9081037044525146
0.9786152839660645
1.2145609855651855
0.9163517951965332
0.9072396755218506
0.7884798049926758
0.9922056198120117
1.0312037467956543
0.9375989437103271
1.0671977996826172
0.8872861862182617
1.1947081089019775
1.0291218757629395
1.007051944732666
0.7930700778961182
0.9373812675476074
1.2227783203125
1.2253267765045166
1.2377433776855469
0.9601445198059082
1.1435754299163818
0.8188552856445312
1.0686149597167969
0.8675496578216553
0.9963412284851074
0.7810378074645996
1.2209367752075195
0.9467499256134033
1.0471501350402832
1.1951477527618408
0.7905933856964111
1.0450024604797363
0.7688398361206055
0.7718613147735596
0.9146382808685303
0.8507990837097168
0.9447791576385498
0.7947714328765869
1.0387520790100098
1.0618534088134766
0.866600513458252
0.9831058979034424
0.7618954181671143
0.8802969455718994
1.2523422241210938
0.8073251247406006
0.8089797496795654
1.2275099754333496
1.0539617538452148
0.8889141082763672
0.8450460433959961
0.9051389694213867
1.1452786922454834
1.031445026397705
1.0662224292755127
1.0460052490234375
0.937697172164917
1.1483733654022217
0.9077913761138916
0.8552384376525879
0.7736361026763916
1.0471725463867188
1.0070621967315674
1.2287216186523438
0.852496862411499
1.0902929306030273
0.8120822906494141
1.008375883102417
1.1308364868164062
0.8646349906921387
1.007133960723877
0.8759875297546387
0.9699993133544922
1.1977989673614502
0.8186235427856445
1.0834400653839111
1.220383882522583
1.1679532527923584
1.107675552368164
1.1460974216461182
1.0537889003753662
1.2467031478881836
1.0049867630004883
0.9938516616821289
0.8096930980682373
0.9878921508789062
0.8590929508209229
0.8612282276153564
0.8315904140472412
1.020857334136963
1.1336920261383057
0.9527394771575928
0.764453649520874
0.962296724319458
1.0542755126953125
0.8608033657073975
1.0790345668792725
1.0497784614562988
0.7828621864318848
1.1345751285552979
0.7975096702575684
1.2238564491271973
1.0992980003356934
0.8101000785827637
1.2508838176727295
0.7846903800964355
1.0900540351867676
1.0969572067260742
0.845942497253418
0.7624125480651855
0.9409093856811523
1.179816484451294
0.7910213470458984
1.1530132293701172
0.975409984588623
0.8829953670501709
0.8708240985870361
0.8765552043914795
0.8577592372894287
1.0064449310302734
1.2392451763153076
0.8025896549224854
0.8273921012878418
0.7702162265777588
1.065690517425537
0.8732161521911621
1.099222183227539
0.9701521396636963
0.9894037246704102
1.2443671226501465
0.8975939750671387
0.7589385509490967
1.0673401355743408
0.8280246257781982
0.9103219509124756
1.0358924865722656
1.0712649822235107
1.0783193111419678
1.114285945892334
1.1634767055511475
1.1626718044281006
0.9179034233093262
0.8867659568786621
1.1579203605651855
1.0508933067321777
0.9729588031768799
1.2221238613128662
1.041046380996704
1.146284580230713
0.9547848701477051
0.9264993667602539
0.7740800380706787
0.8037774562835693
1.0928847789764404
0.8667001724243164
1.0298311710357666
1.046208143234253
1.0541162490844727
1.0135400295257568
0.8240470886230469
0.8716602325439453
1.0793159008026123
1.1111698150634766
1.1333651542663574
0.9015734195709229
1.0270142555236816
0.8434007167816162
0.9877612590789795
1.1403608322143555
0.817258358001709
0.9840178489685059
0.9851241111755371
1.0140674114227295
0.9728987216949463
0.7560195922851562
0.9298734664916992
1.1178553104400635
1.1880769729614258
1.0922343730926514
0.9310057163238525
0.9797935485839844
0.8055312633514404
0.8098413944244385
0.8838033676147461
1.2348897457122803
0.7958483695983887
1.1913764476776123
0.9195375442504883
1.162109375
1.0180189609527588
0.8164477348327637
1.1602506637573242
1.0162937641143799
0.9666321277618408
1.1798253059387207
1.0466845035552979
1.1763148307800293
0.8028829097747803
1.188171148300171
0.8756515979766846
1.113241195678711
0.7604436874389648
1.182055950164795
1.1863937377929688
0.9827558994293213
0.8614981174468994
0.9263875484466553
0.8480420112609863
0.78047776222229
1.117448091506958
1.237555742263794
0.8522179126739502
0.851574182510376
0.8418540954589844
0.8865249156951904
1.0950472354888916
1.1495912075042725
1.2083916664123535
0.9694657325744629
0.7898805141448975
0.9877161979675293
1.0001246929168701
0.9916503429412842
0.8787808418273926
1.0106477737426758
0.8416755199432373
0.9169092178344727
0.7705593109130859
1.2040538787841797
0.8686685562133789
1.1489381790161133
0.9055502414703369
0.7826628684997559
0.9013123512268066
0.8036026954650879
0.8366320133209229
0.973121166229248
1.0750370025634766
0.965670108795166
0.8225841522216797
1.194352388381958
1.17191743850708
1.2573823928833008
1.0933208465576172
0.7646143436431885
0.7809915542602539
1.0220487117767334
1.1312406063079834
1.1173005104064941
1.0155508518218994
0.9165482521057129
1.027949571609497
0.9438643455505371
0.9040937423706055
0.7847733497619629
1.0025098323822021
1.1664578914642334
0.9948475360870361
1.1161677837371826
0.9885413646697998
1.1284801959991455
0.7756063938140869
1.2210559844970703
0.7977030277252197
1.1578452587127686
0.829031229019165
1.0408833026885986
1.2214620113372803
1.1291289329528809
1.0242087841033936
1.1358470916748047
0.8809914588928223
1.0825212001800537
0.9149265289306641
1.1015126705169678
0.8783152103424072
0.9806137084960938
0.8647983074188232
1.0455586910247803
1.2341232299804688
1.079047679901123
1.027005910873413
0.763892650604248
0.8621196746826172
0.9390347003936768
1.1748251914978027
1.146435260772705
1.183253526687622
0.7976102828979492
1.174396276473999
1.1425316333770752
1.1747708320617676
1.231320858001709
0.8467762470245361
0.9163730144500732
0.8019869327545166
1.0296549797058105
0.9435176849365234
0.9869530200958252
1.1731584072113037
0.7809276580810547
1.036848783493042
0.9723279476165771
0.892894983291626
0.8214781284332275
0.9671273231506348
0.9040212631225586
0.9267654418945312
0.873511791229248
1.2429754734039307
1.24582839012146
0.974529504776001
0.8740024566650391
0.8404779434204102
1.0834760665893555
0.9458732604980469
0.8180639743804932
0.9341585636138916
1.1619939804077148
1.043623685836792
1.0325639247894287
1.057471513748169
0.8206815719604492
0.9291994571685791
0.9604978561401367
0.8045501708984375
1.0513665676116943
0.8613884449005127
0.892333984375
1.1556096076965332
0.83123779296875
1.0858056545257568
1.2373967170715332
0.8766312599182129
1.1689050197601318
1.1841473579406738
1.106369972229004
0.7676589488983154
0.8585410118103027
1.22609281539917
1.1200861930847168
0.8947751522064209
0.7957916259765625
0.9520125389099121
1.232311725616455
1.0096888542175293
0.7550878524780273
0.7665443420410156
1.2417047023773193
0.8076272010803223
1.0248770713806152
1.1450331211090088
0.7819123268127441
1.1125495433807373
1.2564640045166016
1.0750463008880615
1.0680606365203857
0.7641863822937012
0.9723598957061768
0.9468741416931152
1.0697331428527832
1.2485804557800293
1.1952815055847168
1.1538705825805664
0.9808826446533203
1.1803998947143555
1.0296757221221924
1.0714526176452637
0.7985274791717529
0.9691390991210938
1.0476186275482178
0.768751859664917
1.205336093902588
1.0003671646118164
0.8691418170928955
0.8051915168762207
1.1001501083374023
1.144639253616333
1.2296643257141113
1.2383708953857422
0.9094617366790771
1.2213327884674072
0.9792900085449219
1.2175102233886719
0.9251277446746826
1.1968681812286377
1.026256799697876
1.0531840324401855
1.1849093437194824
0.8397784233093262
1.0056495666503906
0.8456780910491943
0.7634532451629639
0.7935333251953125
0.9452419281005859
1.2201008796691895
1.1995112895965576
1.0289146900177002
1.0578172206878662
1.073603630065918
1.167187213897705
1.1739006042480469
1.1594572067260742
1.236661672592163
0.7553050518035889
0.9555251598358154
0.7958822250366211
0.9336912631988525
1.1337976455688477
0.9230406284332275
1.130401611328125
0.9564332962036133
0.8059487342834473
1.126906156539917
1.228039026260376
0.7661640644073486
0.8371560573577881
1.156301736831665
0.9791488647460938
0.9140479564666748
0.8619000911712646
1.0882296562194824
0.9683759212493896
1.0772345066070557
1.0235967636108398
0.8587329387664795
0.9747464656829834
1.1379585266113281
1.226818561553955
1.2443718910217285
1.0821075439453125
1.144594430923462
0.9508352279663086
0.7846682071685791
1.231234073638916
0.9055442810058594
1.0072717666625977
0.9617886543273926
1.104940414428711
0.808821439743042
0.9929666519165039
0.7923018932342529
0.9907116889953613
0.9297144412994385
0.7812652587890625
0.9064602851867676
1.096487045288086
1.0160267353057861
0.884784460067749
1.0185117721557617
0.881746768951416
0.8214056491851807
0.7599632740020752
0.8081264495849609
1.2184991836547852
0.8403222560882568
1.055002212524414
0.9320852756500244
1.072845458984375
1.221703052520752
0.8578941822052002
1.177856206893921
0.8760170936584473
0.899540901184082
0.9546103477478027
0.8315422534942627
1.0013761520385742
1.0117995738983154
1.058786153793335
1.181178092956543
1.1628518104553223
0.9811258316040039
1.0607233047485352
1.0812695026397705
1.2142815589904785
0.9399640560150146
1.0493013858795166
0.7978980541229248
0.7830188274383545
0.9085347652435303
0.7888216972351074
1.1202495098114014
0.9396839141845703
1.2301688194274902
0.8518846035003662
0.8559846878051758
0.8446576595306396
1.1518990993499756
1.0568864345550537
1.064342737197876
1.211613416671753
1.1238281726837158
0.9614212512969971
1.0546026229858398
0.9755499362945557
1.0850720405578613
1.095031976699829
0.8894762992858887
1.216097116470337
0.8148832321166992
1.0899996757507324
1.0154962539672852
0.8687896728515625
0.8449926376342773
0.8509187698364258
1.1258738040924072
0.9036421775817871
1.2249760627746582
1.016552209854126
0.9904730319976807
1.1523082256317139
0.8316168785095215
1.0891954898834229
0.7693352699279785
0.8960137367248535
1.1957082748413086
0.8613917827606201
0.9711792469024658
1.1433947086334229
1.076610803604126
0.9957797527313232
0.9550845623016357
0.8356375694274902
1.007080078125
1.1725964546203613
1.2545619010925293
1.0625884532928467
0.8649072647094727
1.165705680847168
0.9895994663238525
0.80942702293396
0.7900114059448242
0.828486442565918
1.0308215618133545
0.9947178363800049
0.9950048923492432
0.9992296695709229
0.9605309963226318
0.8151853084564209
0.9813399314880371
1.2560210227966309
0.9766392707824707
1.1479082107543945
0.9962687492370605
0.7791047096252441
0.8582251071929932
0.9235577583312988
1.08760404586792
1.1798479557037354
0.9237303733825684
0.8171253204345703
1.0647509098052979
0.9814453125
0.9493491649627686
1.1431267261505127
0.8637995719909668
0.903205394744873
1.1038661003112793
1.0332527160644531
0.9971847534179688
0.8915305137634277
1.0922796726226807
1.2034122943878174
1.0422892570495605
1.0400817394256592
0.9536702632904053
0.9113678932189941
0.7671570777893066
0.8612473011016846
1.0937936305999756
0.8498013019561768
0.8812754154205322
0.8271298408508301
1.084930419921875
0.785203218460083
1.150864601135254
0.8652758598327637
0.7589869499206543
1.100450038909912
1.2033581733703613
1.1642377376556396
0.8759200572967529
1.0095422267913818
1.0272345542907715
1.1205551624298096
1.1478524208068848
0.9477415084838867
1.0006904602050781
0.9106104373931885
0.7681739330291748
1.0498158931732178
0.7883718013763428
1.149907112121582
0.9762177467346191
0.8731036186218262
0.8581037521362305
0.9250655174255371
1.1033978462219238
1.1634085178375244
1.1990480422973633
0.9257237911224365
0.8741312026977539
1.224121332168579
1.236647129058838
1.174537181854248
1.0457274913787842
0.9867851734161377
0.897430419921875
0.8803348541259766
0.9262523651123047
1.0178165435791016
1.1918609142303467
0.9237561225891113
1.1177637577056885
1.0144414901733398
1.1295421123504639
0.8624739646911621
0.8649141788482666
0.9517672061920166
0.9625120162963867
1.1380031108856201
1.1809706687927246
1.1062023639678955
0.8403856754302979
0.8127968311309814
0.9781496524810791
1.2030372619628906
0.9893035888671875
0.8116714954376221
1.1713919639587402
0.9770286083221436
1.1696140766143799
0.9241585731506348
0.8940920829772949
1.183845043182373
0.9310104846954346
0.9885292053222656
1.025122880935669
1.0931501388549805
1.0615684986114502
1.111595630645752
0.9072067737579346
0.8266298770904541
0.9282772541046143
0.8533296585083008
0.9693915843963623
0.7630341053009033
1.1198115348815918
0.7932629585266113
1.1008803844451904
1.2094357013702393
1.2161974906921387
0.7717885971069336
0.8473474979400635
0.9844965934753418
0.8803513050079346
0.7547650337219238
1.0564796924591064
0.8182203769683838
0.7837047576904297
0.8257691860198975
1.0165326595306396
0.8078434467315674
0.8443617820739746
0.9189691543579102
0.9978857040405273
1.1538681983947754
0.7939877510070801
1.1758882999420166
0.847581148147583
0.8943912982940674
0.84261155128479
1.176105260848999
1.1258106231689453
1.0138099193572998
0.9564292430877686
0.9258608818054199
1.0269980430603027
0.9207489490509033
0.8727750778198242
1.1177072525024414
0.8579320907592773
0.959282636642456
1.0036916732788086
0.8586385250091553
1.2525486946105957
1.1745476722717285
0.9567174911499023
