2.147686719894409
2.2832224369049072
2.045640707015991
2.4482626914978027
2.161156415939331
2.3621373176574707
2.379990816116333
2.1603901386260986
2.472621440887451
2.311070680618286
2.468003988265991
2.3911585807800293
2.3098464012145996
2.2045674324035645
2.011190414428711
2.2306642532348633
2.4922237396240234
2.3108556270599365
2.3824806213378906
2.1162779331207275
2.0069997310638428
2.0419528484344482
2.422002077102661
2.160301685333252
2.4682250022888184
2.0262796878814697
2.467630624771118
2.012646198272705
2.022799491882324
2.413017749786377
2.357759475708008
2.0674846172332764
2.026383638381958
2.3114399909973145
2.2838573455810547
2.2537598609924316
2.435119867324829
2.191962957382202
2.1387438774108887
2.353123188018799
2.454627513885498
2.4078989028930664
2.329436779022217
2.263401508331299
2.0941243171691895
2.366837978363037
2.421008348464966
2.1311237812042236
2.3466532230377197
2.4215478897094727
2.3435652256011963
2.4221224784851074
2.504483938217163
2.079853057861328
2.426433563232422
2.2544562816619873
2.1922991275787354
2.038912296295166
2.3055500984191895
2.2763795852661133
2.0669381618499756
2.1802215576171875
2.4366822242736816
2.442323923110962
2.283534288406372
2.0141139030456543
2.3766093254089355
2.2482821941375732
2.3396503925323486
2.0097925662994385
2.309227705001831
2.4768500328063965
