2.345670223236084
2.578368663787842
2.5819814205169678
2.5439670085906982
2.4793829917907715
2.5698509216308594
2.3322057723999023
2.4461028575897217
2.6506972312927246
2.548506736755371
2.5132319927215576
2.5087006092071533
2.6983084678649902
2.3063690662384033
2.4994518756866455
2.3396379947662354
2.267580032348633
2.330770492553711
2.3188467025756836
2.4403469562530518
2.624582529067993
2.3477909564971924
2.4536781311035156
2.4046034812927246
2.4484012126922607
2.6692285537719727
2.4564032554626465
2.372901201248169
2.3936586380004883
2.709054946899414
2.7505319118499756
2.6101579666137695
2.6961846351623535
2.6862246990203857
2.5786805152893066
2.4105212688446045
2.302811622619629
2.5343406200408936
2.604919910430908
2.542553186416626
2.299010992050171
2.3776674270629883
2.387857437133789
2.6496129035949707
2.2864930629730225
2.716704845428467
2.742051362991333
2.448032855987549
2.729661464691162
2.2615699768066406
2.531733751296997
2.388767957687378
2.6080381870269775
2.639787435531616
2.6212453842163086
2.3905141353607178
2.3821358680725098
2.3091280460357666
2.532665729522705
2.73163104057312
2.2958226203918457
2.4636709690093994
2.4276845455169678
2.3092944622039795
2.531067371368408
2.7013213634490967
2.404308319091797
2.403569459915161
2.6436972618103027
2.7482833862304688
2.676419496536255
2.716015338897705
2.598520278930664
2.5388948917388916
2.4714832305908203
2.3941800594329834
2.3756580352783203
2.7406342029571533
2.626918315887451
2.668344259262085
2.3385488986968994
2.4802870750427246
2.4487321376800537
2.459949254989624
2.260875701904297
2.568641424179077
2.3413851261138916
2.441818952560425
2.657062292098999
2.4179975986480713
2.3022444248199463
2.719527006149292
2.382948160171509
2.439516544342041
2.399592399597168
2.367964029312134
2.334482431411743
2.7241806983947754
2.4298627376556396
2.5260283946990967
2.319645404815674
2.5186233520507812
2.302222728729248
2.7477564811706543
2.6880829334259033
2.67434024810791
2.3017659187316895
2.355529546737671
2.268784523010254
2.667271375656128
2.467674493789673
2.36857008934021
2.3224377632141113
2.3619635105133057
2.6446871757507324
2.403242349624634
2.271836042404175
2.3043177127838135
2.4578452110290527
2.609907627105713
2.5880839824676514
2.4206347465515137
2.51223087310791
2.700531244277954
2.303558588027954
2.559180498123169
2.4036195278167725
2.5770621299743652
2.664834976196289
2.4491145610809326
2.706268310546875
2.45115327835083
2.434492349624634
2.35233473777771
2.5884439945220947
2.5680062770843506
2.3613357543945312
2.59502911567688
2.5724658966064453
2.3769397735595703
2.6145012378692627
2.2941112518310547
2.3878660202026367
2.4289865493774414
2.4718947410583496
2.316939353942871
2.259974956512451
2.726041793823242
2.639644145965576
2.5291056632995605
2.608499765396118
2.2556259632110596
2.2645325660705566
2.4664158821105957
2.3909571170806885
2.475189685821533
2.7269039154052734
2.7314605712890625
2.700080156326294
2.7043566703796387
2.396312952041626
2.6964306831359863
2.282764434814453
2.585852861404419
2.6982266902923584
2.668665647506714
2.6290650367736816
2.326296091079712
2.6537153720855713
2.3092989921569824
2.330540657043457
2.414787769317627
2.719801902770996
2.3676414489746094
2.6385152339935303
2.6425256729125977
2.5516273975372314
2.6502158641815186
2.468156576156616
2.6318492889404297
2.346562147140503
2.477949380874634
2.5856783390045166
2.4465627670288086
2.479872703552246
2.3803176879882812
2.351072311401367
2.578738212585449
2.726459503173828
2.574713706970215
2.618804693222046
2.5232841968536377
2.350156307220459
2.5613760948181152
2.255847215652466
2.658782958984375
2.336390972137451
2.3395588397979736
2.4604949951171875
2.385242223739624
2.261713743209839
2.6100258827209473
2.4988186359405518
2.512463331222534
2.546463966369629
2.4026033878326416
2.3375940322875977
2.314328908920288
2.4183123111724854
2.74096941947937
2.2982990741729736
2.6525371074676514
2.265023708343506
2.450862407684326
2.632720470428467
2.3970367908477783
2.313244342803955
2.335482120513916
2.426068067550659
2.2693588733673096
2.6889994144439697
2.6446712017059326
2.4300377368927
2.397340774536133
2.3606972694396973
2.5104241371154785
2.534705877304077
2.3187594413757324
2.5490357875823975
2.4632163047790527
2.680494546890259
2.4849891662597656
2.276766538619995
2.481715679168701
2.5514156818389893
2.3457224369049072
2.5501413345336914
2.5023913383483887
2.627743721008301
2.721977472305298
2.2697880268096924
2.6450612545013428
2.477612257003784
2.725022792816162
2.274150848388672
2.2787342071533203
2.348576784133911
2.6126058101654053
2.53554368019104
2.472975492477417
2.7401857376098633
2.4449195861816406
2.488189697265625
2.393343925476074
2.3577733039855957
2.282238245010376
2.5288026332855225
2.2830421924591064
2.3923559188842773
2.5422260761260986
2.3718831539154053
2.567793846130371
2.488144636154175
2.5847415924072266
2.279430389404297
2.4340431690216064
2.742203712463379
2.608081340789795
2.5079994201660156
2.3782103061676025
2.381676435470581
2.4003231525421143
2.4539389610290527
2.4624600410461426
2.640775203704834
2.613321542739868
2.5130748748779297
2.6654937267303467
2.4486517906188965
2.5766217708587646
2.721254348754883
2.7303152084350586
2.604536771774292
2.4100492000579834
2.498250722885132
2.2686803340911865
2.6611745357513428
2.6953177452087402
2.3699865341186523
2.276526689529419
2.603034496307373
2.735720157623291
2.4551918506622314
2.3743348121643066
2.457824945449829
2.3091635704040527
2.409123659133911
2.3534505367279053
2.470719575881958
2.5070416927337646
2.508225440979004
2.4826979637145996
2.6389076709747314
2.3158164024353027
2.489607334136963
2.286780834197998
2.3588883876800537
2.740664005279541
2.5851223468780518
2.437988519668579
2.3763387203216553
2.3936126232147217
2.6219310760498047
2.4024155139923096
2.298590898513794
2.3838701248168945
2.254546880722046
2.6469500064849854
2.3259119987487793
2.5495893955230713
2.6917343139648438
2.439687967300415
2.48585844039917
2.595219850540161
2.3831636905670166
2.4396092891693115
2.7105631828308105
2.597608804702759
2.525829792022705
2.3690621852874756
2.3465981483459473
2.6841371059417725
2.3197078704833984
2.42375111579895
2.352691650390625
2.4251246452331543
2.484694242477417
2.6167075634002686
2.541382074356079
2.751213788986206
2.7530758380889893
2.7149643898010254
2.319960117340088
2.6949095726013184
2.596738815307617
2.5840792655944824
2.661865472793579
2.6847827434539795
2.2744433879852295
2.6305806636810303
2.322596311569214
2.68157696723938
2.4293832778930664
2.482600450515747
2.439479351043701
2.562922716140747
2.4263925552368164
2.713766574859619
2.4842605590820312
2.339282751083374
2.3095576763153076
2.637547016143799
2.604477882385254
2.7057294845581055
2.4131577014923096
2.3320631980895996
2.264239549636841
2.3555312156677246
2.427598476409912
2.358232259750366
2.495100498199463
2.3002679347991943
2.549690008163452
2.4203391075134277
2.7228803634643555
2.2798781394958496
2.6070706844329834
2.6701812744140625
2.466911554336548
2.2996411323547363
2.6797447204589844
2.558391809463501
2.5091168880462646
2.695773124694824
2.4427201747894287
2.747796058654785
2.3722054958343506
2.331597328186035
2.695600986480713
2.600466728210449
2.3737151622772217
2.465355396270752
2.5765650272369385
2.3878026008605957
2.601682662963867
2.7374041080474854
2.518331527709961
2.7456631660461426
2.7358994483947754
2.5614681243896484
2.5743143558502197
2.4661664962768555
2.401500940322876
2.457699775695801
2.7287347316741943
2.357698440551758
2.443486213684082
2.740811824798584
2.4365603923797607
2.317493200302124
2.3072168827056885
2.4689149856567383
2.3954501152038574
2.427365779876709
2.3555541038513184
2.3574345111846924
2.7188518047332764
2.662560224533081
2.6420834064483643
2.3917648792266846
2.5851340293884277
2.596674680709839
2.544452667236328
2.3677031993865967
2.325611114501953
2.729051351547241
2.4072067737579346
2.3484435081481934
2.3002049922943115
2.712552547454834
2.4296061992645264
2.482544422149658
2.5683796405792236
2.7330589294433594
2.7013864517211914
2.3887174129486084
2.419187068939209
2.3460915088653564
2.3044638633728027
2.401001214981079
2.598900079727173
2.414125919342041
2.5201942920684814
2.389256000518799
2.5048792362213135
2.472217321395874
2.5213499069213867
2.433542490005493
2.435565233230591
2.6219353675842285
2.7418923377990723
2.3605103492736816
2.709479570388794
2.4211690425872803
2.587449789047241
2.6548314094543457
2.5213122367858887
2.365722179412842
2.4509027004241943
2.6720645427703857
2.6874654293060303
2.65940523147583
2.428581476211548
2.6186110973358154
2.482112169265747
2.295936346054077
2.5902185440063477
2.415339946746826
2.2796647548675537
2.4002606868743896
2.2662394046783447
2.527745246887207
2.2717835903167725
2.497197151184082
2.4946892261505127
2.6713192462921143
2.642343044281006
2.600572109222412
2.4572606086730957
2.4203379154205322
2.375932455062866
2.6591222286224365
2.4833836555480957
2.7034988403320312
2.5064828395843506
2.7477383613586426
2.6891555786132812
2.4555182456970215
2.6670970916748047
2.563570737838745
2.293951988220215
2.344350576400757
2.472398519515991
2.617868423461914
2.3860225677490234
2.333636522293091
2.4567418098449707
2.330502510070801
2.597508192062378
2.3224008083343506
2.464113235473633
2.700281858444214
2.6303505897521973
