0.5148484706878662
0.3991093635559082
0.38092875480651855
0.43321967124938965
0.5427546501159668
0.456418514251709
0.3721036911010742
0.3537771701812744
0.525169849395752
0.40723252296447754
0.6339859962463379
0.6480967998504639
0.5954632759094238
0.4460151195526123
0.5410902500152588
0.5704870223999023
0.5215871334075928
0.5618515014648438
0.6260795593261719
0.6367895603179932
0.5980126857757568
0.5319015979766846
0.3693201541900635
0.5723996162414551
0.5793209075927734
0.628903865814209
0.4311492443084717
0.373934268951416
0.6072161197662354
0.620265007019043
0.5185174942016602
0.6503965854644775
0.4120056629180908
0.4655594825744629
0.602332592010498
0.4394192695617676
0.4365196228027344
0.6491236686706543
0.486283540725708
0.5221872329711914
0.4294450283050537
0.45098423957824707
0.44672250747680664
0.5766439437866211
0.5177452564239502
0.5608053207397461
0.5586133003234863
0.5758798122406006
0.45299720764160156
0.5146169662475586
0.3609883785247803
0.4618499279022217
0.4497489929199219
0.5483911037445068
0.5841269493103027
0.6305501461029053
0.4451172351837158
0.5022647380828857
0.6094932556152344
0.4478156566619873
0.5688185691833496
0.5006809234619141
0.5965883731842041
0.641230583190918
0.5380351543426514
0.6465413570404053
0.5024673938751221
0.6483333110809326
0.437793493270874
0.45052075386047363
0.45008039474487305
0.37422776222229004
0.3731727600097656
0.468827486038208
0.5125274658203125
0.41331028938293457
0.5414161682128906
0.44234180450439453
0.5305757522583008
0.5625312328338623
0.37512946128845215
0.44251251220703125
0.5902121067047119
0.3539280891418457
0.45777392387390137
0.5518107414245605
0.44965505599975586
0.6549844741821289
0.49610328674316406
0.5592670440673828
0.3741004467010498
0.5645248889923096
0.49210095405578613
0.4283444881439209
0.5325736999511719
0.6498110294342041
0.5455572605133057
0.6442971229553223
0.5868518352508545
0.6113138198852539
0.4242579936981201
0.44259214401245117
0.5797319412231445
0.3803086280822754
0.44865846633911133
0.647515058517456
0.4707465171813965
0.480027437210083
0.5283727645874023
0.35729384422302246
0.6395440101623535
0.45346546173095703
0.48706603050231934
0.5244140625
0.4070422649383545
0.6361184120178223
0.6349165439605713
0.6037089824676514
0.6387326717376709
0.5444395542144775
0.6313338279724121
0.5402188301086426
0.4167814254760742
0.5060768127441406
0.527414083480835
0.40067291259765625
0.4871945381164551
0.45459508895874023
0.4831209182739258
0.5366449356079102
0.5938727855682373
0.3926665782928467
0.3773682117462158
0.6436905860900879
0.443340539932251
0.4373140335083008
0.36838865280151367
0.4798767566680908
0.39099836349487305
0.39857029914855957
0.5581033229827881
0.4958350658416748
0.35579729080200195
0.49032092094421387
0.5569155216217041
0.42531633377075195
0.5677428245544434
0.5562620162963867
0.5278453826904297
0.4930274486541748
0.6214087009429932
0.5797364711761475
0.5016453266143799
0.39365339279174805
0.5748405456542969
0.5325121879577637
0.5240564346313477
0.6354999542236328
0.43247199058532715
0.5491223335266113
0.3642716407775879
0.4334421157836914
0.4920651912689209
0.409879207611084
0.36475300788879395
0.36221742630004883
0.6301133632659912
0.5225858688354492
0.3796868324279785
0.556469202041626
0.6327230930328369
0.48078060150146484
0.49463534355163574
0.42524242401123047
0.5336000919342041
0.5619893074035645
0.4300568103790283
0.3756141662597656
0.5999174118041992
0.5442564487457275
0.4353904724121094
0.5474667549133301
0.5422770977020264
0.6436789035797119
0.6192800998687744
0.5364937782287598
0.4560670852661133
0.5483028888702393
0.4212327003479004
0.4060399532318115
0.3674194812774658
0.5275452136993408
0.49094533920288086
0.6424815654754639
0.6260926723480225
0.5189011096954346
0.6051669120788574
0.4423842430114746
0.4687926769256592
0.542072057723999
0.599414587020874
0.5214705467224121
0.3587017059326172
0.3526320457458496
0.592531681060791
0.5400807857513428
0.613609790802002
0.5165538787841797
0.37171030044555664
0.4451422691345215
0.44885897636413574
0.5332293510437012
0.37206196784973145
0.6181278228759766
0.3588588237762451
0.5223326683044434
0.589630126953125
0.5677909851074219
0.37142372131347656
0.4058544635772705
0.5167348384857178
0.36120033264160156
0.6101138591766357
0.6549890041351318
0.6168375015258789
0.5440490245819092
0.47828078269958496
0.40667271614074707
0.6253900527954102
0.5967721939086914
0.6262552738189697
0.5584509372711182
0.6336441040039062
0.6105406284332275
0.46731019020080566
0.5907130241394043
0.5337815284729004
0.6501355171203613
0.3820607662200928
0.40773701667785645
0.3654630184173584
0.3700432777404785
0.3901207447052002
0.5276641845703125
0.42539167404174805
0.40923023223876953
0.46846556663513184
0.3522460460662842
0.42636919021606445
0.6466810703277588
0.5983717441558838
0.3564417362213135
0.5189552307128906
0.45455503463745117
0.4518008232116699
0.4645395278930664
0.43584513664245605
0.576190710067749
0.42590785026550293
0.6464569568634033
0.5782861709594727
0.5817101001739502
0.554915189743042
0.4963498115539551
0.546623945236206
0.5809106826782227
0.5127239227294922
0.41162562370300293
0.47928714752197266
0.35271358489990234
0.6263425350189209
0.5577468872070312
0.5775055885314941
0.5516245365142822
0.47393226623535156
0.5746142864227295
0.6155683994293213
0.5616004467010498
0.44879984855651855
0.5386571884155273
0.47208547592163086
0.47031164169311523
0.48586606979370117
0.5655207633972168
0.38307738304138184
0.6154758930206299
0.48715853691101074
0.5519392490386963
0.5840888023376465
0.5134303569793701
0.5904531478881836
0.3904247283935547
0.4622385501861572
0.46109676361083984
0.5523145198822021
0.6490941047668457
0.5501694679260254
0.6258754730224609
0.4176487922668457
0.3764457702636719
0.3622877597808838
0.6233012676239014
0.4565293788909912
0.38382625579833984
0.6129002571105957
0.5332942008972168
0.6427352428436279
0.5295860767364502
0.6391973495483398
0.463604211807251
0.4879288673400879
0.5063810348510742
0.3949429988861084
0.6346185207366943
0.6443841457366943
0.5615670680999756
0.581864595413208
0.5885727405548096
0.5147168636322021
0.6424155235290527
0.5319869518280029
0.3689234256744385
0.5725769996643066
0.5856122970581055
0.5406339168548584
0.38351893424987793
0.47577953338623047
0.44573187828063965
0.5653173923492432
0.5481030941009521
0.44166040420532227
0.38997387886047363
0.5482332706451416
0.4470643997192383
0.5308420658111572
0.5154516696929932
0.46262264251708984
0.6085259914398193
0.6249861717224121
0.46348142623901367
0.36443042755126953
0.5805542469024658
0.6040496826171875
0.6177048683166504
0.6213948726654053
0.5441310405731201
0.5495936870574951
0.5987467765808105
0.553678035736084
0.4541475772857666
0.6114194393157959
0.4316098690032959
0.48809361457824707
0.649334192276001
0.39049315452575684
0.43978166580200195
0.4088602066040039
0.3905448913574219
0.5337381362915039
0.47858214378356934
0.42220091819763184
0.5601673126220703
0.6408305168151855
0.6010606288909912
0.6370162963867188
0.38571691513061523
0.5528457164764404
0.6448879241943359
0.3963584899902344
0.42496824264526367
0.4999806880950928
0.5927863121032715
0.4082622528076172
0.44652843475341797
0.43784570693969727
0.44378042221069336
0.46092939376831055
0.37870335578918457
0.47163987159729004
0.5720770359039307
0.633995532989502
0.41351819038391113
0.5284080505371094
0.6487197875976562
0.5233161449432373
0.47493672370910645
0.3811666965484619
0.613541841506958
0.5665891170501709
0.5673978328704834
0.5251467227935791
0.35451745986938477
0.5959529876708984
0.4671745300292969
0.4185142517089844
0.6311919689178467
0.520118236541748
0.42629075050354004
0.5001797676086426
0.3710348606109619
0.3686802387237549
0.528010368347168
0.5039844512939453
0.36417317390441895
0.42780399322509766
0.5369017124176025
0.6120331287384033
0.45984959602355957
0.5309357643127441
0.640533447265625
0.6077361106872559
0.366349458694458
0.3710465431213379
0.41967105865478516
0.37633681297302246
0.55080246925354
0.4597609043121338
0.6294550895690918
0.5168752670288086
0.6481482982635498
0.35462355613708496
0.48160409927368164
0.47919535636901855
0.5309128761291504
0.5589392185211182
0.5883457660675049
0.37328648567199707
0.37137889862060547
0.6324028968811035
0.5176646709442139
0.5685379505157471
0.6359548568725586
0.5525853633880615
0.5140073299407959
0.614591121673584
0.40455102920532227
0.41980504989624023
0.49198365211486816
0.46483325958251953
0.6103518009185791
0.48131847381591797
0.4814877510070801
0.611699104309082
0.5042376518249512
0.6250638961791992
0.447845458984375
0.5445206165313721
0.5222363471984863
0.39656996726989746
0.5050599575042725
0.3711104393005371
0.3680438995361328
0.39403820037841797
0.4652724266052246
0.5471408367156982
0.418912410736084
0.4828529357910156
0.5971262454986572
0.6091704368591309
0.6090908050537109
0.436046838760376
0.6420700550079346
0.5505788326263428
0.3962278366088867
0.40476250648498535
0.4924631118774414
0.395888090133667
0.5321991443634033
0.6497666835784912
0.5407540798187256
0.5221474170684814
0.4947361946105957
0.4932525157928467
0.47745513916015625
0.4077792167663574
0.6527745723724365
0.4404599666595459
0.467165470123291
0.5811994075775146
0.547935962677002
0.3848714828491211
0.475358247756958
0.5709588527679443
0.4341888427734375
0.5771863460540771
0.44355249404907227
0.615617036819458
0.49945545196533203
0.5531361103057861
0.4316585063934326
0.5777654647827148
0.562891960144043
0.38498473167419434
0.4936227798461914
0.6566791534423828
0.5639095306396484
0.47591376304626465
0.39211344718933105
0.645958662033081
0.5634534358978271
0.36005520820617676
