1.2472469806671143
1.01023268699646
1.137563943862915
1.0717363357543945
0.7885951995849609
1.0879743099212646
0.9321615695953369
0.8359971046447754
1.0241265296936035
1.0289158821105957
0.7735180854797363
1.225693702697754
0.9936785697937012
1.007991075515747
0.8936595916748047
1.2197937965393066
0.8897688388824463
0.9113385677337646
0.7617862224578857
1.2429232597351074
1.0659842491149902
0.824150800704956
0.8638145923614502
0.951592206954956
1.212789535522461
0.9927892684936523
1.1373703479766846
0.9081392288208008
0.7689094543457031
1.1073431968688965
0.8513655662536621
0.8176138401031494
1.1219627857208252
1.2227003574371338
1.0495679378509521
1.1602184772491455
0.8270421028137207
1.0049748420715332
1.0711543560028076
0.7694859504699707
1.0771310329437256
1.0259242057800293
0.9906213283538818
0.9035091400146484
1.1698284149169922
1.0071864128112793
0.8563377857208252
1.1063425540924072
1.1953363418579102
1.0751826763153076
1.0078599452972412
0.7746686935424805
0.8260254859924316
0.7717785835266113
0.8298096656799316
0.7698771953582764
1.191053867340088
1.0147929191589355
0.7708144187927246
1.027845859527588
0.9283351898193359
0.8558030128479004
0.8571343421936035
0.9705109596252441
1.0371761322021484
0.9007751941680908
0.9698789119720459
0.7682123184204102
0.9629702568054199
0.8834645748138428
0.8334660530090332
0.8113741874694824
1.0109610557556152
1.0335345268249512
0.9863612651824951
0.8067142963409424
1.2164642810821533
0.8465898036956787
1.0646412372589111
0.8848826885223389
0.8555357456207275
1.104548692703247
1.0344066619873047
0.760366678237915
0.8632371425628662
0.9380984306335449
0.9460456371307373
1.23561429977417
1.1647930145263672
0.9822237491607666
1.0948569774627686
1.0695796012878418
0.8314602375030518
1.0148844718933105
1.141390323638916
0.8366525173187256
0.9262809753417969
1.1555485725402832
0.9973607063293457
0.8859961032867432
1.0203776359558105
1.072373628616333
0.7686984539031982
1.0389039516448975
0.967766284942627
0.817615270614624
0.9283719062805176
1.030310869216919
1.2438933849334717
1.0553288459777832
1.115234613418579
0.9423060417175293
1.2469863891601562
0.9616687297821045
1.2071442604064941
0.9706516265869141
0.7673225402832031
1.0155179500579834
1.03395414352417
0.8758187294006348
1.2513892650604248
1.0152745246887207
1.06856369972229
1.0816943645477295
1.10477614402771
0.8906946182250977
1.0286612510681152
0.9964072704315186
0.9889192581176758
0.9979133605957031
0.9861488342285156
1.0645675659179688
1.246107816696167
0.7585294246673584
0.7907719612121582
0.9219844341278076
0.7622981071472168
1.1146702766418457
0.8541991710662842
0.8185648918151855
1.1012961864471436
0.9839873313903809
0.8080193996429443
0.9040861129760742
1.0479612350463867
0.9463140964508057
0.8536484241485596
0.8738918304443359
0.8367221355438232
0.8268084526062012
1.202575445175171
1.146848440170288
1.1674482822418213
1.1981801986694336
0.8885014057159424
1.0950801372528076
1.1504297256469727
0.970881462097168
0.902869701385498
0.9233708381652832
1.2316124439239502
1.127396583557129
1.0173733234405518
1.2402639389038086
0.8820858001708984
1.0055277347564697
0.8837597370147705
0.9036643505096436
0.8395771980285645
1.1818807125091553
1.0161585807800293
1.0628368854522705
0.7640442848205566
1.1934032440185547
0.9485254287719727
1.0049993991851807
0.9526309967041016
0.814579963684082
0.8645544052124023
0.9722387790679932
1.23396897315979
1.0398476123809814
1.162970781326294
1.1324834823608398
0.853806734085083
1.022606611251831
0.78420090675354
0.7767560482025146
0.978367805480957
1.2069282531738281
1.105823040008545
1.074958086013794
1.012387752532959
1.1233327388763428
1.0541062355041504
1.1151983737945557
0.7936272621154785
0.7745893001556396
1.0009186267852783
1.0398848056793213
1.2463974952697754
0.9494526386260986
0.8574907779693604
1.2519855499267578
0.995938777923584
1.199714183807373
0.7952003479003906
0.8929200172424316
0.8865137100219727
1.0045640468597412
1.2531566619873047
0.8510937690734863
0.831249475479126
1.1570374965667725
1.1060702800750732
0.7780191898345947
1.1256883144378662
0.88140869140625
0.8253495693206787
0.8795928955078125
0.8448636531829834
1.1450445652008057
0.9504384994506836
0.7734525203704834
0.9305338859558105
0.8076493740081787
1.0018324851989746
1.1978564262390137
0.7574889659881592
0.8488671779632568
0.8055922985076904
1.2405691146850586
0.8265843391418457
1.126103162765503
1.1642138957977295
0.8330652713775635
1.1312131881713867
0.8838140964508057
1.0307362079620361
1.1873500347137451
1.186805248260498
1.2390046119689941
0.8691027164459229
0.9788358211517334
0.9661974906921387
0.9559063911437988
0.7546062469482422
1.0493414402008057
1.0427796840667725
0.8391890525817871
0.9501557350158691
0.8044414520263672
0.8743400573730469
1.0750617980957031
0.7832229137420654
0.9275450706481934
0.8512086868286133
0.9746527671813965
0.7542591094970703
1.199263572692871
1.0520434379577637
1.159081220626831
0.7987146377563477
1.213435411453247
0.8060486316680908
1.080885887145996
0.9308931827545166
0.8048596382141113
0.9587607383728027
0.8814535140991211
0.7982282638549805
0.9459981918334961
0.7670931816101074
0.9842276573181152
0.7788887023925781
0.9553515911102295
1.1989502906799316
0.7690777778625488
1.235076665878296
1.2354800701141357
1.1671688556671143
1.0478870868682861
1.1342034339904785
1.1349618434906006
0.9603061676025391
1.101698875427246
0.7630372047424316
0.8180797100067139
0.8844738006591797
0.8166844844818115
1.2354860305786133
0.9529929161071777
1.2219607830047607
0.8615427017211914
1.1670074462890625
1.0325193405151367
1.0239777565002441
1.1119046211242676
0.9403455257415771
0.8773746490478516
0.9001486301422119
1.1537501811981201
1.151859998703003
0.7535994052886963
1.226398229598999
1.2143678665161133
1.0653207302093506
1.1473608016967773
1.161607265472412
0.8659660816192627
0.9222407341003418
1.0841686725616455
0.9885098934173584
1.1619362831115723
0.9056735038757324
0.810450553894043
0.8371932506561279
0.7636592388153076
0.9756150245666504
0.8522255420684814
0.8931713104248047
0.870556116104126
0.7816541194915771
0.8710422515869141
1.1661806106567383
1.0309514999389648
0.9842636585235596
1.186819314956665
0.9705901145935059
0.9551308155059814
0.8345110416412354
1.1693401336669922
1.2219209671020508
1.2456867694854736
1.0903546810150146
0.7854278087615967
0.8902750015258789
1.0087330341339111
0.8056199550628662
0.8887226581573486
1.1114144325256348
0.9861350059509277
0.9582047462463379
1.1873188018798828
1.105802297592163
1.012725591659546
0.9853024482727051
0.8583946228027344
0.925729513168335
0.9947404861450195
0.9838266372680664
1.2154929637908936
0.9869146347045898
0.8181734085083008
0.8300952911376953
1.025749683380127
1.1539173126220703
0.7993345260620117
0.7676475048065186
1.2038347721099854
1.2354819774627686
0.8940505981445312
0.9749166965484619
1.0513126850128174
1.126624584197998
0.980881929397583
1.1458454132080078
0.9588103294372559
0.9765081405639648
1.069502592086792
1.008105754852295
1.0449655055999756
0.9296653270721436
0.8524911403656006
0.7599804401397705
0.8386516571044922
1.0622601509094238
1.2347607612609863
0.8626854419708252
0.8945980072021484
1.1862766742706299
1.1421091556549072
0.8831901550292969
0.9072339534759521
1.1863911151885986
0.9660375118255615
0.9768579006195068
1.2363221645355225
1.1220617294311523
1.1179835796356201
0.9994115829467773
0.900986909866333
0.8305389881134033
0.9552276134490967
0.903822660446167
0.8137953281402588
0.9214441776275635
0.9891800880432129
0.8453013896942139
0.7587664127349854
1.1898446083068848
0.9190113544464111
0.7862131595611572
1.1587011814117432
0.7686691284179688
0.8958711624145508
1.1700491905212402
1.053966999053955
0.7711379528045654
1.179044485092163
1.2327213287353516
0.8561379909515381
0.8432631492614746
1.1089451313018799
0.9591288566589355
1.0692439079284668
0.7887544631958008
1.1683578491210938
1.0947439670562744
0.8687584400177002
0.7924091815948486
1.0421199798583984
0.9019935131072998
1.1214706897735596
0.7970967292785645
0.9465398788452148
1.1694200038909912
0.9954674243927002
1.215135097503662
1.1995058059692383
1.2499656677246094
1.1118590831756592
0.9608728885650635
0.9079999923706055
0.8728733062744141
1.0631191730499268
1.0954055786132812
1.0045924186706543
0.8828999996185303
1.00846266746521
1.005549430847168
0.9965124130249023
0.959221363067627
1.0597658157348633
1.0660374164581299
1.1197242736816406
0.920546293258667
0.8726351261138916
1.2102439403533936
0.8436436653137207
1.1150305271148682
1.0173499584197998
0.8794105052947998
0.7683799266815186
0.9910848140716553
0.8322262763977051
1.138627052307129
0.9861035346984863
0.7674758434295654
0.8130450248718262
0.8039627075195312
0.9119398593902588
0.9521589279174805
1.0604674816131592
1.0777931213378906
1.184570074081421
1.157543659210205
1.2303829193115234
1.2110438346862793
0.8250119686126709
1.237921953201294
1.0169875621795654
0.9647572040557861
0.9096381664276123
0.808316707611084
0.850839376449585
0.9368195533752441
1.1046555042266846
0.9653880596160889
1.2034318447113037
1.2283604145050049
0.9396839141845703
1.1192152500152588
0.8407454490661621
1.1720917224884033
0.7620422840118408
0.8160099983215332
0.783968448638916
1.0138027667999268
1.1171660423278809
1.0281240940093994
0.8810362815856934
1.0017318725585938
0.9485969543457031
1.1910409927368164
0.936530590057373
1.0200035572052002
0.9931886196136475
0.8701679706573486
1.133995771408081
0.9017164707183838
