2.8454794883728027
3.176727771759033
3.1156702041625977
2.8158860206604004
2.8971619606018066
3.235018730163574
2.7564353942871094
2.8102023601531982
3.2265100479125977
2.9791831970214844
3.2294116020202637
2.863936424255371
2.9346611499786377
3.115654945373535
3.1477606296539307
2.975724220275879
2.810844659805298
3.234368085861206
3.108663320541382
2.8932864665985107
2.8582513332366943
2.8657193183898926
2.9092257022857666
3.2383790016174316
3.0218122005462646
2.7650084495544434
3.135317087173462
3.130406141281128
2.763522148132324
2.8657684326171875
2.7751576900482178
3.1929678916931152
3.184687614440918
3.246652364730835
2.7869842052459717
3.216756820678711
2.8139679431915283
2.9333107471466064
3.1468961238861084
2.9435133934020996
3.158705949783325
3.0632622241973877
2.761235237121582
3.1585140228271484
2.8585033416748047
3.0706589221954346
3.078909397125244
3.051875352859497
2.9325754642486572
3.062366247177124
3.0215868949890137
3.0484778881073
3.0767693519592285
3.229447603225708
3.100839853286743
2.9977221488952637
2.8184967041015625
2.7958927154541016
2.8846826553344727
3.0146846771240234
2.8075528144836426
3.0418314933776855
2.868684768676758
2.8967604637145996
2.8999061584472656
3.0023701190948486
2.8499460220336914
2.788020610809326
3.021622896194458
2.8279972076416016
2.880164623260498
2.960310697555542
2.9495153427124023
2.889225482940674
3.1588189601898193
3.043754816055298
3.113274574279785
2.887746810913086
3.144989490509033
3.00426983833313
2.883119821548462
3.0912985801696777
3.1301770210266113
2.95859694480896
2.7716751098632812
2.8252573013305664
3.038461923599243
2.7957489490509033
3.2441205978393555
2.8285045623779297
2.8608129024505615
2.9000043869018555
3.2384352684020996
2.8562469482421875
3.079362392425537
3.1097493171691895
3.1046156883239746
2.9139223098754883
2.946248769760132
2.89306378364563
3.1662683486938477
2.8156075477600098
3.0447864532470703
2.8404541015625
3.0243945121765137
2.830284833908081
2.854922294616699
2.8977036476135254
3.196448802947998
2.9141628742218018
2.8823740482330322
2.9140028953552246
2.8165414333343506
2.8650848865509033
3.2020137310028076
2.832643985748291
2.923548698425293
3.125549793243408
3.189593553543091
2.90329909324646
2.7729296684265137
3.1517090797424316
3.0290093421936035
2.834756374359131
3.1894476413726807
2.95100998878479
3.0212838649749756
2.764972448348999
2.942012310028076
3.0291006565093994
3.153691291809082
2.918640613555908
3.2111587524414062
3.070509195327759
2.8824474811553955
2.8618361949920654
3.2222421169281006
2.944082260131836
3.166820526123047
3.22418212890625
2.893984317779541
3.1497879028320312
3.1254186630249023
3.0211710929870605
2.863762140274048
2.8919572830200195
3.128901243209839
3.1260998249053955
2.976703643798828
2.8897643089294434
2.9909207820892334
2.952483654022217
3.1296682357788086
2.9009690284729004
2.786677122116089
3.1868679523468018
3.1103575229644775
2.7866060733795166
2.9267492294311523
2.7986626625061035
2.890916585922241
2.8610992431640625
2.800020456314087
2.9108519554138184
2.9518747329711914
3.105180501937866
3.2387514114379883
3.2024245262145996
2.9899094104766846
3.2331759929656982
3.040379285812378
3.0558695793151855
2.95341420173645
2.9763236045837402
2.9550139904022217
3.12511944770813
2.829068660736084
3.2446329593658447
2.8836965560913086
3.136808395385742
2.9738266468048096
3.145387649536133
3.1328675746917725
2.9719176292419434
2.889838933944702
2.8317487239837646
2.771791696548462
3.0890653133392334
3.0173299312591553
2.757110595703125
3.2100040912628174
2.913048267364502
3.1989071369171143
2.982567310333252
3.0220282077789307
3.094294548034668
2.7681541442871094
2.8776168823242188
2.9111320972442627
2.9840521812438965
3.0084683895111084
2.758730173110962
2.9036924839019775
2.9439563751220703
3.100215196609497
2.8516998291015625
2.9054105281829834
3.239250898361206
2.9288718700408936
2.9607505798339844
2.7943572998046875
3.0910451412200928
3.058732032775879
3.1211893558502197
3.1720941066741943
3.242656707763672
2.9966020584106445
2.938028573989868
3.0950474739074707
3.043203592300415
3.013622760772705
3.0583417415618896
3.0659399032592773
2.8485021591186523
2.955057144165039
3.2020959854125977
3.2338268756866455
2.989872455596924
3.2262771129608154
2.9599626064300537
3.0506060123443604
2.8414318561553955
3.2511191368103027
2.9788901805877686
2.9125449657440186
3.151606559753418
3.170673370361328
2.865501642227173
2.893489360809326
2.988387107849121
3.080094814300537
2.7954137325286865
3.048356533050537
2.826219081878662
3.1786983013153076
3.11580753326416
2.972550630569458
3.0440807342529297
3.1637461185455322
3.1180241107940674
2.8599822521209717
2.840070962905884
2.793804883956909
3.1841633319854736
2.9119343757629395
3.225886106491089
2.9910154342651367
2.814194440841675
2.9073235988616943
3.0057313442230225
2.787513494491577
3.1632802486419678
3.060636043548584
3.066235303878784
2.9250009059906006
2.7775790691375732
2.9520814418792725
3.1755995750427246
3.127012014389038
2.9015953540802
2.9386308193206787
3.015815496444702
2.979255199432373
3.164909839630127
3.060192584991455
3.2138233184814453
3.0504744052886963
2.9404966831207275
2.8717422485351562
3.1204750537872314
3.094839572906494
3.1337084770202637
2.7809269428253174
3.212808847427368
2.809114456176758
3.2269084453582764
3.0565218925476074
3.067963123321533
2.8378164768218994
3.0167179107666016
2.9807069301605225
2.9989449977874756
3.0850000381469727
3.094951629638672
2.88649320602417
3.132267475128174
3.174301862716675
2.889468193054199
3.217273712158203
57.022955894470215
2.9971888065338135
3.093611478805542
2.8901736736297607
2.823969841003418
3.083042860031128
3.0742249488830566
2.8071234226226807
2.9053587913513184
3.111328125
3.1408779621124268
3.030280351638794
3.074896812438965
3.194486379623413
2.831566333770752
3.1600966453552246
2.953493595123291
3.1492741107940674
3.224627733230591
2.7590012550354004
2.8853116035461426
2.8233399391174316
3.18276309967041
3.063819646835327
2.926450252532959
3.05846905708313
2.77435302734375
3.231658458709717
2.9806933403015137
2.760164976119995
2.874911308288574
3.1881840229034424
3.106468915939331
2.9440577030181885
3.171613931655884
2.9277710914611816
2.7605831623077393
3.084641695022583
2.9185731410980225
3.215360641479492
3.127110004425049
2.833742141723633
2.903820276260376
3.063462495803833
3.134678363800049
3.2480123043060303
2.849256753921509
2.8474018573760986
3.2513136863708496
2.865448474884033
2.8023955821990967
2.8939123153686523
2.968198776245117
3.1708571910858154
3.0373337268829346
2.89917254447937
3.1870012283325195
2.888535976409912
2.8336801528930664
2.8263444900512695
2.9664502143859863
2.837610960006714
2.962817430496216
3.1502790451049805
2.8736367225646973
3.1591427326202393
3.20406174659729
3.0304484367370605
3.1966516971588135
2.8753716945648193
3.186666965484619
3.248746633529663
2.832432746887207
3.06831955909729
2.9327216148376465
3.1189308166503906
2.896969795227051
2.90771746635437
3.0235421657562256
3.2533183097839355
3.1492936611175537
2.8411269187927246
3.0462658405303955
3.1379330158233643
2.9469528198242188
2.7644894123077393
3.21917986869812
3.146023750305176
3.2336196899414062
2.9984776973724365
3.009148359298706
2.9985477924346924
3.2062482833862305
2.9231791496276855
2.9848222732543945
3.0154271125793457
3.0605428218841553
2.813770294189453
2.896794080734253
2.822855234146118
3.0413975715637207
2.7760584354400635
2.9121804237365723
2.8599791526794434
2.9482052326202393
2.8406848907470703
2.9006214141845703
2.860450029373169
3.200282573699951
2.8082923889160156
3.127411365509033
2.829371213912964
2.783848762512207
3.085994005203247
2.868502140045166
2.8862600326538086
3.189073085784912
2.975398540496826
2.9049129486083984
2.8922011852264404
2.805500030517578
2.7787630558013916
3.164100408554077
2.7931010723114014
2.862001895904541
3.025575876235962
2.8323121070861816
2.9484341144561768
2.855882167816162
2.8429837226867676
2.805493116378784
3.1001076698303223
3.2095420360565186
3.185516595840454
2.932644844055176
3.185182809829712
3.004934310913086
3.2175815105438232
2.9169089794158936
3.1524829864501953
3.1557483673095703
3.144573926925659
3.2113869190216064
3.1557042598724365
2.9315359592437744
3.1811022758483887
2.932582139968872
3.1173229217529297
3.105573892593384
2.8443877696990967
2.9099230766296387
3.2179925441741943
2.916137933731079
2.902695417404175
2.8163046836853027
2.869098663330078
3.004265785217285
2.8803904056549072
2.951046943664551
3.0708985328674316
3.096067428588867
2.899817943572998
3.0137879848480225
2.8576862812042236
2.9738850593566895
2.8631622791290283
3.0816898345947266
2.958326816558838
3.0058891773223877
3.1824676990509033
2.997960329055786
3.2210681438446045
2.9468393325805664
2.784311294555664
3.1462955474853516
2.892101764678955
2.9863593578338623
2.809542655944824
2.9159128665924072
2.840742349624634
3.13059401512146
3.0807766914367676
2.976844072341919
3.06111741065979
2.798996686935425
2.8728981018066406
3.0329062938690186
3.0119831562042236
3.136969566345215
3.178558826446533
3.2025651931762695
2.783686399459839
2.8173160552978516
2.9698386192321777
3.109140396118164
3.151186943054199
2.988415002822876
3.150064468383789
3.123267412185669
2.7590372562408447
2.9222214221954346
3.0352208614349365
2.836857318878174
