0.9203140735626221
0.9190347194671631
0.866663932800293
1.028900384902954
0.9767425060272217
0.9365067481994629
0.9537715911865234
1.0779733657836914
1.0131926536560059
1.0175116062164307
0.8880093097686768
0.9552891254425049
1.13458251953125
0.9225034713745117
0.9959251880645752
1.0190324783325195
0.9298238754272461
1.0793123245239258
1.057812213897705
1.142244815826416
0.8827919960021973
0.9906010627746582
0.8757877349853516
1.0587997436523438
0.8555798530578613
1.1239266395568848
1.0076813697814941
1.1344382762908936
1.1484308242797852
1.0485272407531738
1.010636568069458
1.0896697044372559
1.115880012512207
1.136932134628296
0.9826412200927734
0.8790929317474365
1.1400399208068848
1.0306267738342285
0.9408330917358398
0.8853785991668701
0.9625236988067627
0.9346709251403809
1.0048396587371826
0.9166359901428223
0.886695384979248
0.9506535530090332
1.135319471359253
0.9937179088592529
1.0276000499725342
0.9598982334136963
1.1263573169708252
0.8949956893920898
0.9049358367919922
1.0019302368164062
0.9192655086517334
1.0437517166137695
0.9213688373565674
0.9799714088439941
0.9738376140594482
1.0795977115631104
1.0858418941497803
0.8853065967559814
1.1168415546417236
1.0135059356689453
0.9420018196105957
0.8746836185455322
1.0627427101135254
0.9271895885467529
1.1093111038208008
1.119415283203125
0.982358455657959
1.0328521728515625
1.1133010387420654
1.1406755447387695
0.9530158042907715
0.9015350341796875
1.0120208263397217
1.1380784511566162
1.0524048805236816
0.8921072483062744
0.9248554706573486
0.9366567134857178
1.008622169494629
1.0538651943206787
0.8791978359222412
0.9034233093261719
1.041337251663208
1.08544921875
0.8552231788635254
1.057664394378662
1.1277713775634766
1.0896148681640625
0.8986923694610596
0.9763238430023193
0.9069724082946777
1.0804872512817383
0.9700891971588135
0.980170488357544
0.9559459686279297
0.8565526008605957
0.9419748783111572
1.1171162128448486
0.947272539138794
0.982884407043457
0.899146556854248
1.0532584190368652
0.9020953178405762
0.99285888671875
0.9508402347564697
1.0363976955413818
1.0152993202209473
0.9856898784637451
1.09074068069458
1.1205978393554688
1.014674186706543
1.1371057033538818
1.0873074531555176
0.9557092189788818
1.0744562149047852
1.0420002937316895
1.0013349056243896
0.9225831031799316
1.0238673686981201
0.8798544406890869
0.9111135005950928
1.053758144378662
0.9084112644195557
0.8699619770050049
1.0205402374267578
0.9254515171051025
1.058596134185791
0.9777719974517822
0.9966168403625488
0.9025046825408936
1.047248363494873
0.8716142177581787
1.1300535202026367
1.1342365741729736
1.0741186141967773
1.0294160842895508
0.9107129573822021
1.014246940612793
0.8810985088348389
0.9993312358856201
1.051032304763794
1.0137600898742676
0.945497989654541
1.137155294418335
1.0292038917541504
0.9516074657440186
0.8819961547851562
1.050065279006958
1.0517125129699707
1.1388509273529053
0.8725309371948242
1.05368971824646
1.1052305698394775
1.0022521018981934
0.9204916954040527
0.9569249153137207
1.0294764041900635
0.9246740341186523
1.004450798034668
0.981083869934082
0.8528544902801514
0.8974812030792236
0.867168664932251
0.8694577217102051
1.120410680770874
1.0913825035095215
1.1063737869262695
1.1398978233337402
0.857172966003418
1.100606918334961
1.124542236328125
1.0017483234405518
0.9748239517211914
0.9042911529541016
0.8631076812744141
1.0846858024597168
1.1077558994293213
0.8871760368347168
1.0689070224761963
1.0800058841705322
0.8587868213653564
0.893561840057373
0.9654691219329834
1.003732442855835
0.9364402294158936
0.9502131938934326
1.130753517150879
1.0799965858459473
0.9116783142089844
0.9325945377349854
0.9463701248168945
1.0975055694580078
0.9641132354736328
0.8838388919830322
1.0113468170166016
0.986149787902832
1.1487278938293457
1.0383570194244385
1.067265272140503
1.0331268310546875
0.9867455959320068
1.0701110363006592
0.9879457950592041
0.8969948291778564
0.9626107215881348
1.070619821548462
0.9660100936889648
1.0268211364746094
0.9144735336303711
0.9843766689300537
1.0552222728729248
1.0596656799316406
1.0543255805969238
1.1528172492980957
0.8844475746154785
0.9491963386535645
0.9239463806152344
1.0589079856872559
0.8774783611297607
1.109349250793457
1.1283977031707764
1.1169230937957764
0.9704697132110596
0.8753511905670166
1.0802104473114014
0.8736605644226074
1.0235333442687988
0.9731576442718506
0.9213244915008545
0.9033358097076416
0.8902342319488525
0.8715848922729492
0.907573938369751
0.9104325771331787
1.1139535903930664
0.9234442710876465
1.0530240535736084
0.9261395931243896
1.1135640144348145
1.059922218322754
1.0334982872009277
1.0329501628875732
0.8893816471099854
0.8849027156829834
0.9275455474853516
1.0963871479034424
1.1106574535369873
1.0614345073699951
1.1426053047180176
1.054025411605835
0.9459147453308105
1.0980610847473145
0.9672205448150635
1.0380668640136719
0.9346294403076172
1.077026605606079
1.0868911743164062
0.974606990814209
1.0280077457427979
1.0629162788391113
1.032139778137207
0.9291596412658691
1.0199031829833984
0.9490664005279541
1.123206377029419
1.029906988143921
1.11983060836792
0.8570435047149658
1.0366334915161133
0.9948968887329102
1.1506786346435547
1.0903208255767822
0.9480788707733154
0.9709553718566895
1.0216867923736572
1.068681240081787
0.9507675170898438
1.0553021430969238
1.0264408588409424
1.076338529586792
1.1351971626281738
1.0317158699035645
0.856842041015625
1.0892338752746582
1.0864815711975098
1.0002996921539307
1.1411669254302979
0.9253025054931641
1.1143677234649658
0.8948211669921875
1.0598654747009277
1.032034158706665
0.9443464279174805
0.9232385158538818
1.0807914733886719
1.1201412677764893
0.902001142501831
0.9915635585784912
0.957899808883667
1.1033101081848145
1.0019066333770752
1.1194605827331543
1.049095869064331
0.9272651672363281
1.093698501586914
1.088757038116455
0.8509747982025146
1.0222597122192383
0.8667423725128174
0.9816544055938721
0.9624114036560059
1.1539981365203857
1.0684823989868164
0.9586896896362305
0.9573886394500732
0.911555290222168
1.0576369762420654
0.9551331996917725
0.9523072242736816
0.9599101543426514
0.9747765064239502
0.8873765468597412
1.1185100078582764
0.9501500129699707
1.1430397033691406
1.0490565299987793
1.119206428527832
0.9764275550842285
1.0532519817352295
0.9576244354248047
0.9181838035583496
1.0655906200408936
1.0415940284729004
0.8551898002624512
0.8595502376556396
1.1369805335998535
1.0898332595825195
1.0396602153778076
0.926311731338501
1.0520086288452148
1.1263549327850342
1.0952517986297607
0.9922590255737305
1.1430745124816895
0.90256667137146
0.98856520652771
1.1175870895385742
0.901247501373291
1.0283403396606445
0.8686797618865967
1.0912256240844727
0.9192161560058594
1.1213068962097168
0.9077486991882324
0.9115066528320312
0.9486944675445557
0.9353156089782715
1.0588819980621338
0.9277904033660889
1.1391162872314453
0.851231575012207
0.892249584197998
1.0846126079559326
1.0502090454101562
0.9901223182678223
1.0905015468597412
0.9029178619384766
0.9452266693115234
1.0082695484161377
1.0370781421661377
1.1150293350219727
0.8771152496337891
1.0569396018981934
1.0243823528289795
0.8773150444030762
1.1360201835632324
1.0704717636108398
0.8666591644287109
1.057298183441162
0.8865509033203125
0.9855749607086182
1.0599498748779297
0.9251477718353271
1.019364356994629
0.9589617252349854
0.9572458267211914
0.8583269119262695
1.0441510677337646
1.056485891342163
0.9585802555084229
0.9959321022033691
1.0683512687683105
1.1516976356506348
1.1102631092071533
0.956284761428833
1.1459934711456299
0.9250650405883789
0.8915672302246094
0.9797940254211426
1.1379480361938477
1.1150555610656738
0.92433762550354
0.9539740085601807
1.1197357177734375
0.9832582473754883
0.8974049091339111
1.1367344856262207
1.0810246467590332
0.8674583435058594
0.9881222248077393
1.105299711227417
0.9400660991668701
0.9707963466644287
1.0204777717590332
0.9180691242218018
0.9746787548065186
0.9437515735626221
0.9109747409820557
1.0262768268585205
0.9649579524993896
0.9045987129211426
1.010056972503662
0.8898553848266602
0.9858086109161377
0.9555532932281494
0.9535007476806641
0.9475090503692627
0.953782320022583
0.8806633949279785
1.0022330284118652
1.0523643493652344
0.8745691776275635
0.8806824684143066
0.8965210914611816
1.0990631580352783
1.111156702041626
1.054582118988037
0.9807298183441162
0.8931796550750732
1.0764846801757812
1.0863924026489258
1.0214557647705078
1.0306620597839355
1.1000146865844727
0.9984545707702637
0.9836447238922119
0.9878902435302734
1.0615506172180176
1.1067171096801758
1.0603868961334229
0.9394690990447998
1.0365452766418457
1.0445959568023682
1.0638701915740967
0.8594837188720703
1.1448016166687012
1.0186076164245605
1.1277010440826416
0.8990817070007324
0.9289801120758057
0.9996309280395508
0.8526372909545898
0.9591207504272461
1.1238152980804443
0.9011297225952148
1.1343450546264648
0.9444544315338135
0.9577610492706299
0.9210691452026367
1.0684819221496582
0.8536732196807861
0.8897883892059326
0.8521718978881836
0.9116482734680176
0.8788352012634277
1.030092477798462
0.9307045936584473
1.1237945556640625
0.9452126026153564
0.8569343090057373
0.8834457397460938
0.9802680015563965
0.8940994739532471
1.0075793266296387
0.9993858337402344
1.102057695388794
1.046668529510498
1.1123073101043701
1.0850706100463867
1.0865099430084229
1.0083692073822021
1.0836002826690674
1.1299972534179688
1.0208938121795654
1.0057258605957031
1.093686819076538
1.0608482360839844
