1.0822086334228516
0.7724180221557617
0.9954681396484375
1.1519734859466553
1.0026960372924805
1.0174062252044678
1.1585743427276611
0.8690967559814453
0.831561803817749
1.0205328464508057
0.8097267150878906
1.0907461643218994
0.90291428565979
0.8319437503814697
0.9056146144866943
1.094066858291626
0.8733208179473877
1.1538915634155273
0.9794588088989258
1.237624168395996
0.9431159496307373
1.2510058879852295
0.8536012172698975
1.199021339416504
1.1478569507598877
1.2236733436584473
1.23457932472229
0.8628675937652588
0.967393159866333
0.8866941928863525
1.005826473236084
1.2331676483154297
1.1469366550445557
0.8004341125488281
0.9694082736968994
0.9644687175750732
1.1628749370574951
0.89961838722229
0.9672791957855225
1.2357914447784424
1.1764466762542725
0.9297604560852051
1.0221853256225586
0.9792804718017578
0.8533151149749756
0.772273063659668
0.9746253490447998
0.8942277431488037
0.7562370300292969
1.0595424175262451
1.1490600109100342
1.233349084854126
0.898651123046875
1.0287413597106934
0.9297447204589844
1.172266960144043
0.9814298152923584
1.2454774379730225
1.0095164775848389
0.9213025569915771
1.0546894073486328
1.0824029445648193
1.1209032535552979
0.8983819484710693
0.7652261257171631
0.7676589488983154
0.8362274169921875
0.8587827682495117
1.1236662864685059
0.9884610176086426
1.105128526687622
1.0539441108703613
1.2434141635894775
0.9125106334686279
1.0474522113800049
1.096205472946167
1.2370648384094238
0.9320542812347412
1.1661937236785889
1.1383929252624512
1.2180290222167969
0.9714860916137695
1.111011266708374
1.0345144271850586
1.1978094577789307
0.9677491188049316
1.078331708908081
0.9026265144348145
1.1696937084197998
1.0993516445159912
1.1191422939300537
0.9764630794525146
1.0880327224731445
0.853745698928833
0.9312880039215088
0.9368596076965332
0.9135596752166748
0.9983232021331787
0.8652389049530029
0.9317231178283691
1.2101719379425049
1.0692710876464844
0.8626213073730469
0.9402697086334229
0.9668827056884766
1.2061548233032227
1.0200576782226562
0.9073202610015869
0.9645395278930664
1.0338129997253418
0.8674635887145996
1.0387461185455322
0.830958366394043
1.2283356189727783
1.0783276557922363
0.7676284313201904
0.8172028064727783
1.1398653984069824
1.2377345561981201
0.7999684810638428
0.7653141021728516
1.093761920928955
1.0698328018188477
1.0691168308258057
1.030097246170044
0.9385635852813721
0.7947342395782471
1.0949530601501465
0.7957472801208496
0.9451959133148193
1.1411349773406982
1.201310157775879
0.810502290725708
0.8598618507385254
0.9697110652923584
0.878267765045166
1.0971031188964844
1.0625884532928467
1.1953349113464355
1.0132241249084473
1.1415202617645264
1.0692894458770752
0.8579607009887695
0.9538345336914062
0.8135616779327393
0.7900266647338867
0.8069617748260498
1.1127831935882568
0.9440371990203857
0.8242795467376709
1.0348949432373047
0.939664363861084
0.9794435501098633
1.0385940074920654
0.9297165870666504
0.8147709369659424
0.8724591732025146
0.8554511070251465
1.1946253776550293
0.9743800163269043
1.1743378639221191
0.8613889217376709
1.1912710666656494
0.9707498550415039
0.8719065189361572
0.7986359596252441
1.1761360168457031
0.9209558963775635
1.0726661682128906
0.8924064636230469
1.2020936012268066
0.8511772155761719
1.0184178352355957
1.1077802181243896
0.8006930351257324
0.7821857929229736
1.1018211841583252
1.1045713424682617
0.9636743068695068
0.8472659587860107
0.9461650848388672
1.090057611465454
0.9762287139892578
0.780665397644043
0.8002645969390869
0.8791108131408691
1.1758816242218018
0.9591286182403564
1.0791919231414795
1.1694858074188232
0.7614216804504395
0.9683423042297363
0.9786965847015381
1.0737495422363281
0.8775880336761475
1.0244579315185547
0.7750303745269775
0.8748342990875244
1.1045620441436768
1.187866449356079
0.8465771675109863
1.1841213703155518
0.9525952339172363
1.2424910068511963
0.8985774517059326
0.8660047054290771
1.119502305984497
0.8813085556030273
0.9842672348022461
0.9220526218414307
0.8054013252258301
1.14383864402771
0.8230545520782471
1.2337133884429932
0.9645016193389893
0.8484737873077393
1.0422086715698242
0.8180122375488281
0.84670090675354
0.7863149642944336
1.0200462341308594
1.168017864227295
0.8010866641998291
1.1248507499694824
0.9056603908538818
1.1388120651245117
1.2464795112609863
1.1913623809814453
1.1531033515930176
1.1724324226379395
0.8253464698791504
1.0618293285369873
1.1874892711639404
0.845869779586792
0.85457444190979
1.0697236061096191
0.9912135601043701
0.9992251396179199
1.1631453037261963
1.0368366241455078
1.0456385612487793
0.8601963520050049
1.0948069095611572
0.8584637641906738
1.0120277404785156
0.8060369491577148
1.1778974533081055
0.9970414638519287
0.8764030933380127
1.0266475677490234
1.181607723236084
0.9302322864532471
0.7850944995880127
1.0509538650512695
0.9864447116851807
1.15057373046875
0.9555902481079102
0.8690667152404785
1.0664465427398682
0.845820426940918
0.8249239921569824
0.7760426998138428
0.883134126663208
1.0479884147644043
0.892653226852417
0.8976008892059326
0.846045732498169
1.0586857795715332
1.0238165855407715
0.9013378620147705
0.7758612632751465
1.217738151550293
1.1779191493988037
1.2054872512817383
1.2195749282836914
1.223357915878296
1.0335571765899658
0.8818438053131104
1.0019183158874512
1.2380902767181396
1.1434900760650635
0.8947784900665283
0.9317762851715088
0.9670398235321045
0.9013633728027344
0.8722968101501465
0.926649808883667
0.7765839099884033
0.7704386711120605
0.7938385009765625
0.772141695022583
1.237016201019287
1.0772981643676758
1.2450964450836182
1.0010366439819336
1.138629674911499
0.893486499786377
0.901012659072876
0.7604415416717529
1.140047550201416
1.1072616577148438
0.9807825088500977
0.9412429332733154
0.8475303649902344
1.228027105331421
1.2231149673461914
0.9918854236602783
1.1418919563293457
1.0656154155731201
1.0884408950805664
0.8064234256744385
0.9494993686676025
1.2195887565612793
0.9921402931213379
0.7732205390930176
1.2513306140899658
0.9199888706207275
1.0353765487670898
1.0472521781921387
0.969933271408081
1.1021873950958252
1.1781411170959473
0.89803147315979
1.0454461574554443
0.7999427318572998
1.0231256484985352
1.1175708770751953
0.9151046276092529
1.0615267753601074
1.2043993473052979
1.1618001461029053
1.1622517108917236
1.2308094501495361
0.8149223327636719
0.902463436126709
0.9427700042724609
0.8986971378326416
1.0476963520050049
1.1210393905639648
1.198667049407959
1.050952434539795
0.8473904132843018
0.7928855419158936
1.2358739376068115
0.8061048984527588
1.0434632301330566
0.9600310325622559
0.9380271434783936
1.1949784755706787
1.1886167526245117
1.0433804988861084
0.9472806453704834
1.1838538646697998
0.871462345123291
1.141613483428955
0.7892584800720215
1.0955884456634521
0.8674516677856445
0.8555841445922852
0.9206390380859375
1.0751137733459473
1.2159993648529053
0.7671463489532471
0.7928228378295898
1.0862765312194824
1.0808918476104736
0.9517121315002441
1.0200462341308594
0.9910264015197754
0.8452489376068115
0.9293434619903564
0.9757368564605713
0.7856147289276123
0.9804022312164307
1.1553013324737549
0.7568259239196777
1.1426596641540527
0.846111536026001
1.2342579364776611
0.942279577255249
1.2291743755340576
0.9203536510467529
0.8180267810821533
0.8753998279571533
1.1657118797302246
1.0889489650726318
1.2505574226379395
0.8418660163879395
1.241060495376587
0.7712023258209229
1.1497554779052734
0.9179892539978027
0.9536941051483154
1.1764545440673828
1.166278600692749
0.8892426490783691
1.1744756698608398
1.0873677730560303
0.9906284809112549
0.9464876651763916
0.7551188468933105
1.102487325668335
0.9226539134979248
1.2510311603546143
1.1425058841705322
1.0865166187286377
0.867302417755127
1.1511590480804443
0.9258744716644287
0.9029810428619385
0.9613733291625977
0.8300693035125732
1.046630620956421
1.0689787864685059
0.96657395362854
1.2290503978729248
0.8689408302307129
0.9977512359619141
1.2203001976013184
1.198155164718628
0.9993236064910889
0.7680261135101318
0.8827040195465088
0.9175727367401123
0.9757575988769531
0.7943828105926514
1.2437293529510498
1.028573751449585
1.1097495555877686
1.231989860534668
1.0016746520996094
0.8642427921295166
0.916060209274292
0.9892175197601318
1.1833100318908691
0.7776105403900146
1.0659081935882568
0.7823977470397949
1.2117846012115479
1.1831510066986084
1.2510695457458496
1.0149462223052979
1.1526472568511963
1.1898036003112793
1.1479825973510742
0.8705120086669922
0.9261221885681152
0.7870733737945557
1.011652946472168
1.0612318515777588
0.9615919589996338
1.0335419178009033
1.0817794799804688
0.9562652111053467
0.9127943515777588
0.8200840950012207
1.1849617958068848
1.1476061344146729
1.0810441970825195
0.8729896545410156
0.7858788967132568
1.228365421295166
0.820641040802002
0.9708552360534668
1.2157466411590576
1.0894834995269775
0.9123907089233398
0.7978599071502686
1.2101426124572754
1.108309268951416
0.9797186851501465
0.9359724521636963
0.8781208992004395
1.1325469017028809
0.8015761375427246
0.8459007740020752
1.1544342041015625
0.9929492473602295
0.9455137252807617
1.2190020084381104
0.9436769485473633
0.8981804847717285
0.9048833847045898
1.2165172100067139
1.1750786304473877
1.1137261390686035
1.0614662170410156
1.1500062942504883
1.1681559085845947
0.935875415802002
0.8100502490997314
1.0255117416381836
1.1905064582824707
1.0351412296295166
1.194150447845459
1.0036349296569824
0.8343679904937744
1.1423182487487793
1.2473008632659912
0.8723917007446289
0.859201192855835
0.7562453746795654
1.0569400787353516
0.761033296585083
0.9454116821289062
0.9174137115478516
0.7826149463653564
0.8954024314880371
1.0523455142974854
0.9548823833465576
1.1973137855529785
0.9356310367584229
1.21687912940979
0.81076979637146
1.2046504020690918
0.891761064529419
1.1579701900482178
0.9831368923187256
0.7698981761932373
1.084871768951416
1.190227746963501
0.9871799945831299
1.1922023296356201
0.817596435546875
1.1151692867279053
0.789698600769043
1.0811066627502441
0.8388786315917969
0.7559049129486084
1.1610116958618164
0.7666304111480713
1.1633760929107666
0.9581594467163086
0.9006874561309814
1.2461016178131104
1.1013922691345215
0.7902064323425293
0.8615303039550781
0.9362461566925049
0.9702062606811523
1.0290961265563965
1.1230027675628662
1.0992696285247803
0.8975551128387451
1.1983563899993896
0.7735204696655273
0.9370517730712891
0.813044548034668
1.0291965007781982
1.06837797164917
0.8769237995147705
0.9878768920898438
0.9640541076660156
1.0661017894744873
0.8828475475311279
1.1976814270019531
1.0406420230865479
0.9489779472351074
1.2411296367645264
1.23600172996521
0.8970160484313965
1.0675063133239746
0.9087355136871338
0.9595165252685547
1.112917184829712
1.0362942218780518
0.8250436782836914
0.7845621109008789
1.0537071228027344
0.802044153213501
0.9412603378295898
1.1977722644805908
1.192025899887085
0.8896012306213379
0.9074075222015381
1.0369327068328857
1.0767428874969482
0.9564309120178223
0.7586815357208252
1.1004674434661865
1.028334379196167
1.193852186203003
0.9210610389709473
1.007288932800293
1.2447729110717773
1.1066160202026367
0.7732510566711426
0.9863839149475098
0.8709676265716553
1.242875337600708
0.7696733474731445
1.203728199005127
1.2346649169921875
0.8673083782196045
0.8535254001617432
0.9365043640136719
1.0373976230621338
0.8845908641815186
0.7536704540252686
1.161620855331421
1.0666542053222656
1.125641107559204
0.7884690761566162
1.0112781524658203
1.0628509521484375
0.9744369983673096
0.9842309951782227
1.0376944541931152
0.9501309394836426
0.8132729530334473
1.11448335647583
0.9057564735412598
1.1249489784240723
1.1340608596801758
1.1355435848236084
1.1850707530975342
1.0012104511260986
0.9416670799255371
0.7616302967071533
1.018845558166504
1.2111821174621582
0.8779411315917969
1.2145237922668457
0.9536440372467041
1.0344007015228271
0.8633575439453125
0.8792750835418701
0.8495137691497803
0.989063024520874
0.8763895034790039
1.1601216793060303
1.1017014980316162
1.0316112041473389
1.011319637298584
0.8794054985046387
0.7533624172210693
0.9199385643005371
1.1065442562103271
0.8616032600402832
0.9412782192230225
1.0660827159881592
1.0582361221313477
0.8074519634246826
1.0365486145019531
0.8047914505004883
1.250854730606079
0.851935863494873
0.8657233715057373
0.7985758781433105
0.8459734916687012
0.931159257888794
1.180055856704712
0.8951842784881592
1.0545823574066162
1.045210361480713
1.2130556106567383
0.953650712966919
0.8529343605041504
0.9255807399749756
1.1415295600891113
1.138174057006836
1.1189203262329102
0.9306364059448242
0.9617841243743896
0.9673535823822021
0.8844473361968994
0.8566532135009766
0.9205248355865479
0.9446125030517578
0.8886356353759766
0.9281823635101318
0.8666739463806152
0.7644407749176025
1.0061721801757812
0.7661392688751221
0.8701729774475098
1.2236337661743164
1.031926155090332
0.8172588348388672
1.086937427520752
0.9647581577301025
0.9323768615722656
1.0280137062072754
0.7578153610229492
1.2360098361968994
1.1303985118865967
0.7723002433776855
1.147592306137085
1.1622889041900635
0.8671684265136719
0.813129186630249
0.9336814880371094
0.9717113971710205
0.8569223880767822
1.0722618103027344
1.095163345336914
1.0138516426086426
1.0838000774383545
0.9005405902862549
0.8481898307800293
1.0765056610107422
0.8328232765197754
0.7807302474975586
0.8811662197113037
0.8925447463989258
0.8615491390228271
0.9297173023223877
1.1476202011108398
0.9520256519317627
1.1871569156646729
1.1547458171844482
1.0014235973358154
0.772758960723877
0.8822071552276611
1.1216769218444824
0.7880723476409912
1.22548508644104
0.7746715545654297
0.7859394550323486
0.9078965187072754
0.9595427513122559
1.1510026454925537
0.9990215301513672
0.9701972007751465
1.1136455535888672
1.1122212409973145
0.9481954574584961
1.1161797046661377
1.0063583850860596
1.1400504112243652
1.2320787906646729
0.7706747055053711
0.7642598152160645
0.8196892738342285
1.0789484977722168
1.2380270957946777
0.82155442237854
0.8505368232727051
0.9655377864837646
0.9562129974365234
0.894993782043457
0.7717564105987549
0.8643090724945068
0.8287436962127686
1.1794512271881104
0.7783961296081543
1.2491567134857178
1.117356777191162
0.9370105266571045
1.0914697647094727
0.9397451877593994
1.1524434089660645
0.903127908706665
0.9598453044891357
0.9658544063568115
1.091095209121704
0.7633697986602783
0.7625586986541748
0.9322915077209473
1.1112940311431885
0.8564598560333252
1.1106908321380615
0.7821552753448486
1.0267302989959717
0.8109116554260254
0.8620078563690186
0.9213917255401611
1.107276439666748
0.8085241317749023
0.9657926559448242
0.8074555397033691
1.072004795074463
1.1204643249511719
1.250502347946167
0.9720346927642822
1.1522624492645264
0.9661605358123779
0.8483076095581055
1.0020370483398438
0.756986141204834
0.8914024829864502
0.8747084140777588
1.1848373413085938
1.2171895503997803
1.0362401008605957
0.8157074451446533
0.9304273128509521
1.2382538318634033
1.2358882427215576
1.1368083953857422
1.0054495334625244
0.9287025928497314
1.0438663959503174
0.8307912349700928
1.149528980255127
0.8144900798797607
1.028836965560913
1.0565783977508545
0.8204097747802734
0.7665762901306152
1.1001338958740234
1.2370274066925049
0.7902336120605469
0.9530553817749023
1.1840004920959473
1.2492516040802002
0.9893343448638916
0.9546182155609131
0.8138902187347412
1.1674106121063232
1.2446544170379639
0.774604320526123
1.0323197841644287
1.1769335269927979
0.7891483306884766
1.032348871231079
1.0721969604492188
0.9001297950744629
1.1134092807769775
1.2070889472961426
0.8660092353820801
0.9473118782043457
0.9100563526153564
1.2056949138641357
1.1622552871704102
0.9034953117370605
1.2445001602172852
0.8420257568359375
1.2360846996307373
0.9975404739379883
0.9401426315307617
0.955019474029541
0.7954797744750977
1.105912685394287
1.1514182090759277
1.1434173583984375
1.081179141998291
0.9758484363555908
1.2308437824249268
1.1913504600524902
0.9601438045501709
1.0787525177001953
0.893538236618042
0.9945383071899414
1.001042366027832
1.0855798721313477
1.0732576847076416
1.048173427581787
0.9869730472564697
1.2201247215270996
1.20686674118042
0.9113740921020508
0.830655574798584
0.9653542041778564
0.8316891193389893
1.222532033920288
0.7915153503417969
1.1158254146575928
1.0452425479888916
1.0782511234283447
1.0161888599395752
0.8256595134735107
0.8449437618255615
0.9512717723846436
1.2322819232940674
1.2472312450408936
0.7692937850952148
0.9884099960327148
0.7868137359619141
0.8122978210449219
0.9083094596862793
1.057098388671875
1.047255516052246
0.884284257888794
1.250957727432251
1.0116314888000488
0.9424095153808594
0.8329958915710449
1.2160851955413818
1.2463994026184082
0.8686819076538086
1.246716022491455
0.9704070091247559
0.7800836563110352
0.9171350002288818
1.0438768863677979
1.1319975852966309
0.8424434661865234
0.7915353775024414
1.0562338829040527
0.7653121948242188
1.2126595973968506
0.9696958065032959
0.7607161998748779
1.2032909393310547
1.023486614227295
0.9555325508117676
1.0318107604980469
0.78678297996521
0.8564703464508057
1.0505316257476807
1.1178739070892334
1.0357859134674072
0.7913978099822998
1.205143690109253
1.187161922454834
1.2432570457458496
0.8200240135192871
1.210209846496582
1.0901076793670654
1.2515456676483154
0.9272406101226807
0.9119541645050049
0.9073350429534912
1.2011899948120117
0.9745898246765137
0.8494560718536377
1.215691328048706
1.1922731399536133
0.8110792636871338
0.9192585945129395
0.8816587924957275
0.8467373847961426
0.9876668453216553
0.8142874240875244
0.7776527404785156
1.0860989093780518
0.7594654560089111
1.226151466369629
0.8776636123657227
1.188164234161377
1.025014877319336
1.1375725269317627
1.0487415790557861
0.9226622581481934
0.8630280494689941
1.1296660900115967
0.7709133625030518
1.1798017024993896
1.0387606620788574
0.8651599884033203
0.7942206859588623
1.1866881847381592
1.1667003631591797
0.9758431911468506
1.0838661193847656
1.215991497039795
0.9442493915557861
0.8309957981109619
0.8654313087463379
0.9906539916992188
1.126598834991455
1.2505812644958496
0.8371999263763428
0.7729575634002686
1.1658635139465332
0.9743990898132324
1.2039217948913574
0.8079705238342285
1.1122455596923828
0.9999237060546875
1.1117379665374756
1.1145212650299072
0.7745661735534668
0.7863702774047852
0.831254243850708
1.2144432067871094
0.902468204498291
1.0901730060577393
1.1029577255249023
0.9275469779968262
0.9009544849395752
0.7665994167327881
0.882422924041748
0.8687784671783447
0.8533563613891602
0.9431159496307373
1.0546512603759766
1.2207911014556885
1.0678234100341797
1.0042812824249268
0.8786604404449463
1.1263930797576904
0.9060559272766113
1.016120195388794
0.945859432220459
1.2177014350891113
0.9507489204406738
1.1720435619354248
0.8951830863952637
1.2468643188476562
1.241506576538086
1.1661088466644287
0.8200137615203857
1.0812344551086426
1.1176931858062744
0.8027582168579102
0.8148033618927002
0.846782922744751
1.0479555130004883
1.0962135791778564
1.2017638683319092
0.9916017055511475
1.0068087577819824
0.8905737400054932
1.0892605781555176
1.1043994426727295
1.1027553081512451
0.9121437072753906
0.9238183498382568
0.8108878135681152
1.0937447547912598
1.0254182815551758
