0.8597052097320557
0.8386619091033936
1.1414697170257568
1.2114715576171875
0.8671994209289551
1.1602835655212402
0.8814468383789062
1.0507376194000244
0.7637407779693604
1.0608117580413818
0.9443848133087158
1.1929576396942139
1.0362043380737305
0.8568665981292725
0.820371150970459
0.7710061073303223
0.7592628002166748
0.762894868850708
1.130795955657959
0.9288122653961182
1.2027065753936768
0.8226003646850586
0.822606086730957
1.0627026557922363
1.0026347637176514
0.7870776653289795
0.8082180023193359
1.133197546005249
0.9249036312103271
1.159339427947998
1.2332103252410889
0.8639011383056641
0.7998723983764648
0.8164207935333252
0.8088140487670898
1.132347822189331
0.8307747840881348
1.1658310890197754
0.9215502738952637
0.9993734359741211
1.1663434505462646
1.2104005813598633
0.930260181427002
1.1816542148590088
0.9458017349243164
1.0080313682556152
0.9668207168579102
0.9597704410552979
0.890190839767456
1.226755142211914
1.0236773490905762
0.9095878601074219
0.7928521633148193
0.9027695655822754
0.864556074142456
0.8833439350128174
0.7967867851257324
1.1002161502838135
1.0379784107208252
0.7937266826629639
0.9370827674865723
0.8837268352508545
1.2457659244537354
1.1655197143554688
0.9898021221160889
0.7959544658660889
0.8859832286834717
1.1879065036773682
1.246584177017212
1.2395884990692139
1.131709337234497
1.0615394115447998
0.7892310619354248
1.0678651332855225
0.8985764980316162
0.9211866855621338
1.1744248867034912
1.0749015808105469
0.953646183013916
1.0264577865600586
1.1626300811767578
0.8796987533569336
0.8139421939849854
1.075789213180542
0.9552509784698486
1.0610520839691162
1.069441556930542
0.9779973030090332
0.9857134819030762
1.0529158115386963
1.0797672271728516
0.9998281002044678
0.964827299118042
1.0808830261230469
1.1705377101898193
0.8228845596313477
0.8410162925720215
0.8888616561889648
1.0466184616088867
0.8336687088012695
1.1831791400909424
1.1372730731964111
0.8910501003265381
0.9793684482574463
0.8279821872711182
0.7848806381225586
0.8019182682037354
1.1794257164001465
0.9985105991363525
1.2059011459350586
1.071955680847168
1.2166805267333984
0.8694994449615479
0.9696638584136963
1.1117916107177734
1.1322085857391357
0.7792985439300537
0.8641805648803711
0.8556935787200928
0.8195693492889404
0.8154621124267578
0.9405367374420166
1.088243007659912
0.968386173248291
0.9804391860961914
0.8151466846466064
1.0965209007263184
0.8164498805999756
0.795982837677002
0.8131427764892578
1.080197811126709
1.1666510105133057
0.8058109283447266
0.8057990074157715
0.8248591423034668
1.0647597312927246
1.234039545059204
0.9151313304901123
1.0411162376403809
0.7909586429595947
1.0948398113250732
1.1500270366668701
1.128354549407959
0.9757795333862305
0.9456017017364502
0.914252758026123
0.8867366313934326
0.9090380668640137
1.1390659809112549
1.1474432945251465
0.7906386852264404
1.192368507385254
0.873659610748291
1.2255234718322754
1.0499131679534912
1.0092275142669678
0.7549629211425781
0.9571683406829834
1.1868350505828857
0.9873995780944824
1.1130483150482178
0.794064998626709
0.906059741973877
0.7924189567565918
1.1932172775268555
0.8704118728637695
0.9573054313659668
1.19887375831604
1.2212276458740234
1.0880944728851318
0.8075778484344482
1.0402445793151855
0.9075148105621338
0.9892804622650146
1.1944093704223633
1.2412786483764648
0.8868558406829834
0.8857824802398682
1.176530122756958
0.7782731056213379
1.1361021995544434
1.235591173171997
1.017301082611084
1.175097942352295
0.7626817226409912
0.7763752937316895
0.8078296184539795
0.822002649307251
0.8266994953155518
1.189929485321045
0.8129475116729736
1.0520846843719482
0.7735671997070312
0.8878977298736572
1.0090115070343018
0.8262553215026855
0.8973305225372314
1.1744091510772705
1.2141857147216797
1.0707697868347168
0.7997786998748779
0.908482551574707
1.0014383792877197
0.8784928321838379
0.9280555248260498
0.830150842666626
1.2254219055175781
0.9865221977233887
0.9164514541625977
1.1223714351654053
1.1268501281738281
0.7578186988830566
1.217963457107544
0.9864463806152344
1.1488323211669922
1.12052321434021
0.7811329364776611
1.1440694332122803
1.2070274353027344
1.159904956817627
0.8144793510437012
0.8105387687683105
1.1235840320587158
1.2496068477630615
1.1909477710723877
0.9030420780181885
1.1538546085357666
1.1525216102600098
1.0771658420562744
1.0473666191101074
0.8930199146270752
0.9065995216369629
1.2383787631988525
1.2141237258911133
1.0096020698547363
0.9894099235534668
0.8955159187316895
1.019078254699707
1.2175402641296387
0.9340145587921143
0.7845475673675537
1.0330712795257568
0.9852983951568604
1.230858564376831
1.0163178443908691
0.9776265621185303
0.7802109718322754
1.0953493118286133
0.8808050155639648
1.2260260581970215
0.9130814075469971
1.247638463973999
0.7877781391143799
0.7998571395874023
1.1854157447814941
0.8668949604034424
1.0966596603393555
0.9797492027282715
1.0003485679626465
1.1259653568267822
1.11680006980896
0.8946890830993652
1.0324947834014893
1.2029569149017334
1.1891870498657227
0.7922768592834473
0.9851405620574951
1.144120216369629
0.9845547676086426
1.1884148120880127
1.03548264503479
1.0034141540527344
0.7727818489074707
1.1985435485839844
0.9464616775512695
1.1434657573699951
1.052320957183838
0.9898650646209717
0.8098084926605225
1.239375352859497
0.8113319873809814
0.940596342086792
1.1475441455841064
1.1222779750823975
1.2447268962860107
0.976635217666626
1.0894572734832764
1.1107022762298584
0.7666025161743164
0.99849534034729
1.1500244140625
1.1484568119049072
1.1401565074920654
1.0494322776794434
1.1006760597229004
1.0622894763946533
1.1676609516143799
0.8943119049072266
0.8070340156555176
0.9949791431427002
1.0904755592346191
0.8536314964294434
1.044227123260498
1.2216331958770752
1.2250230312347412
0.7910091876983643
1.0872251987457275
0.9185576438903809
1.008124828338623
1.133495807647705
0.8886303901672363
0.8988382816314697
1.212770700454712
1.1441917419433594
0.9468944072723389
0.9821205139160156
0.8525514602661133
0.8088905811309814
0.9704239368438721
0.8637275695800781
0.8978798389434814
1.1561808586120605
1.0897343158721924
1.235840082168579
0.9955763816833496
0.9433705806732178
1.0403459072113037
0.8653964996337891
0.9765973091125488
0.7932803630828857
0.9494409561157227
0.9889805316925049
1.1895802021026611
0.8010754585266113
0.7524075508117676
0.8158671855926514
1.0058541297912598
0.9243276119232178
0.9125008583068848
0.9447410106658936
0.915473222732544
0.8944334983825684
1.1809885501861572
0.9270932674407959
0.7767391204833984
0.7601666450500488
1.1385226249694824
0.85294508934021
0.7528326511383057
0.7865374088287354
0.797476053237915
1.0661351680755615
0.9937300682067871
0.8267242908477783
1.048595666885376
0.8135249614715576
0.8836197853088379
0.8489630222320557
1.0388991832733154
1.017364740371704
1.0153276920318604
0.9498040676116943
1.0253801345825195
1.2362444400787354
1.1120877265930176
0.9547841548919678
1.242823839187622
0.7594506740570068
0.8043756484985352
1.2193849086761475
1.0158240795135498
0.8375842571258545
0.9440774917602539
0.9379012584686279
0.7644319534301758
1.0209980010986328
0.7986886501312256
0.7887544631958008
0.9961354732513428
0.8243584632873535
1.2439305782318115
1.183791160583496
1.0323739051818848
1.1080660820007324
1.231834888458252
1.0749387741088867
0.9834599494934082
0.9196419715881348
1.0721800327301025
1.03428053855896
1.2429325580596924
0.8303055763244629
0.9402904510498047
0.9047479629516602
1.0524747371673584
0.9705560207366943
1.0749120712280273
0.8718485832214355
1.2037289142608643
0.9928245544433594
0.9021303653717041
0.7562501430511475
1.0136141777038574
0.8668966293334961
0.9758133888244629
0.8764777183532715
1.1082756519317627
1.18272066116333
1.0330922603607178
1.2400493621826172
0.7789108753204346
0.9696962833404541
0.8106467723846436
1.0269393920898438
1.1156642436981201
0.9876155853271484
0.8039703369140625
1.0158271789550781
0.8368813991546631
1.172245979309082
1.164487361907959
0.9913904666900635
0.9655392169952393
0.9173572063446045
1.227182388305664
1.089674472808838
1.0485990047454834
1.180692434310913
1.112774133682251
0.985335111618042
1.164736032485962
0.8773314952850342
1.1381547451019287
0.8316514492034912
0.8149006366729736
0.9439547061920166
1.240194320678711
1.1769309043884277
1.1770126819610596
0.9259757995605469
1.037201166152954
0.8162195682525635
1.0300486087799072
1.1839330196380615
1.1587393283843994
1.199127435684204
0.8479750156402588
0.8171017169952393
0.9928271770477295
1.2333154678344727
1.0831315517425537
0.8132979869842529
1.0833461284637451
1.204986810684204
1.0636837482452393
0.9197173118591309
1.0410435199737549
1.1906850337982178
0.8944723606109619
0.9806983470916748
1.180910587310791
0.8290572166442871
1.0457282066345215
1.1742513179779053
1.1573402881622314
0.9276397228240967
0.9484968185424805
0.8740689754486084
0.9655168056488037
0.8301730155944824
0.9085633754730225
0.9409823417663574
0.8908672332763672
1.1078095436096191
1.2068612575531006
0.9624032974243164
1.148838758468628
1.0029373168945312
1.005659818649292
1.2212800979614258
0.7630550861358643
0.8022232055664062
0.8779506683349609
1.0550673007965088
0.8761951923370361
0.9439733028411865
1.1727306842803955
0.9137718677520752
1.1885793209075928
0.7933571338653564
1.1434776782989502
0.8068978786468506
1.0418436527252197
1.0881421566009521
0.9088358879089355
0.9870998859405518
1.179765224456787
0.8439412117004395
0.8694679737091064
1.070317029953003
1.211073398590088
0.79998779296875
