1.100001335144043
0.8930916786193848
0.8827478885650635
1.1209933757781982
1.0660951137542725
0.9709608554840088
0.9938299655914307
0.9807267189025879
1.1286520957946777
0.9585449695587158
1.0339887142181396
0.9697401523590088
1.0932092666625977
1.073232889175415
1.0583112239837646
0.8967130184173584
0.8553566932678223
0.9604778289794922
0.9106009006500244
1.0855014324188232
1.073793649673462
0.8569200038909912
0.9108703136444092
0.9232382774353027
0.899468183517456
1.0163943767547607
1.0429878234863281
1.1378841400146484
1.0245602130889893
0.8858237266540527
0.9208896160125732
1.0742969512939453
1.129065752029419
0.9956247806549072
0.8912034034729004
1.0676262378692627
1.0373528003692627
1.0457932949066162
0.9112014770507812
1.1188454627990723
0.9397854804992676
0.8907551765441895
0.943842887878418
0.9358761310577393
0.891211748123169
0.9241814613342285
1.0971927642822266
1.1364707946777344
0.9910881519317627
0.9696557521820068
0.9446232318878174
0.9413821697235107
1.0356202125549316
0.852867841720581
0.9568996429443359
0.8664946556091309
1.0669429302215576
0.8983240127563477
0.9506967067718506
0.8554897308349609
0.9689211845397949
1.0056838989257812
0.9063246250152588
0.9692771434783936
0.9949965476989746
0.9639129638671875
1.1476430892944336
0.9245204925537109
1.0956916809082031
1.1235222816467285
0.9809763431549072
0.8828320503234863
0.8956892490386963
1.0717127323150635
0.986473560333252
0.9776551723480225
0.9815232753753662
0.9881563186645508
0.9619462490081787
0.9288084506988525
1.0660276412963867
0.8663160800933838
0.9997909069061279
1.118312120437622
1.0589299201965332
0.9434444904327393
1.0481557846069336
1.0165691375732422
0.9087123870849609
1.1054363250732422
0.964970588684082
0.9191324710845947
0.9613356590270996
1.030470848083496
0.9060261249542236
0.9205858707427979
1.021522045135498
1.1088576316833496
1.0711593627929688
1.143064022064209
0.9808433055877686
1.0962140560150146
1.054462194442749
1.150453805923462
1.0883193016052246
0.8607158660888672
0.8746058940887451
1.1468579769134521
1.0978567600250244
1.0995657444000244
1.12111234664917
1.067040205001831
1.1038703918457031
1.0724239349365234
0.9635417461395264
0.9339945316314697
1.1126832962036133
1.045198917388916
1.0571153163909912
0.9889688491821289
1.015639305114746
0.9680056571960449
1.0464487075805664
1.1072356700897217
0.9891910552978516
0.9203712940216064
0.8623578548431396
0.9835300445556641
1.0246202945709229
1.0262336730957031
0.8938312530517578
1.0991637706756592
0.8528108596801758
1.141042947769165
0.9793975353240967
1.1297821998596191
1.0822625160217285
1.010132074356079
0.900547981262207
0.902799129486084
1.0412101745605469
0.8754241466522217
0.9508867263793945
1.0136401653289795
1.0048811435699463
1.0191826820373535
1.0734262466430664
1.019395112991333
0.8651559352874756
1.1149201393127441
0.9589622020721436
0.9231822490692139
0.9958064556121826
0.8777973651885986
1.075474500656128
1.1327061653137207
1.1216328144073486
0.947136640548706
0.8941738605499268
1.0146827697753906
1.0128984451293945
0.8525958061218262
1.0355119705200195
0.9856138229370117
1.1487195491790771
0.9197683334350586
0.9393496513366699
0.9440839290618896
1.068105936050415
1.1116676330566406
0.8523380756378174
1.0041911602020264
0.9154243469238281
1.0628483295440674
0.933218240737915
0.9593343734741211
0.9200155735015869
1.068455696105957
0.8540728092193604
0.9023282527923584
0.8803625106811523
1.0965619087219238
1.1349537372589111
0.9395310878753662
0.9375748634338379
0.9723207950592041
0.9888145923614502
0.8850216865539551
0.8644042015075684
1.0617947578430176
0.9742481708526611
1.0342514514923096
1.037282943725586
1.049879550933838
0.8652536869049072
1.1113872528076172
1.1253974437713623
0.9838263988494873
0.9524121284484863
0.956143856048584
1.105302333831787
1.0451085567474365
1.1065285205841064
1.0731182098388672
1.1103262901306152
0.9300720691680908
1.1100120544433594
0.8838603496551514
0.988288402557373
0.978020429611206
1.1461198329925537
0.9614911079406738
1.1447718143463135
1.1249699592590332
0.9283156394958496
1.0460331439971924
1.072396993637085
1.046973705291748
1.0711050033569336
0.9144339561462402
1.0217394828796387
1.130199909210205
1.1497197151184082
0.8774797916412354
0.966048002243042
1.0826568603515625
1.1287939548492432
0.9084811210632324
0.911858320236206
1.0894584655761719
1.0991766452789307
1.0034217834472656
0.9106557369232178
0.9310367107391357
0.9554417133331299
0.9355020523071289
1.0337297916412354
1.059736728668213
0.9800717830657959
1.0690586566925049
0.9070136547088623
1.0974900722503662
0.9617056846618652
1.0827114582061768
0.8533587455749512
1.004563570022583
0.8913803100585938
1.038893222808838
0.9467391967773438
0.9751834869384766
1.0336894989013672
0.9566097259521484
1.0619029998779297
1.0088636875152588
0.9489216804504395
0.9084243774414062
0.9475457668304443
1.0683767795562744
1.0241847038269043
0.9265403747558594
0.8813889026641846
0.8523025512695312
0.9182586669921875
1.1220073699951172
0.898460865020752
1.0456759929656982
1.065981149673462
0.9583232402801514
1.0168118476867676
0.9427804946899414
1.082287073135376
0.8619396686553955
0.9261393547058105
0.920844554901123
1.121697187423706
0.9285805225372314
0.9266414642333984
1.0621936321258545
1.049222707748413
1.012993574142456
0.9905900955200195
1.0077245235443115
1.0845696926116943
0.9769232273101807
1.143190860748291
1.0744762420654297
1.0712757110595703
1.0557644367218018
0.9881918430328369
0.9066598415374756
1.0854506492614746
1.02418851852417
1.0337886810302734
1.0871152877807617
1.1252310276031494
0.9969940185546875
0.9107677936553955
0.9556479454040527
0.9584856033325195
0.9141845703125
0.9555675983428955
0.8749899864196777
0.9939336776733398
1.0544607639312744
0.9373247623443604
1.1132888793945312
0.9272551536560059
0.9169485569000244
1.1131281852722168
1.0190839767456055
0.8837590217590332
1.006173849105835
0.8843779563903809
0.9254209995269775
0.8604390621185303
0.956439733505249
0.8990261554718018
0.9301137924194336
1.0708763599395752
1.0873210430145264
1.0392065048217773
1.0495390892028809
0.9447028636932373
0.8912818431854248
0.8956542015075684
0.9556863307952881
1.0908823013305664
0.8698539733886719
0.9156701564788818
1.0035688877105713
1.1213359832763672
0.9704351425170898
1.027245283126831
0.8749606609344482
0.8897204399108887
1.0362365245819092
1.1248395442962646
0.9761149883270264
0.8728296756744385
0.8673539161682129
0.8972368240356445
0.9386868476867676
0.916529655456543
0.9958488941192627
0.9096291065216064
0.8587167263031006
0.99912428855896
0.9872429370880127
0.8839313983917236
1.1126151084899902
1.1460397243499756
0.9175424575805664
0.9839086532592773
1.1498918533325195
1.0895729064941406
0.8596186637878418
0.9954524040222168
0.8982317447662354
1.1484405994415283
0.8659493923187256
1.09458327293396
1.096914291381836
1.1382408142089844
1.0982003211975098
1.0119116306304932
1.011812448501587
0.8639235496520996
0.9746308326721191
1.1044766902923584
0.9654860496520996
0.9099299907684326
1.0947754383087158
0.9080996513366699
1.0296986103057861
1.0195422172546387
0.9193315505981445
1.1410717964172363
1.0981156826019287
1.1338510513305664
1.1175029277801514
0.8625674247741699
0.915229082107544
1.125551700592041
1.0233314037322998
0.8587024211883545
0.99033522605896
0.9975752830505371
1.132357120513916
1.0714054107666016
1.102459192276001
1.0265190601348877
0.8769309520721436
0.9216511249542236
0.8881611824035645
1.1060807704925537
1.1374835968017578
1.131714105606079
0.8848347663879395
1.003080129623413
1.1290864944458008
0.9119546413421631
0.9813642501831055
1.1492035388946533
1.0595002174377441
1.1325874328613281
0.9132065773010254
0.9029531478881836
0.9097445011138916
1.0197384357452393
1.070633888244629
1.031017541885376
1.0347232818603516
0.9170234203338623
1.1304726600646973
0.8862292766571045
1.1072988510131836
1.0113716125488281
1.140519142150879
0.8846921920776367
0.9856870174407959
1.0830118656158447
0.8715484142303467
1.0869193077087402
1.1310153007507324
1.0783054828643799
0.912261962890625
1.1299705505371094
0.8608992099761963
1.065335988998413
1.0176970958709717
0.9822299480438232
0.8823323249816895
1.1462016105651855
0.9608571529388428
0.8753912448883057
0.9448988437652588
1.0710055828094482
0.9814832210540771
0.9181609153747559
0.9985365867614746
0.9392979145050049
0.9054603576660156
0.9214041233062744
0.865079402923584
1.1344077587127686
0.9798979759216309
1.119443416595459
0.8584661483764648
0.896958589553833
1.013920545578003
1.0449693202972412
1.1208555698394775
0.8941707611083984
1.085144281387329
1.0039470195770264
0.918675422668457
0.9350411891937256
0.9411795139312744
1.0253314971923828
1.0400989055633545
1.1015448570251465
0.9663732051849365
1.0461187362670898
1.13057279586792
1.069589614868164
1.0852227210998535
1.0204823017120361
0.8829665184020996
0.8876981735229492
0.9301578998565674
1.1119918823242188
0.9696609973907471
1.0619847774505615
0.8692755699157715
1.0134668350219727
1.1390154361724854
1.0439321994781494
0.9469723701477051
1.1021556854248047
1.0536818504333496
1.1462173461914062
0.9117684364318848
0.9007608890533447
1.140486478805542
1.1475417613983154
1.0342533588409424
0.9620401859283447
1.0321335792541504
0.903815746307373
1.0669794082641602
0.9560515880584717
0.8738455772399902
1.1497795581817627
0.9059991836547852
0.8853676319122314
1.0438423156738281
1.0421605110168457
1.052983283996582
1.118628978729248
1.1283984184265137
0.9019925594329834
