1.6770408153533936
1.7768309116363525
1.671839714050293
1.8758931159973145
1.6835570335388184
1.6299736499786377
1.7804632186889648
1.874349594116211
1.643709421157837
1.6088554859161377
1.7059152126312256
1.6128149032592773
1.8417654037475586
1.7928080558776855
1.677863359451294
1.7643299102783203
1.858205795288086
1.8649609088897705
1.6104557514190674
1.7133703231811523
1.7106046676635742
1.8927154541015625
1.883049488067627
1.681300401687622
1.6559529304504395
1.6758756637573242
1.8411543369293213
1.6259303092956543
1.659775733947754
1.798433780670166
1.7934632301330566
1.692939281463623
1.8644390106201172
1.634688377380371
1.7304155826568604
1.6682074069976807
1.7738168239593506
1.7815239429473877
1.708749532699585
1.6413309574127197
1.8038756847381592
1.754366159439087
1.716541051864624
1.6335387229919434
1.6867711544036865
1.708038330078125
1.7462427616119385
1.9015743732452393
1.662604808807373
1.7253665924072266
1.6762704849243164
1.7316005229949951
1.7831740379333496
1.6118805408477783
1.7357213497161865
1.6452264785766602
1.8687622547149658
1.6896624565124512
1.8088719844818115
1.6513469219207764
1.6881177425384521
1.8705475330352783
1.7856979370117188
1.7705819606781006
1.8232905864715576
1.7063019275665283
1.8991472721099854
1.7433557510375977
1.759791374206543
1.782515287399292
1.8004043102264404
1.656484603881836
1.760418176651001
1.8632876873016357
1.7262654304504395
1.771944522857666
1.804079532623291
1.7789490222930908
1.8402199745178223
1.6155686378479004
1.757685661315918
1.7284295558929443
1.6181931495666504
1.842104434967041
1.7917735576629639
1.6402034759521484
1.8877742290496826
1.758328914642334
1.7729382514953613
1.8170585632324219
1.683025598526001
1.7705731391906738
1.7875900268554688
1.6679296493530273
1.8970844745635986
1.6061179637908936
1.7962570190429688
1.7399179935455322
1.6492409706115723
1.8813529014587402
1.6292588710784912
1.7202913761138916
1.660644769668579
1.8058531284332275
1.790595531463623
1.6845412254333496
1.662714958190918
1.6430139541625977
1.823781967163086
1.8668887615203857
1.6237549781799316
1.6075220108032227
1.7111139297485352
1.6848533153533936
1.6363017559051514
1.7077836990356445
1.708059310913086
1.7603986263275146
1.8167123794555664
1.8900864124298096
1.8233895301818848
1.751896619796753
1.6324100494384766
1.776564598083496
1.6226551532745361
1.7107372283935547
1.6413450241088867
1.70344877243042
1.8918399810791016
1.8375799655914307
1.6311004161834717
1.6884231567382812
1.8983592987060547
1.667926549911499
1.8661434650421143
1.6606547832489014
1.647693395614624
1.794173240661621
1.8351902961730957
1.671114206314087
1.7372729778289795
1.8292040824890137
1.634540319442749
1.7169744968414307
1.8315339088439941
1.7892894744873047
1.7214124202728271
1.6826910972595215
1.7878952026367188
1.623356819152832
1.7071919441223145
1.6444506645202637
1.7192211151123047
1.8313214778900146
1.6107361316680908
1.782243013381958
1.6614487171173096
1.8552651405334473
1.6034564971923828
1.6891326904296875
1.829078197479248
1.6033506393432617
1.872483730316162
1.6162300109863281
1.7111432552337646
1.8810710906982422
1.883579969406128
1.8618342876434326
1.8271288871765137
1.681257724761963
1.675302267074585
1.8142368793487549
1.6567456722259521
1.7901461124420166
1.7352023124694824
1.7888460159301758
1.8124134540557861
1.8346059322357178
1.6649823188781738
1.6463158130645752
1.6659986972808838
1.6451191902160645
1.7603037357330322
1.7222139835357666
1.6426255702972412
1.7657787799835205
1.685520887374878
1.901463508605957
1.8276233673095703
1.890390396118164
1.7042076587677002
1.7587201595306396
1.8182809352874756
1.8954803943634033
1.6119306087493896
1.616246223449707
1.6110360622406006
1.8380093574523926
1.7317628860473633
1.6610276699066162
1.7480196952819824
1.7249491214752197
1.7480313777923584
1.6447155475616455
1.8129267692565918
1.6130621433258057
1.6475868225097656
1.6670331954956055
1.7127225399017334
1.8215985298156738
1.7745766639709473
1.6584110260009766
1.8296029567718506
1.7652626037597656
1.8246231079101562
1.6237473487854004
1.8855915069580078
1.7686913013458252
1.8791446685791016
1.7958636283874512
1.7653343677520752
1.8198878765106201
1.802964210510254
1.6275882720947266
1.6537249088287354
1.6725819110870361
1.6068370342254639
1.6662943363189697
1.8365955352783203
1.6172206401824951
1.7309629917144775
1.8637046813964844
1.7753479480743408
1.6586244106292725
1.798856258392334
1.837719440460205
1.7020912170410156
1.6496639251708984
1.8153045177459717
1.6575982570648193
1.6138722896575928
1.6019949913024902
1.7131547927856445
1.690091848373413
1.7829976081848145
1.6968975067138672
1.6165227890014648
1.764782190322876
1.8167967796325684
1.6082746982574463
1.7376165390014648
1.624100685119629
1.8672196865081787
1.8546621799468994
1.667497158050537
1.607008934020996
1.6502363681793213
1.7886326313018799
1.6635830402374268
1.8307673931121826
1.7506518363952637
1.7599005699157715
1.6692163944244385
1.6251118183135986
1.8738548755645752
1.849398136138916
1.6077885627746582
1.8505690097808838
1.7302446365356445
1.6548480987548828
1.8767144680023193
1.6700384616851807
1.721815824508667
1.778714895248413
1.787839651107788
1.750556230545044
1.7734520435333252
1.7276861667633057
1.7429299354553223
1.6873929500579834
1.8257684707641602
1.7610561847686768
1.8852574825286865
1.7093348503112793
1.7408099174499512
1.7717595100402832
1.6084842681884766
1.8681292533874512
1.71500825881958
1.6346244812011719
1.7345683574676514
1.8183927536010742
1.673187494277954
1.6779892444610596
1.7246406078338623
1.8301746845245361
1.8074266910552979
1.6848034858703613
1.8757193088531494
1.7902753353118896
1.8928017616271973
1.6361768245697021
1.8889286518096924
1.800609827041626
1.8400347232818604
1.787546157836914
1.7294437885284424
1.8635225296020508
1.7561407089233398
1.6854822635650635
1.8472473621368408
1.6505367755889893
1.7892978191375732
1.672468662261963
1.75168776512146
1.8921277523040771
1.7862119674682617
1.750460147857666
1.778724193572998
1.6138153076171875
1.7213635444641113
1.7745099067687988
1.806680679321289
1.771493673324585
1.8211774826049805
1.6509485244750977
1.7508175373077393
1.8051049709320068
1.7206244468688965
1.7101845741271973
1.8450675010681152
1.685633659362793
1.9044628143310547
1.648552656173706
1.679464340209961
1.8334438800811768
1.8447837829589844
1.7241239547729492
1.863055944442749
1.845745325088501
1.6686246395111084
1.72414231300354
1.8436877727508545
1.7929997444152832
1.8960764408111572
1.6601827144622803
1.858917474746704
1.885077953338623
1.6178696155548096
1.7085082530975342
1.7742931842803955
1.749542474746704
1.7997322082519531
1.883514642715454
1.8299086093902588
1.7990601062774658
1.8233399391174316
1.6479260921478271
1.7229344844818115
1.6869816780090332
1.692631483078003
1.9016413688659668
1.8399014472961426
1.8481192588806152
1.707751750946045
1.6233372688293457
1.8491630554199219
1.8943865299224854
1.8631837368011475
1.7988190650939941
1.8276894092559814
1.8279001712799072
1.7887029647827148
1.901435375213623
1.6864817142486572
1.8873536586761475
1.7209408283233643
1.7104973793029785
1.727928876876831
1.6743597984313965
1.9016189575195312
1.6672368049621582
1.8604381084442139
1.7826504707336426
1.6489238739013672
1.6094727516174316
1.6281883716583252
1.805516004562378
1.8151230812072754
1.785578727722168
1.8237314224243164
1.7340257167816162
1.6353447437286377
1.821321725845337
1.856642723083496
1.6946744918823242
1.8858482837677002
1.7344605922698975
1.884049892425537
1.631194829940796
1.877255916595459
1.8276314735412598
1.8414843082427979
1.6412065029144287
1.6846435070037842
1.8241839408874512
1.650953769683838
1.7226295471191406
1.8376312255859375
1.7904791831970215
1.8841798305511475
1.755708932876587
1.622042179107666
1.7816784381866455
1.8697383403778076
1.7111332416534424
1.8424150943756104
1.7010998725891113
1.6230549812316895
1.857496976852417
1.7659544944763184
1.7406787872314453
1.6126139163970947
1.8468668460845947
1.6427948474884033
1.8505170345306396
1.689793586730957
1.8345651626586914
1.8073055744171143
1.6970670223236084
1.7469615936279297
1.8572444915771484
1.8390440940856934
1.6279942989349365
1.8750133514404297
1.7301678657531738
1.6093766689300537
1.6607356071472168
1.7991347312927246
1.8666713237762451
1.800661325454712
1.8015189170837402
1.6519441604614258
1.7364306449890137
1.8365774154663086
1.633028507232666
1.8428459167480469
1.8612134456634521
1.819457769393921
1.8943943977355957
1.791522741317749
1.7523880004882812
1.7984895706176758
1.8080310821533203
1.6404242515563965
1.6866376399993896
1.8576147556304932
1.6320703029632568
1.7996304035186768
1.6978273391723633
1.8025131225585938
1.7631783485412598
1.751366138458252
1.660402774810791
1.8503172397613525
1.8674719333648682
1.7278828620910645
1.63210129737854
1.642796277999878
1.7952277660369873
1.6915380954742432
1.8088271617889404
1.7151978015899658
1.867525577545166
1.8592596054077148
1.700643539428711
1.8099777698516846
1.642113447189331
1.6229050159454346
1.784278154373169
1.7586891651153564
1.8055384159088135
1.8642339706420898
1.6060667037963867
1.7976889610290527
1.765259027481079
1.6597423553466797
1.7789506912231445
1.7980926036834717
1.696946382522583
1.6979305744171143
1.8106880187988281
1.7147154808044434
1.6553897857666016
1.6055808067321777
1.8995428085327148
1.7340052127838135
1.6317329406738281
1.828042984008789
1.7066946029663086
1.7027642726898193
