46.98217999857242,8642.147860192188,4.489095008963742,1
45.96953641481751,7108.019953455467,3.573203855026085,1
44.006250671191914,7912.257182395276,3.192704929444563,1
47.50441073415061,6265.1207147472305,3.800360719524707,1
44.562715797758884,5637.025594419798,3.0405060397146135,1
45.717762561383246,5551.4806665486,3.885977092499469,1
45.33989642336723,5504.310551539852,3.4733738423777925,1
46.58633848915855,6713.581301947254,4.57800993726244,1
44.68741769712497,8068.99950040673,3.7943891753702563,1
45.64915033170253,6962.302957901794,4.43681488848326,1
42.89137847174448,8052.135305472279,3.447077082731381,1
44.866031219021686,10008.750560689003,2.880978766339836,1
43.66031068659641,9085.812455405949,3.4439620434898144,1
44.393987305392514,4716.541129917728,3.688695768113895,1
45.81934006516611,8104.574054759629,4.282239004995892,1
46.22885528907592,8137.84111501979,3.8596202197430967,1
46.15504729159171,6690.999031616428,5.000493091592466,1
45.27037716029555,9994.69915575316,3.5122154418201292,1
45.994680402840416,4981.163977586703,3.7314542949424534,1
47.588266950244375,8064.662306565498,3.9921230460234653,1
44.88022684009212,9042.993571439103,4.090574634905155,1
45.7162851314886,8218.2341379778,3.670957198608266,1
44.39727083256074,9427.5681622753,3.629311914354986,1
44.462852204300496,8851.65700303028,4.479829851285328,1
46.357831904202705,9725.101365193914,4.310312549861318,1
46.72154822570201,6945.747828499938,4.044314912490928,1
45.52495756598764,9471.938858412253,3.051930179080992,1
46.98206725418999,9397.724630744053,4.861244967582574,1
45.43704034198232,6947.74762084493,4.77153389619343,1
47.71866189788547,6715.933831635691,3.864810489332147,1
45.3364688868118,6753.73066827982,3.860081673463963,1
48.67152675946482,7346.051736221703,4.740687873521953,1
45.60113832567039,7240.980937398584,3.465717231495825,1
46.02387805293334,8191.9204445008245,3.9934733257464443,1
47.69794609331203,6078.940496323726,3.6167276105587143,1
47.16901132231479,6842.233654857844,3.9770549107775772,1
47.02675653161688,5953.717482786363,4.068490106897365,1
45.32334352534348,8784.612034104759,3.8353868884337348,1
43.14045263307776,9340.176454258584,3.5457015269554986,1
43.85152598171224,6638.369922502351,2.6612717306797933,1
45.61321044632295,7248.029278275007,4.962942299688814,1
46.4772212471275,6773.402223627625,4.558985429580419,1
44.85852092718623,6882.714568716501,3.9503064594050366,1
46.383105612410986,8241.850635181472,3.817738353308846,1
44.92242537508156,10324.840736735767,4.806465119345006,1
46.78527517274139,7312.6329991689745,4.22473253180577,1
44.88887670792601,3878.8488955436587,3.4022921043350256,1
49.14112352753336,9524.970462636797,4.829832506555364,1
47.0905768065799,9443.478126368938,3.8732633291492076,1
44.15032576582064,10283.517664803763,3.1132388356748835,1
45.007756699639984,4873.80175525423,4.127915510423489,1
46.6067143310692,8558.213909884842,3.7471146829534336,1
45.65872820059314,7502.843453780204,3.9714043186272416,1
43.577424428990405,4933.199942539114,4.017372579008364,1
46.98656983013475,8667.397143926217,4.224509820701624,1
43.76905945804938,4428.776041222063,3.235171117129657,1
46.08446717157714,6879.232806882236,3.881070598299746,1
43.75178193705642,8883.923686699358,4.120634722989907,1
45.13084724877821,7652.057606277365,3.8626209128842612,1
47.03771414496912,8081.62556117787,4.210717021781569,1
47.49888738546484,8305.181683384008,3.7947399334140997,1
44.554907923514,6789.790365570341,3.7989000655278633,1
46.30430250811092,6597.755904338256,4.0254302080083315,1
45.629867475967124,9000.971168582131,4.523279965730862,1
44.88827886347414,7475.169208489661,4.228894564685645,1
44.85574024235354,7731.128671080027,4.283159735326076,1
46.04100181491001,7721.918186131048,3.267921248581655,1
44.72317159363991,8517.954366062364,3.6464477110583493,1
43.653699944834656,8123.5943638765275,3.845318449913559,1
47.94729962461441,7846.905796791418,4.183506379389861,1
45.94446972370997,2809.683205805676,3.22730334254527,1
44.94915644409307,5528.9224484241995,3.6763315257620985,1
46.621874091795,8242.185682096497,4.954020342239553,1
46.01902345084804,6634.324651820583,5.155314980339883,1
44.60013773297172,4248.789340130275,3.5604541996862697,1
45.397002159346165,9832.345887774594,3.903736369058649,1
45.126243519236326,8419.14859714184,2.645137034875042,1
44.44985670110626,7057.71389330948,4.585683996604337,1
46.0374156701996,6329.989601091546,4.108083747878851,1
46.4062168096684,7572.835336175841,3.722253296109412,1
45.02556563980461,6513.385984902516,3.8978136805652652,1
45.30783191715243,8382.732223290954,3.999256331900923,1
44.202645150467035,8817.298315908609,4.062609853036217,1
45.781929481075466,6887.986073421943,4.222678639053255,1
43.09193676508964,6780.786255149868,3.3990605864149233,1
45.56039724231212,10258.323342746358,3.419533768992885,1
45.3523341134958,8074.0645861282965,3.674704962359701,1
42.33920216702626,5713.743719268671,4.142736250636424,1
46.814366083797694,8696.730013313922,3.7297497273016313,1
44.91231744926541,8125.549414497125,3.2891115053784725,1
46.696518065741884,7653.539061812178,4.289899155512833,1
46.762347405916174,8560.346007683293,4.4720083467076615,1
47.2972689078462,5538.262192523007,4.239829669645837,1
46.6068083367091,5486.694982830084,3.9375966162088663,1
48.47798262316196,6682.5101109134475,4.342456879497299,1
45.44606452518625,5141.005441649977,4.317230381315107,1
44.09604995162538,11088.870902200379,3.936963695686643,1
47.887003483756985,7723.4373733437205,3.827562132602624,1
44.73387973178327,8281.803009617663,3.8115307875056197,1
46.32468219484328,7348.255729144236,3.65892618229687,1
44.068327254767546,10286.3156375558,4.903997888546076,1
46.03791181642556,6936.140283230463,4.194290311479885,1
46.041181352061024,8079.835599364778,4.016642699981589,1
45.711052289320186,7133.936954685143,3.71424382003129,1
45.01382693106039,7861.456994266179,2.664010709690315,1
47.42790806002249,6354.018441006666,3.7856933825599244,1
47.54602854086367,5645.642948889781,4.6142545255121235,1
45.16077856462891,7297.0219031811275,4.186880295394109,1
43.346200224492954,6497.478624091038,4.5448689133427855,1
46.0376261743097,9306.941147720947,3.9338047584624545,1
46.07300525675168,7089.394764029546,4.133444934299947,1
46.54079026052929,6535.7107705121225,4.044809660415084,1
46.5306214473892,6708.516780069734,4.674839082780348,1
45.18194477612107,7458.929787862123,3.5332772307195546,1
44.71657418353829,8151.813359102347,3.391764022133406,1
47.85361101894087,9064.839057589403,3.7326921037717837,1
45.10484448368707,7608.879590910195,3.726308025609198,1
46.10293267627554,6373.87835319121,3.232825794039452,1
44.344098455618365,5958.268863981289,3.3206267705769226,1
45.00126972505677,5903.360333243602,3.5307317899269597,1
46.679222283618486,9108.819746464966,3.94628622257107,1
44.88536609268902,7644.25817109438,3.3060275247917743,1
44.441582326896686,4883.56855174004,4.820111752590611,1
44.90889144848867,4948.534101190439,4.502047576170712,1
45.32102266919178,7027.298740761851,4.2448649326645365,1
45.433306782672396,7584.36694284837,4.184023192578721,1
47.601482528249264,6675.170895551198,5.000276122382156,1
45.56698218275048,7987.459897134982,3.441543425035227,1
44.173955163273014,9879.218963370471,3.7695210371297505,1
44.09286318423281,5744.220419684618,4.466296833678369,1
46.91851186762674,7598.792230607405,3.4339028437418033,1
43.63935080059082,4491.708380224656,2.7287446939106124,1
44.46435678778957,7039.32795385221,4.203636793484053,1
45.138899066966275,3796.728784004774,4.041748496299687,1
46.037402079116504,7861.217711949244,4.094886264776178,1
47.791885834846525,6331.854140033263,4.806733052687482,1
46.45762010230314,5545.98202048177,4.425577551440754,1
44.04451494793541,6672.697493885543,3.431644032482095,1
46.00036144405773,6870.774185519744,4.802965916546055,1
46.450210094146456,7491.505080090197,4.753584917018351,1
46.44194444773291,9298.608092978977,4.103087828110757,1
44.66073062902108,8592.330406823083,4.1139772964216395,1
45.86091963840285,7364.1535927429,3.852578043519247,1
45.5350582661687,7715.8062376585885,3.646404875840988,1
42.795780408975034,8856.673500900743,3.743617627974351,1
43.218981896435025,9576.86633601339,3.380778201522599,1
48.143433536886896,7670.4548415432655,4.553688898323408,1
45.83416842452855,5588.665131233795,4.2165670642019775,1
42.07604183694817,5954.752176652157,3.4660020935343994,1
45.880929481520546,7355.525772708378,3.6072973897108858,1
46.00735007413338,4799.408362975083,4.155714209695661,1
44.96438795017716,9302.830633859056,3.6930110354163017,1
43.93239030024688,8836.396612795032,3.2593034430861954,1
45.562705044860365,5261.0469994552295,3.7462750950769372,1
45.061913099888784,5404.530120954535,4.408074147026504,1
43.781062962258034,6493.330775122332,3.4173477095744036,1
44.544000603769625,6004.258633460322,4.963125726607686,1
44.72588442259043,7444.603137927892,3.513678389800328,1
44.29510032045343,6741.045697277363,4.129802841114884,1
43.20661892743204,5335.174716959604,3.163345127533476,1
46.59158057235541,8097.214261785119,3.9501289121375383,1
43.02120337021939,9324.172753638,4.0838746421739796,1
45.39651377777534,6433.9464969360715,4.986536805735763,1
44.877849570262576,8359.610426176385,3.701423552359373,1
47.07969977100827,6122.4552705244405,4.739755383155115,1
45.24348795289683,7546.728644762633,4.658582689364113,1
47.06240597897668,6454.33335874938,4.3728671466527205,1
46.26043322026359,7080.472698055823,3.7657431484120973,1
45.32708489813441,9718.132133466497,4.18263908875778,1
43.81577857031267,6238.6456292941475,3.092409220208665,1
45.99901694714564,9026.646367210928,3.711666777644589,1
43.75162198322754,7500.160846681164,3.9784993337295362,1
44.67377155047308,5495.421919957584,4.276954972013384,1
46.173939999644645,6147.962005130626,3.675528263345034,1
45.09989813316815,9096.817447160569,4.029898850266789,1
44.98870031723048,6079.478321710309,4.4525055842546415,1
47.85778103840844,6599.976931527812,4.704543521420758,1
45.09819402741163,9231.974109035287,4.150748012310304,1
45.30087623474588,6892.465575525387,3.838538926445528,1
44.4787383800305,8757.555521016599,3.9243648876665005,1
45.768746589884806,7228.27326382366,4.085262271449361,1
44.92706908890069,5981.245699026024,4.366399315447555,1
47.01045492897991,6925.328074930068,4.183948449911149,1
46.45941190174211,8010.737916044938,4.516100525791409,1
45.256757803303856,8088.712037817648,4.2242548620575695,1
44.52176885950038,5516.464204803265,3.845138146845001,1
44.59018712348465,6484.8570492964045,3.6200806636445755,1
44.54191373189934,7185.929723103417,3.673188036815916,1
45.60610453934134,8395.99320604503,4.264753788646698,1
42.48426857377753,7170.497910168283,3.1185087908296545,1
45.86270684513474,4662.08759015789,3.504590122808314,1
43.381585142396005,9559.040689444288,3.885900743146473,1
45.382027694649985,8678.439175585561,3.7215396545311696,1
43.16506769624936,7544.222987801475,3.1492593510390097,1
45.848152091101326,8078.5864063604,4.0212082574047425,1
42.53429235198776,5526.267703913785,3.3213944497199717,1
47.87154769343538,6795.478031747892,4.160767549931626,1
45.373001624321795,6945.885656808661,4.265167985449619,1
43.28189166358284,6091.0023602885585,3.644081175706727,1
45.01305376218687,7954.093313900305,4.348650501262621,1
42.467766926373855,5466.463599743747,3.204422801580385,1
45.88416749308472,7755.3077865259875,4.094524573896395,1
45.748784673108595,8019.223982127685,4.472574377170565,1
45.72999838294431,6818.034241314233,3.628274781382856,1
43.313022959246986,6507.65174767548,3.0555538635743105,1
46.513311903952015,6635.145101514154,4.020148355418291,1
47.30784938485336,7159.103097964429,4.501789427928326,1
43.6703698899851,8999.203939093393,3.0915476442239647,1
48.67438357321681,11147.407643370392,4.5909249397094385,1
46.32455910351876,7068.314567740449,4.33044268240066,1
45.40763912223725,8668.129199629895,4.774110865706749,1
47.702954833646956,10253.388687951254,4.431611043201356,1
47.200990885037314,6590.2114783871075,4.88673127966487,1
47.53848262653402,5256.846404073083,5.003008468428023,1
47.4494654043835,6028.04932138734,3.8719127152321824,1
43.88353469393374,6938.8770437537605,3.9393446915508648,1
45.46712424664352,8593.617508020961,4.302311322079641,1
44.512228933282685,6668.781389514417,2.9132163590137816,1
44.24560840898022,5819.4824312731835,3.4728051712074546,1
42.982837933601395,7336.280946177817,3.8135217209372967,1
45.63278808673404,7146.8325664819895,3.8167911318855214,1
44.20198246907224,3139.9390441683227,4.290073476674471,1
45.55908831920762,6083.710345853242,4.390375110745489,1
46.822094990304734,8060.656083008747,4.170819212850489,1
46.91885012150324,6342.6704392676775,3.3804685501249194,1
41.546197998475925,5770.377891853516,3.1476675065773008,1
45.53202570269681,7466.6551025364415,2.9498095706393306,1
44.178145998810926,6127.331790780703,3.3167270066000745,1
46.83690849237334,8060.441886902741,4.753202123775937,1
43.52502448169232,8536.719594334172,4.160596148476343,1
44.23257548200511,6223.981400482668,3.564582357990289,1
41.31192769141099,3887.37130896304,4.538688018546961,1
44.56045967221226,11006.53180393436,4.691434105396496,1
48.83860575434432,7447.010234775205,4.791401868179534,1
46.202564097743846,8881.182195705878,4.5374919802714535,1
46.195760120546176,7575.511332958635,3.825780459024848,1
45.3658128025953,9052.636015788947,3.6264327424142047,1
44.571222958515904,8347.961199697664,4.010779150211715,1
44.72835442346447,8695.81893895551,3.6099405278269785,1
49.37588492066855,9574.821932538733,4.497743446035094,1
44.760137284816345,5994.317876801233,3.5954142115168275,1
44.13239653697736,5145.606956498538,3.533313504183919,1
46.70882905765872,7869.663274886534,4.031263501894089,1
46.125137185146684,9540.525338780624,4.002273054202653,1
45.43082774545391,6570.667615591445,3.916079462552084,1
45.35640138496649,6438.4015818933285,3.0492651751333018,1
44.94470444945109,7073.260074288864,3.6497335661231536,1
43.974423268872236,8333.165000172843,3.816585862847923,1
44.200464620374184,8751.959155884515,4.089369559330563,1
45.75686742575685,8289.591469004323,2.9784809557405247,1
44.95772165627594,3511.552350275072,2.75845186250989,1
45.72718260638978,6006.748234753657,3.9282834049923223,1
43.39901363328063,10712.332084131798,2.997760510595725,1
46.075265334452894,6955.988555650158,3.8269186320978443,1
46.39455838135833,8575.793517190634,4.337208690331711,1
42.83966404060357,8981.172496208354,3.6816555484474196,1
44.51219404135641,4390.5277751770145,3.6930352434112024,1
44.559484195253724,8982.415268121089,4.681529376767133,1
45.340102857774426,7381.306288119461,3.684558808787349,1
46.41391113479102,6740.864582848233,3.9477340188066194,1
44.98789407367325,6486.67935152758,4.3619003818564,1
44.87744260128621,7393.671854829558,4.552153907990698,1
45.95020958666374,7672.354324585248,3.88456307943533,1
46.10992265614223,6827.167098754437,4.707528834106648,1
44.27976487206026,10201.165490574604,3.4181875395926085,1
45.582855216559324,5744.179456616734,3.5136639191602437,1
46.52071331543584,4795.210822894486,4.419402512937474,1
47.5739154161288,7732.5441309609005,4.609913920011084,1
46.144895306367694,5426.888549244501,3.9809909973138806,1
43.09628477982556,7520.864880252924,4.185786092879524,1
44.33830028839636,8945.455208960706,3.7704630015493827,1
45.67790024784869,8942.431884540605,3.3906097956816312,1
47.730173862467055,5988.429594277204,4.3145870985606205,1
45.23671032291048,7627.628244181396,4.0883363012973994,1
45.38312657888319,4849.1263542871275,4.330061844077673,1
46.7463815902786,8004.666087514226,3.804307629074277,1
43.39805803765545,10393.814395899148,3.976057904322499,1
46.220878523920824,7628.884011206396,4.284264294650785,1
45.574079416802846,5924.6923292663505,3.201047561461742,1
46.031954092335084,7584.504872371806,5.122832610987166,1
43.34960723023602,8064.643833471802,3.550526214076795,1
46.954797977451356,8516.458660111351,4.583015775957114,1
46.07831982230904,8949.453499938474,4.952166693250235,1
44.82997946788361,8155.293793072995,3.6049522213008833,1
44.253855924083176,6592.9308629066945,3.8142113033655933,1
45.27955524029362,8071.032630297566,4.0084458931189335,1
44.47773473278776,7847.705132888942,4.046710797712124,1
46.610280884246514,7502.326714289241,3.735076947483715,1
46.635454749045714,7909.459613077539,4.376700169314295,1
46.54880011121579,8895.354356819307,4.232479275714751,1
42.8913014894297,7651.306868110406,4.285888907086119,1
45.05820869432077,7688.56451337382,4.144324515752467,1
43.70315391415372,7775.854328697618,3.5933536528128034,1
46.81353910644305,5586.712619832037,4.950017929362681,1
44.446359139993106,6555.419200076516,3.112972229621997,1
46.18507327682459,7420.815820375709,3.4446008297442603,1
45.04658262798732,5353.324372581432,4.3415676573891275,1
45.46253962258851,7124.815724729366,3.2996198463730066,1
42.43397019445472,7134.801367205493,4.23085076971458,1
44.183976514932056,6642.685738985697,3.869540404099844,1
46.852616184945596,6508.348242360469,3.950458417034198,1
46.4726608004615,7169.150674603574,3.7362471913067123,1
45.82519272261123,7565.969657374657,4.140096582690794,1
44.34758661849526,6491.731640962705,4.350618639367319,1
46.36957499547917,6323.6797184110965,3.6272865509063426,1
46.36683435492615,9242.878276125892,4.751768900764459,1
44.830145396764316,4515.945157685042,3.755100197018781,1
43.137773476592216,6334.829817856262,2.915958175665409,1
47.32030831504184,8192.960435456098,3.6930375939907796,1
46.573885035548614,5146.3137243408855,4.2901207787503575,1
47.546451312207665,8544.973009764177,3.8105766345606304,1
45.06057464076859,7725.538530242162,3.420092836375689,1
44.990590208843535,7574.456208935953,4.390052113950066,1
44.746701278703185,7610.786199558515,3.210980321440154,1
45.08716276740591,9930.226047983386,3.7498308076881512,1
43.89981141926671,5811.4785348510195,2.9984746087256466,1
46.63950268292909,6549.066717070823,3.8689312428079896,1
45.95813654525126,9510.446191287861,5.1204433473453745,1
45.58664516570289,9837.897779797397,3.2914024378502575,1
45.03014038756441,8107.88243160677,3.889869656846076,1
46.56761348910978,7666.29366811654,4.4469843790818,1
44.828808577895224,7100.605498936709,4.209929601424152,1
44.76402320226423,6158.098437162911,2.6828371814297154,1
45.982170410935495,6995.396332714447,3.80088766840041,1
44.57615794836628,7241.154652919873,3.3176082854002544,1
44.113358718476995,9826.463384835914,3.643576981496055,1
45.03862898440703,10944.154014139065,3.7580901700132596,1
47.16750498267729,7248.945267510513,3.9217091119576892,1
44.27026983506643,5148.261265453496,2.930880804941849,1
44.22762731191288,4363.053073039782,2.9191447130374906,1
46.37187093878861,6451.952124795164,4.0717709423502395,1
46.83592954980902,7973.063704859371,3.2892947104567307,1
46.33882048651487,8540.36774082856,4.409190914894173,1
45.40543090005669,6861.041433141842,4.374957447158732,1
45.25006049913815,7525.896979278262,3.721984140057925,1
45.87243711276682,9763.2179407681,5.475279691962119,1
44.104947060717784,7504.7889599877735,4.171256916775359,1
45.67718513758168,4831.84833414476,3.68260180054541,1
44.61801567439276,5987.0146564252545,3.5002453088692067,1
47.303795715046995,7631.922687983532,4.380741523970473,1
46.54269584137289,6565.281225125609,5.00063566136005,1
47.639919141618265,7033.1990006056285,3.606305366564764,1
48.27102730252045,7843.909991939519,4.608097699176904,1
43.74321949281433,6715.54561390727,3.246007552605246,1
43.87130106601793,8797.370252513043,3.768237081029281,1
44.72813382378493,9466.050541746725,4.08539405593852,1
46.62488255119002,5357.700247152885,4.341953549776193,1
44.53357151729609,7634.51243341822,3.1465108698203084,1
45.81740653246178,6958.6233182694605,3.9204004138392787,1
47.11132932290601,10911.010533539637,4.2972248500813555,1
47.05223802411464,6484.298660781454,3.8792032725822896,1
44.30747596478925,4194.452328656888,3.89940139355837,1
47.30835939073572,9664.930387771465,4.325156192353659,1
48.28506624173698,7145.809015193292,3.9157524805266677,1
44.163216498598075,8060.436309319291,3.2995404442343945,1
45.08135031957862,9668.904037843895,3.953507879891279,1
44.041197243138576,7523.258556856092,4.261697541228471,1
45.26324273971819,8610.497864747007,3.859938311281947,1
44.63449639530455,7667.255143541302,3.9997246717138197,1
43.41769492967346,9810.307763460714,2.8766626770149584,1
45.65032036706991,7290.026520272694,4.135348965125534,1
44.20686114455253,6196.219343386659,4.034229205623084,1
43.36720403845852,9235.48065286192,3.45937211562612,1
46.83335207837218,8013.605389315377,4.200035797560948,1
44.7830336915323,6061.07359098747,4.234042288581875,1
45.845264526033766,6526.643743686422,4.519676512984122,1
42.56478791430775,5496.343217632212,3.562481020367353,1
43.87743067596324,7827.239960124441,3.0162987025615773,1
43.138665535335626,8434.236288139604,3.2538602637102354,1
46.9726202433144,6751.913666702362,4.585205585020178,1
45.42977056267215,9754.445078765984,5.037945630433721,1
44.307992029527185,8283.108447248636,3.8787576595919253,1
46.52678128961227,8343.79684840145,4.446086621274318,1
44.33227573389555,8653.243156341301,2.321892281771183,1
45.20354646448392,7769.685166126296,3.8156777439511487,1
45.87798449419769,7394.698759460069,3.971320403836291,1
46.28363049268897,7103.177350436126,4.146416580615938,1
44.580777055879366,10079.523907418159,3.830724461749846,1
45.36080051240071,7318.582579112035,4.299621409510594,1
46.456403886265335,7302.06139828569,4.470136874313596,1
44.33292668057885,5320.803098035763,3.8547260207336405,1
44.14464278872497,7458.764446921963,3.44849024293071,1
45.244284905626614,8750.186080901683,3.165724316464727,1
44.81138199756846,7258.291290879543,4.219189906092063,1
45.232228254126625,7613.300571723565,4.23861998348437,1
43.03051009797743,6240.1212183440175,3.9007261514559564,1
45.48595730255028,5869.41252990717,3.5615977466235154,1
45.70749525835722,7239.767562691098,3.3566815069376723,1
49.07297934749615,7032.345961461447,4.481152451123697,1
45.02524364850843,6534.562495475114,4.118732253649031,1
45.95485788609188,7379.105796157592,4.074658128007392,1
45.722503633112,9072.09599822076,4.328627465492402,1
44.60280949284072,8340.94340687027,3.294393271768575,1
45.15516308555789,6709.15831972355,3.82330314328007,1
46.606319205904995,8776.607111146244,3.781328901230098,1
46.257068145194296,8011.1460189518,4.144822535712038,1
43.2542569352687,6535.231968346631,4.3739379392308955,1
44.86408379902364,9367.79044344189,3.325329301774591,1
46.563668212411784,7375.460586170384,4.2108877361112365,1
44.667103854661164,9352.562455748386,4.2905095091509144,1
45.23693384248071,8722.817379589285,3.2514350393576974,1
45.149241933095,6654.948376519913,3.4531599973120506,1
46.513901220658134,6728.408580100898,4.2381948364819975,1
48.03938140106369,6059.5371172997275,4.174534593299578,1
46.75944142986704,10285.0265040019,3.502356542332227,1
42.90316355225325,8609.453872124406,2.701246867297251,1
49.0051131589568,7040.080395470342,4.77570743964299,1
46.367826481980956,4764.122015262906,4.352450500526485,1
43.22850575824533,7066.461089888489,3.3936752540246578,1
44.90722745596813,6174.430429747288,3.951716884583113,1
46.42332741038057,5983.221452396489,3.5928462451599157,1
45.11119902729132,8057.081310422476,3.950949411150866,1
45.08387881523054,5651.299678204876,3.287388194297933,1
44.28116412206328,7518.3812695280685,3.7478092448110147,1
44.946687994924055,8619.260295297587,4.154855724905464,1
46.30339122715543,5353.574346606103,3.6747052469472306,1
46.603203590262225,7181.246705611283,4.090774798103016,1
48.38821314106427,7231.191287866372,4.691933759869381,1
48.29648229307535,8539.71639635268,3.8957054824768265,1
45.1537003987216,5350.291721908197,3.9795667412742666,1
47.22085468270208,9206.50372066564,3.9278700647106914,1
47.267018984219625,6006.363262141038,3.8449349739832726,1
44.61072950779926,8676.357466472471,3.7369963343841457,1
45.060025582718275,7925.462722218637,4.831106232252102,1
47.03981547205087,6145.383912687537,4.077440166770848,1
45.48096255502427,9707.57897548562,3.92183522259078,1
46.05563936986905,7823.166552271121,4.1766979741717485,1
43.85167263474712,6385.840501097577,3.7116934639316814,1
46.67951176612717,8414.01871718686,3.6693708710505426,1
44.512736570450635,6465.328181115338,4.177718869325558,1
48.102142048244474,5933.442629926952,4.16100838393092,1
44.32603975465587,8302.179774648499,3.297358526781435,1
45.38872444175742,4631.979903122074,4.2440319918017355,1
45.9453737937143,9890.950470368574,4.03030559360744,1
48.0296297872073,7876.1838504111765,3.7035037657309324,1
48.06207701804882,6519.715903988918,3.9618218568381995,1
45.961259264291186,9195.069924875137,3.9772750094530145,1
46.314329956562965,6524.563899778383,4.235749545780674,1
46.026182827315615,8425.160735052257,4.513641131646701,1
43.346728342109266,7750.805473451373,3.2186442300875537,1
43.95984930164419,7357.058146620362,3.1574770346272665,1
46.8735780309815,9642.556426362973,4.247478960012915,1
45.72641273391885,7073.197432541026,4.306672733411013,1
44.71195641030626,5440.459309753549,4.0701215974301865,1
46.653446991885055,6620.971997253191,3.978795463830919,1
46.58830777481903,8041.171848497504,4.078990122232919,1
46.0837049043474,6590.188681843644,3.9827014623951396,1
46.127693170556185,7985.500034882027,4.547508273966921,1
42.189135252907676,7278.427098487538,2.920817343215574,1
47.420320767424236,5757.2392537975975,4.099856466958867,1
46.41134683111462,6754.495367438788,3.498320873803502,1
45.325801992914826,7873.515506655783,3.7201319999098166,1
41.63440191649805,8661.667199711324,3.547111859707742,1
45.91843577930493,7128.566696714581,4.053516494108244,1
46.26651043404201,8758.225019669822,4.517149142639424,1
47.55530300985316,8619.344952237443,4.501671698136961,1
46.666017942809475,8430.731146172016,4.339583542007045,1
44.21996102135836,8841.618833827684,3.6686232350213817,1
47.20217149799301,8076.144803802784,3.959067088036388,1
45.51390752545175,5490.172381506029,4.409665778368519,1
44.46467121082537,8498.769114837098,3.921432091848215,1
45.10247051860095,6235.889831498749,4.339207133743212,1
44.165661905124,7600.697585024078,3.3162128948809793,1
45.65759659083032,9260.460467875342,3.6499861814002377,1
45.8608966915274,5734.280198059266,4.654112956798489,1
45.891534904596426,9697.79098020351,4.063975287514254,1
45.72433769039406,6955.156855262334,4.380053753071563,1
46.48020676779629,10418.077116304812,4.418276700966513,1
46.10836516771895,6798.232117560581,4.043408706087618,1
44.58726391657182,4369.612195387216,4.054942674157763,1
45.7901961570161,6813.373358562734,4.031020546424985,1
45.6357219207959,6900.79005747139,4.149848422775069,1
45.23566666066618,6930.303292149432,3.695989048380931,1
46.62097034825092,8081.853207405256,4.555437332316473,1
46.364651404342744,6476.496777732627,4.491687090240604,1
46.441045454616635,8712.910124495898,4.2416598899149385,1
45.54197859101434,9149.439175385436,3.9700700175858445,1
47.64426746951307,5244.34837119124,4.180375696620065,1
46.17744387531057,6999.993552908118,3.8932966655379673,1
46.18171100962324,8491.165728227124,3.9005866476446527,1
46.19577483455398,4887.160939337064,4.279633085023386,1
45.11018152143575,7714.1578335598915,2.8731490850314483,1
45.005598286530365,5545.517467659041,3.8198846635718193,1
45.627547387318124,9662.523431618261,3.692745638748535,1
46.912879564028415,5370.4670935950335,4.785265942264028,1
47.56665380393201,7756.984602761701,3.217629122116043,1
45.88027521192471,7708.2558263105,4.149707144291156,1
46.87413424722896,9209.179011352753,4.283736270583365,1
45.10468981668527,5537.434378591112,4.140943206023188,1
46.30140790416932,7237.584830475612,3.884002893154486,1
46.01429850926715,8198.253619252233,4.359377635318058,1
44.3059500979435,6226.442259286905,4.157971532442121,1
47.43606279439063,6573.704804468849,4.435201291819665,1
45.532427866868524,7103.1516529006885,4.019411888655703,1
47.700238880197325,7390.439959999621,4.155933425394439,1
43.03142369921766,7811.234759812888,3.7554074786919576,1
45.04984212009237,9879.589037040016,4.622979043302985,1
46.25707774911325,3025.075384203311,4.4388950341958715,1
42.61015501110846,3200.7367049855548,3.349769755511227,1
43.59261543313781,6990.049926272213,3.895042896142532,1
