16.62609897109471,2048.0,5.211153484107866,3.0,20.314129313091822
16.17172458248668,2304.0,7.675222029962988,4.0,15.459843880998267
13.402789622572177,2048.0,6.164553566798515,3.0,13.60528422675327
9.782688197157743,1536.0,0.6797415005435481,1.0,9.83576540025441
11.727919517573525,1792.0,3.2249624418737146,2.0,12.951657453829679
8.296902828585417,1792.0,0.6121393360701028,2.0,8.239088316726177
6.685830807690904,1280.0,2.880433538815464,3.0,5.067789857260509
15.29522425872883,2560.0,9.630153697130496,5.0,15.388594026015735
9.546476583419679,1792.0,1.8292703745497003,1.0,11.289919100644598
12.061494062923334,2304.0,3.350162935816293,2.0,12.052870819437077
4.424815257173456,1280.0,2.1787330470856654,1.0,3.2483017963785903
14.603682909322243,2304.0,6.231462147678107,4.0,14.053147081575332
14.437468076031658,2304.0,5.86603085043245,4.0,13.76749839794233
10.658326182952635,2048.0,4.309037110935572,2.0,10.253294285908432
8.963015173857071,1536.0,0.3702867439659588,1.0,8.797360066773175
18.38473054469287,2560.0,11.198589722510356,5.0,20.361175536603362
12.057516197046446,2048.0,2.6002702745917468,2.0,12.437837333518011
8.816899213218932,1536.0,0.8080882013445084,1.0,8.034123394324943
17.199833608034638,2560.0,8.826504321558055,5.0,18.13701740862381
7.696967910470517,1280.0,3.8367485964628845,3.0,5.558598593276973
10.806873487408023,1792.0,1.6360280089236343,2.0,10.940264584902872
14.629777345497093,2304.0,6.493933802014318,4.0,14.465828024244122
12.855658756045385,2048.0,4.476540516308974,3.0,12.762837142450508
7.369026828080857,1280.0,3.9138285862850877,3.0,5.402250048328934
14.195206539253427,2304.0,7.67358000425909,4.0,14.474750316426563
13.232597243221191,2304.0,5.459045777899515,4.0,12.671426309989483
15.37669670691348,2304.0,6.516364377409825,4.0,14.47213591526083
8.313381490509483,1280.0,5.182781283450636,3.0,6.044053542603821
12.393282555041377,2048.0,5.471238666691647,3.0,11.845409627859398
7.685294319334775,1536.0,0.13985762969043236,1.0,7.3425646201831105
12.089931959331548,1792.0,1.9799412824102327,2.0,11.69855940470588
14.954113838057989,2304.0,5.260415926964988,4.0,16.04753672852077
11.889766894716871,2048.0,2.826783926726261,2.0,11.251410747181584
13.49061275478895,2048.0,5.957916117941457,3.0,12.528287507236273
9.975539459090788,1792.0,2.360941131556826,2.0,8.690176999039956
17.519719287088805,2304.0,9.132516986628849,4.0,18.799686400394734
6.886396159688567,1280.0,4.263248746965819,3.0,4.815385052897768
11.547534023196487,2048.0,1.5001549543203119,3.0,11.277905701985453
10.302474953136812,1792.0,1.8173820049968672,2.0,9.856747218000244
10.310084381268938,1792.0,1.1511804564693353,2.0,10.140938854051267
10.215253504347652,1792.0,1.5671034261345889,1.0,11.461441507607367
11.372204071710753,2304.0,4.415420663139337,4.0,12.20947134527876
11.201536437831727,1792.0,3.4599252985307865,2.0,10.980476516871803
15.371128599493222,2304.0,9.20496637449532,4.0,14.617910814970543
11.080204343351433,2304.0,4.038720861638173,2.0,10.155929408652701
8.474541134720628,1280.0,4.9565460482170485,3.0,5.96876094700497
13.915549168789683,2304.0,5.049019852338375,3.0,14.733893224138516
15.970092446680534,2304.0,6.869918986848946,3.0,18.322061170640602
14.378929265900936,2304.0,6.555594252466545,3.0,12.902816545341068
17.455006971442167,2304.0,8.887310572712773,4.0,17.320840578079114
16.253969299256703,2304.0,9.054418301478375,4.0,15.897018717024592
9.124615176745877,1280.0,4.9850746863603295,3.0,6.842992074932774
10.667324149461212,1792.0,0.573992880004821,1.0,11.06636572867918
11.959265107337917,2048.0,5.049063008672735,3.0,11.014661667084107
16.028983443692642,2304.0,6.437704471765044,4.0,15.37206795949837
17.655157615362043,2560.0,9.38389718186901,4.0,17.08048064147246
12.094313834197967,2304.0,5.974946791399366,4.0,13.202663213338962
5.311901458256354,1280.0,3.0294820409563927,2.0,4.128303579662906
11.641871226052626,2304.0,5.505501168652396,3.0,11.517090026807827
9.295279262841868,1536.0,1.5891762450844933,1.0,9.380456318905555
14.96874526272695,2304.0,7.299867415818805,4.0,13.692040268494098
8.097264995422545,1536.0,0.3898150487727741,1.0,7.226517403529829
15.258247363914448,2304.0,5.117659531747036,4.0,13.96149932567649
10.739005425038759,1792.0,0.4020847079373506,1.0,10.698068206107859
11.67876731956397,2304.0,4.401559285440054,3.0,13.835176047112833
6.949731674963501,1280.0,4.226453507365058,3.0,5.084775727298975
7.227127776806089,1280.0,3.812480685188623,3.0,5.234069594283239
13.650072713992017,2560.0,6.926360289595005,5.0,14.904580838745751
15.942232666086625,2304.0,7.886484092796669,4.0,14.188922923947725
13.867872022973096,2304.0,3.203083894647796,4.0,14.821330468764135
15.636970113517735,2304.0,5.685656928174703,4.0,14.956174627714853
11.828439061393686,2048.0,6.194834931312375,3.0,10.971671109436711
10.214000213128807,1792.0,3.115862839662469,1.0,11.658006084445468
10.39228286885975,1792.0,3.224696348711692,2.0,13.107412932082045
6.533787673014771,1280.0,2.8910130504548546,2.0,4.646525599835854
10.981741970244375,2304.0,5.684520299973446,3.0,12.269143030647705
6.581921171021035,1280.0,4.069242530537059,2.0,5.192656181350927
9.42534749199444,1792.0,1.0225935116124862,1.0,7.999261528461901
9.2699853494274,1536.0,0.08660901068135063,1.0,8.157186915940324
7.83510341121147,1536.0,0.0,0.0,7.178172302971278
5.710567878094239,1280.0,3.016322155314017,3.0,4.257968476029082
15.491459739425563,2560.0,7.698778108677515,5.0,17.07696620810002
13.382861277490798,2304.0,5.622896223202659,4.0,13.173441225445114
15.14058138956821,2304.0,7.807237056684165,4.0,16.40963288473043
13.168642364517943,2304.0,5.220437200666488,3.0,11.542622265535895
7.133760587787425,1536.0,1.2489190300570876,1.0,7.213782257243023
11.554781234140458,2048.0,4.008225145513725,3.0,11.746425099748452
7.6944629810864456,1536.0,1.5986797809859996,1.0,7.810689294171066
12.53505286171833,1792.0,3.121739265160629,2.0,13.746504754801855
10.431978639598222,1792.0,1.996258292216829,2.0,9.962724943695003
8.4500837443963,1792.0,1.0708258392410357,2.0,7.415091086316302
7.888444360916484,1536.0,0.8361227609487605,1.0,7.785060374457144
11.457723923926515,2048.0,4.792951697221364,3.0,11.21834382348561
12.738567904154094,1792.0,3.207007713880441,2.0,13.117653337028594
15.720509218893952,2304.0,8.212402207303201,4.0,15.289590798746673
8.36108429947553,1280.0,4.487516573357646,3.0,5.964653434186177
13.917242894254416,2304.0,5.481758746374457,4.0,13.86505702778417
16.416574285703113,2304.0,7.022821935325219,4.0,15.749869844778967
13.597825293241046,1792.0,4.030424593249579,2.0,15.60260375774973
11.147872492628686,2048.0,3.62788267070883,2.0,12.008088380121794
8.00644927963604,1536.0,0.1796895979819722,1.0,7.867493690684974
15.935963627921963,2304.0,6.950741213952638,4.0,18.043781739532122
16.900371180467133,2560.0,8.487972894937117,5.0,17.994488665963097
16.664294257644958,2560.0,10.091143242312405,5.0,17.57311429267064
13.65714713926017,2304.0,7.300221075846171,3.0,11.522860039491897
13.0612623627521,2304.0,5.579556894824902,4.0,10.79450862705835
14.863203329335768,2560.0,7.446081501116847,4.0,14.729039074332686
13.922516820639574,2304.0,4.929470232152904,4.0,13.278852727900206
9.437681089423503,1792.0,1.6749901816478099,2.0,9.066132696910234
14.25625008924488,2048.0,5.190582539608024,3.0,14.183593080388219
11.144646805271568,2048.0,1.9416804108681474,3.0,10.26943111821162
8.912205012842467,1792.0,1.5076319962870355,2.0,9.721441451333856
12.372488901319262,2304.0,7.624667832227166,4.0,9.904236624612821
14.203836497536924,2048.0,6.408491258643087,2.0,11.450876138237492
18.18664138628121,2560.0,9.14081407403899,5.0,17.860935197583927
13.701719276099315,2048.0,4.9234207670724786,3.0,14.115572609284797
18.220264603944198,2560.0,10.34345771555678,5.0,18.612859476437364
16.17789974703492,2304.0,8.186149844419866,4.0,13.312082471907372
12.925554959745732,2048.0,4.663159780539089,3.0,12.557813459644118
12.800342985442898,2048.0,3.887903038457424,3.0,15.550385119028
15.454508906651169,2304.0,6.8290462471544595,3.0,13.878164314255981
11.8069570965622,2048.0,3.1954465699046994,3.0,12.333405686593236
6.863578698200405,1280.0,3.0856194545035622,2.0,4.784260046712648
7.464803758974897,1536.0,1.498400479218073,1.0,7.376231456952097
10.803019471915128,2048.0,3.477873154421152,3.0,10.356988564946887
7.533921128282937,1280.0,3.8040127122944836,3.0,5.381449485895051
16.001862425849172,2560.0,8.40161867895052,5.0,17.504750099872467
14.039686130579494,2048.0,5.740647798066478,3.0,14.170202678154515
7.111733714136378,1280.0,4.277932997892476,3.0,5.07145639841784
8.032832349473562,1536.0,0.28029343252718797,1.0,8.095686224892896
9.633633925686832,1792.0,1.775017626705179,2.0,8.171376543496786
8.067943821042943,1536.0,0.6380943149247023,1.0,8.239227752882604
12.503116403040057,2048.0,4.562337660640163,3.0,11.549027529661831
8.260887711919342,1792.0,1.6603420029870057,2.0,8.297859057856964
7.518628179964245,1792.0,1.4641503736093,1.0,8.89758494869962
11.070691972228541,1792.0,0.31625653143381555,2.0,10.381883234585434
7.152624298751994,1280.0,3.719896473449497,3.0,5.188480923219221
9.048571526775786,2048.0,3.1377081053281684,2.0,9.293571513422819
6.332927433193231,1280.0,3.3325781859722583,3.0,4.888758472025989
7.489230103003056,1792.0,0.5745267431140031,2.0,7.558162520197532
14.994334813774978,2560.0,8.45724969844421,4.0,15.461228741497969
15.000303205036742,2560.0,7.736693162305723,5.0,15.765492386196723
6.699239336528331,1536.0,0.0,0.0,6.418343344061094
8.937562295591766,1536.0,0.7727559357990418,1.0,8.473274363129693
14.846113776148012,2048.0,5.621608552189155,3.0,13.004936578259297
8.413409918509807,1536.0,0.0,0.0,7.478341381962049
7.448790884727827,1536.0,0.0,0.0,6.673704947278543
8.529029825625578,1280.0,4.13931332633055,3.0,5.909729628132432
12.307736091097304,1792.0,3.245817628500294,1.0,13.040105824595228
9.423503049213746,2048.0,2.996701832926659,3.0,10.977842514652243
10.500183583953753,2048.0,4.059777749721614,2.0,12.568854521334103
9.749525796593709,1792.0,1.2762687491290698,2.0,9.801624643138052
6.636574660386408,1536.0,0.22996016189484242,1.0,6.458404715335301
8.544667014329821,1536.0,0.0,0.0,7.96126984475562
13.831549177138907,2048.0,4.334838835984396,2.0,12.947160476912106
11.851464695593016,1792.0,2.4885841814542053,2.0,11.90192611026523
14.87733759743255,2304.0,8.840388211378677,4.0,13.182658878402965
15.458554759072937,2048.0,7.697354018175037,3.0,14.251707806419978
13.745090270149142,2304.0,5.474544503214349,4.0,14.29428848604248
13.28770152097739,2048.0,4.214838126423821,3.0,14.992475985190627
6.263069779967549,1280.0,3.7310298587147095,3.0,4.7424873718314435
8.032447187961719,1792.0,0.0,0.0,7.745747589909897
8.69510640670375,2048.0,2.2466461943154514,3.0,8.715387115136796
10.631522971355338,1792.0,2.062341417247808,2.0,11.088791585879182
13.452610873203831,2560.0,7.680572743181287,5.0,13.723957626383532
6.566634110774413,1280.0,3.3822762476048367,3.0,4.863547416711598
11.780688213845636,1792.0,4.213986699950246,2.0,14.33373738981895
12.045954212023528,1792.0,2.2468841552797127,2.0,11.543790732503767
16.970991626596728,2304.0,8.405581692485416,4.0,13.92162847455457
13.832053722478786,2304.0,4.888322922108565,4.0,13.152577053663471
13.366283181246484,2304.0,6.049817556966048,3.0,11.9981522504236
7.1594629553843445,1280.0,3.5635140865897803,2.0,5.352536498085583
9.231012930984807,1536.0,0.8218306823387348,1.0,8.685277014757983
9.212337658984744,1792.0,1.4144760416594322,2.0,8.875563135938187
12.26809849331592,2048.0,3.230943900477612,2.0,13.966797799516588
6.376801551839536,1536.0,0.0,0.0,6.559720329623243
7.7790997409901905,1536.0,0.33903614705580043,1.0,6.759869391870326
12.911201357732818,2048.0,4.663106973898846,3.0,14.68914893696066
10.574561579914768,2048.0,1.7377578076731368,3.0,10.525439063400565
12.241353485240301,2304.0,5.487582466190575,4.0,13.048914985797063
7.147459537910603,1280.0,3.5586825147206396,3.0,5.103043180546108
13.923721823147805,2048.0,6.292504219090867,3.0,13.401517564766765
14.928926314406375,2560.0,8.906186588214979,5.0,17.152237358385452
10.903347912145339,2048.0,3.71110477128678,3.0,13.120539869921805
13.651568768654963,2560.0,8.288656936768497,5.0,15.188878885673383
12.406820510570821,2048.0,4.042564710774832,3.0,11.607921218917099
10.242380362353368,1792.0,2.889583921213939,2.0,13.065401051332469
10.290610871089928,2048.0,3.6028118188301685,2.0,12.000739477017436
10.428386332330463,1792.0,3.0703797022593684,2.0,12.263623114706299
14.566327719585033,2304.0,6.008594541198268,4.0,14.233881555989708
13.84305905265911,2304.0,7.0452174101012774,3.0,11.459240036351892
11.623648272091142,1792.0,3.027675599444085,2.0,13.321376593692104
10.43674985269038,1792.0,3.1657283116062254,2.0,11.335534850760057
15.126563819890634,2304.0,6.949749134119346,4.0,13.163883550630953
13.136429315847133,2048.0,5.654071951463095,3.0,11.681922392821136
12.460274950392947,2048.0,5.350932844749772,3.0,12.054802195161487
12.446351340464794,2048.0,2.5873194871070284,3.0,11.259639378943358
11.02327673141343,2048.0,4.219185634250598,3.0,11.78842044388178
11.193083331610323,2048.0,3.6282581516848182,3.0,13.038697505751937
16.80810833829075,2560.0,10.133575938440803,4.0,17.190858942590616
8.610348072760903,1536.0,0.3101324294428957,1.0,8.971459242090573
15.479898901371023,2304.0,7.2709766177266495,3.0,12.795705541156785
6.589668419289158,1280.0,3.9951262525488964,3.0,4.434246852597689
9.628415205776221,1536.0,0.4930606328672353,1.0,9.077131335781024
13.986972286051788,2048.0,5.830352984345495,3.0,12.00079780105702
10.648362589767318,1792.0,1.2672583713006378,2.0,10.423281685883094
6.226038488965241,1280.0,2.5816192061409358,3.0,4.578182108033289
9.29375987854242,1792.0,1.060599793709186,1.0,9.415591873540908
18.519241707507646,2560.0,10.040365966959765,5.0,19.121075838100815
9.316947873811236,2048.0,2.925454195121686,3.0,9.968989944814647
15.87796752509216,2304.0,7.346347413483122,4.0,17.160661763253216
6.948657789032081,1536.0,0.9931772826719251,1.0,6.783959083495233
11.130585860497108,1792.0,3.2875842002502194,2.0,13.184977683402492
12.827127236395901,2560.0,5.408571932563239,5.0,13.44375498016909
12.16082472135899,2048.0,4.192269062611376,2.0,13.78265566882542
12.638271809075302,1792.0,4.62804369574978,2.0,12.958604233101664
8.262509812056205,1792.0,2.368459595281106,2.0,9.84253020131029
5.2085062675357285,1280.0,2.6570970819333133,3.0,3.9282725877880047
6.9472909007527965,1280.0,2.5108287734324537,3.0,4.975717307156118
9.407306404780584,1792.0,2.053455670480336,1.0,10.232896036221572
12.062129186772722,1792.0,2.673880097498193,2.0,13.218373866567335
7.628520811708987,1536.0,0.5618880520369532,1.0,8.254259406775931
11.958990209536603,2048.0,2.791290387197553,2.0,12.378718327755244
17.90008123373409,2304.0,10.108107590618063,4.0,16.811789412468787
15.618671006549466,2560.0,8.300365841132827,4.0,17.746470277577107
14.875576440721932,2048.0,7.064326488030499,3.0,12.73495357212564
14.79548640860839,2048.0,5.913932775564698,3.0,13.23558386524509
20.202171071492515,2560.0,10.119908630195876,5.0,20.966003258322864
11.149065843458105,2048.0,2.0918586155097527,3.0,10.89526383963609
12.140245541970984,2560.0,6.042068542009456,5.0,13.4420731816858
4.747706760528703,1280.0,2.8160995476500585,2.0,3.541412805774933
10.989504907424198,2304.0,5.998793573960455,4.0,10.9895902086363
7.936730347396532,1280.0,3.222245057207648,3.0,5.676142695400163
11.71750595653764,2048.0,3.8358484702297586,3.0,12.167360678971184
9.928563181879898,2048.0,4.544672501826065,1.0,8.692374884798706
12.475001651234912,1792.0,0.6287836461111931,2.0,11.895683105820652
18.335350038841764,2304.0,10.092717014724816,4.0,19.568583785708555
12.848378262134757,2048.0,4.6623089909899615,3.0,14.945405357461395
9.924696215578566,1792.0,1.0643421421422619,1.0,9.295544782109236
13.113141795991403,2048.0,4.39978144469581,3.0,12.415119264137886
8.385984019261306,1536.0,0.8639199460324785,1.0,9.169584300067863
12.639885103391444,2304.0,6.303768212277259,4.0,11.884744778103089
11.780159765099839,2048.0,3.4816968694388746,3.0,11.507314409215052
14.376084565532414,2304.0,7.520854284270398,3.0,12.304112745354567
13.018259488044048,2304.0,5.594121372591986,4.0,11.383070529511098
9.758391639849025,1536.0,1.1700688200641602,1.0,10.309584422098926
11.007032678985361,2048.0,2.858102245386939,3.0,10.745326636830745
15.459301294586156,2560.0,8.237716166886873,4.0,15.881305118346244
12.910745674240074,1792.0,3.9453427189541577,2.0,14.80234673683656
8.393835296597935,1792.0,0.6920379976658093,1.0,7.494714527855882
8.822317344358574,1536.0,0.8540471187416372,1.0,9.79668579440163
7.363931784040849,1280.0,3.8720204740610185,3.0,5.4962977921083835
17.764234913725172,2560.0,8.98952483545639,5.0,19.627653072008087
8.210486918565062,1280.0,4.405974951991603,3.0,5.716434742253272
11.654481139319977,2304.0,5.4385484725892805,4.0,10.539922508795758
12.351318284894163,1792.0,3.0629114765267205,2.0,13.869360779655404
15.352295881814815,2048.0,6.530837204723152,3.0,15.274565882466351
18.42681504982275,2304.0,6.662686204269564,4.0,17.309291930210904
12.897421085525751,2048.0,6.432330880964031,3.0,14.62053583759579
8.163441667035935,1536.0,0.2871257881322554,1.0,8.179045946948793
16.230307784981502,2048.0,6.413122980262278,3.0,14.014814216050887
15.290822029813759,2560.0,8.520445453083163,4.0,15.098466512937005
18.37664858750845,2560.0,10.005530213701563,5.0,18.093745797925976
12.79666869877634,2048.0,5.012403138961614,3.0,15.970840731734071
5.784532276092672,1280.0,3.293368265279435,3.0,4.306980709223552
8.308894418490024,1792.0,1.1384566634699436,2.0,8.07803916973661
14.464271219657569,2048.0,5.613568631594707,3.0,13.601888470624129
7.173846992435471,1280.0,2.447254811090071,2.0,5.2727959246919855
10.213466824701753,2048.0,3.8900209452023473,3.0,11.937939820744184
14.037793681120672,2048.0,8.498410630557347,3.0,12.622466539187128
10.712091878161758,1792.0,2.9820932326589022,2.0,12.339821211864477
13.145880991259236,2048.0,5.732618055078575,2.0,10.703748761226745
7.613509479118894,1280.0,4.198090551978863,3.0,5.395275429030624
10.418578858143276,1792.0,2.1316522848573314,1.0,11.637235409993192
18.4459489502986,2560.0,11.258160525847853,5.0,18.02165187964559
10.008278002120669,1792.0,2.850789258658147,2.0,9.229070492204498
6.959444582694514,1536.0,0.09646893121542555,1.0,5.139614979011612
13.922281878415882,2304.0,6.5048873367750675,3.0,12.672911559093901
18.028235085145102,2304.0,8.238037209752626,4.0,20.464256729701823
12.077139668531284,2304.0,6.550171855609097,4.0,11.43052687445882
16.641578661017117,2304.0,9.53050779617903,4.0,17.158162714207315
5.262175503150125,1280.0,2.1590284253605643,3.0,3.876125800949434
12.01260517485288,2304.0,5.4635026204366675,4.0,11.10036677193429
7.464380991066163,1536.0,0.2737260657385103,1.0,6.967919186090868
12.831516167680151,2048.0,3.6844621787325202,2.0,12.320275823872773
10.817675543289521,1792.0,1.300779653925607,2.0,10.038795332992676
12.03714507036787,2048.0,4.1695665296265325,3.0,11.765938877861204
10.234054136562348,1536.0,1.1615124978223412,1.0,10.496548741476449
9.978380429084138,1792.0,2.348667281487196,2.0,9.186862144511732
16.381044153531114,2304.0,8.697124808578844,4.0,18.556843409218907
16.497042131285323,2560.0,6.8394842065804315,4.0,17.283933892206743
8.025638932390216,1536.0,0.8973147756699528,1.0,8.837166432932275
13.827862036938383,2304.0,7.911371405844827,4.0,14.268975689723899
14.993281966594271,2048.0,7.1461606804735105,3.0,14.295851056584514
10.344584412003767,1792.0,3.7295908399148185,2.0,11.829441024985897
14.806927627282509,2560.0,8.376932745618968,5.0,15.526858665354688
15.917907054684953,2304.0,10.04648056866069,4.0,15.754038743904687
15.80612156027258,2048.0,6.193471453096096,3.0,14.61563924645477
10.556478462536932,2048.0,4.773111846775075,3.0,10.313723626448542
14.56653004798146,2304.0,6.996198297084749,4.0,12.836238816720412
10.490137967042918,1792.0,3.143059513365263,2.0,11.53388181040254
11.774621295826497,1792.0,4.57353268960897,2.0,10.81058163780088
10.748856712550584,1536.0,0.0,0.0,9.572053485634813
15.708663055221283,2048.0,4.649724957759751,3.0,18.098568849559456
14.651486187718664,2048.0,5.99810018484079,3.0,13.627356398755005
13.450910656799898,2304.0,5.989362542093,4.0,12.744962533402475
18.44069436563148,2560.0,10.513405994180799,5.0,17.461089335204207
7.557851539309874,1280.0,4.279796197035016,3.0,5.286762627717582
15.610531165769125,2304.0,7.782766006441432,4.0,15.343073534933513
16.84879755414324,2048.0,6.271381534906249,2.0,15.01356578128065
15.67412307709663,2304.0,9.319937865505288,4.0,15.124581053279329
13.879869359267325,2048.0,4.778008084974772,3.0,12.565285473189338
14.654021760363452,2304.0,5.5073271657455605,4.0,13.74666305090793
10.433727326212336,1792.0,1.6453247203843808,2.0,10.670753472688263
7.94845245093348,1792.0,1.6734865913202823,2.0,8.515731569353632
16.80249239820751,2304.0,9.162527274177965,4.0,17.081466857997
7.657500865713139,1536.0,0.31762388739334085,1.0,6.569276563311105
8.835622141588138,1536.0,0.4152807037838552,1.0,8.826288914244333
12.984360625124932,2048.0,4.904587666440971,3.0,13.075567020695084
7.75017526481525,1792.0,0.7717202066899578,2.0,8.000212361236226
10.604116955621082,2048.0,5.910016801782447,4.0,9.788225436985714
11.029727649613882,2048.0,3.879569431553886,3.0,12.205363451703471
15.239194174114015,2304.0,6.06975552304497,3.0,13.911894646128552
16.631839597800937,2304.0,6.943175373032085,4.0,15.75189006650437
19.201228271881863,2560.0,9.212720441828445,5.0,19.31090798824019
13.441423329787819,2304.0,5.036383607969402,3.0,12.62765684396102
15.17017708706329,2304.0,7.840733926796387,4.0,12.76603501410412
12.440938709274473,2048.0,3.7490025270955334,3.0,13.948998307277893
14.586228603120293,2304.0,7.556018728784856,4.0,14.44267788528391
6.971185911450046,1536.0,0.0,0.0,6.1002030932638425
8.836845298507871,1792.0,1.7089581791090844,2.0,9.276311666653697
13.92841148571583,2304.0,5.718232859965234,3.0,11.764444395612713
8.08287758209673,1536.0,0.8330721973834418,1.0,7.8528114304018795
11.247926471850104,1792.0,2.0635358162607553,2.0,10.732734950189034
9.055549050864432,1792.0,0.5912178436056086,1.0,8.0365809494805
12.495573765470928,2048.0,4.1954871901016855,3.0,12.703761803617704
10.382884854675455,2048.0,3.5607364627743197,2.0,9.915692631161033
13.413503655691455,2048.0,6.752096512332667,3.0,13.257217147583116
16.211133046514295,2048.0,4.84878094088686,3.0,15.526440969688121
8.790851911891284,2048.0,1.8389656712821,3.0,8.841579350286892
6.255232100502663,1280.0,2.9869674013912895,2.0,4.6142427342347965
11.560424662890053,2304.0,5.716949602179142,4.0,10.315176886726526
17.063098914761415,2304.0,7.3690667984814375,3.0,15.391527727987679
12.809778137342137,1792.0,4.371770744882845,2.0,14.909471297369228
6.057256898789593,1280.0,3.3440993453904078,3.0,4.401088086460471
6.966394556368812,1536.0,0.8066380158584587,2.0,5.85144963047269
9.239320757061357,1536.0,0.2265957199640687,1.0,7.957140327559697
8.787260850690462,1536.0,0.23816406283270317,1.0,8.501771409988535
8.361231573170977,1536.0,1.620276411727433,1.0,9.77835635462874
11.64001462927013,1792.0,2.4760208106772037,1.0,11.934439172959891
12.640675685119517,2560.0,5.897523434207844,5.0,13.46120135122824
12.969057108000815,2304.0,6.291148418415384,4.0,12.69371717389387
8.762337611006584,1536.0,0.5145362334888137,1.0,8.602343476052324
10.736368157965163,1792.0,3.317746086969202,2.0,11.799284568789815
13.069946641215758,2048.0,6.409243679883273,3.0,12.217478158279059
17.167845350310756,2304.0,9.914848432536004,4.0,17.168842190935425
12.16169254994251,1792.0,1.9996896501325665,2.0,11.494739201871065
13.295030045998587,2304.0,5.866391032036834,2.0,10.863060545813958
17.715102488730956,2304.0,7.683586958459546,4.0,16.400981804968346
13.004904310020148,2304.0,6.193933804630504,4.0,11.781230374890598
18.235397260674258,2304.0,8.153217558178829,4.0,18.438809810132508
7.4392185656038885,1792.0,0.11984001357050966,1.0,7.939185918720778
11.388438437117227,1792.0,4.023095850311115,2.0,13.022719092700266
14.786341848767135,2304.0,6.963362551083888,4.0,13.541655860713128
11.554204938219856,2048.0,3.1194066826513835,2.0,11.897384683691454
15.918454568107363,2048.0,7.296848978452872,3.0,17.51691751252822
15.065489962716944,2048.0,5.275329593275952,2.0,13.003240408321448
13.87888408553567,2304.0,7.020764602119861,4.0,12.959102189361763
15.045359812854105,2048.0,5.128478815284934,3.0,14.44616450332379
10.279720016174231,1792.0,1.2446596804782724,2.0,9.219416732442035
12.044960035172242,1792.0,3.0736866234860916,1.0,13.609237056380929
14.374417524912866,2048.0,4.981814697739326,3.0,16.847891089627502
17.168258713961343,2560.0,8.67888171103306,5.0,17.854131518189686
13.853570480537623,2304.0,6.4647647568810624,4.0,11.544456178351398
9.615688228744549,1792.0,0.7699840782362636,2.0,8.83990996761068
16.53663357221334,2304.0,7.559570988728986,4.0,16.588108872520642
17.58673602250652,2560.0,10.162687928408936,4.0,17.149156227295723
13.04283847368757,2304.0,6.131268315008301,4.0,11.459840380037095
8.716380762796144,1536.0,0.988640832961331,1.0,9.07025144524773
11.318663226696799,1792.0,1.9128451327179303,2.0,10.430133373630273
6.266268981137724,1792.0,0.34350867391215767,2.0,6.685641450596037
14.603293053471644,2048.0,5.1953274292816145,3.0,16.7207650112634
12.40326685392952,2304.0,6.056616586499782,3.0,10.08149386292758
8.636806195591998,1536.0,0.37427118858156383,1.0,8.722075237665981
18.29047992686956,2560.0,9.830922126158413,4.0,18.151887656439193
13.202851263702502,2048.0,4.58318610788554,3.0,12.220555952322961
14.671347073763219,2304.0,7.780672003386713,4.0,13.059709599727118
9.504011150869827,1792.0,1.992304711141712,2.0,10.245459127150706
12.912001449857495,2304.0,4.206603924055347,3.0,12.03359187501761
15.027900181824673,2048.0,7.280717483837623,3.0,13.197949380291643
7.085039798942799,1280.0,3.7011355695605466,3.0,5.135051033092737
11.323907098180147,1792.0,3.288954277662703,2.0,12.327362650156944
8.979903532525071,1280.0,4.8895289120816905,3.0,6.426209602188145
13.818668716596761,2048.0,6.762870027394429,4.0,12.241197549089538
11.807894771259933,2304.0,6.684375064646758,4.0,10.994804998613578
5.784275809780191,1536.0,0.0,0.0,4.817370803421772
14.02712057138119,2048.0,6.029825202976177,3.0,13.448988984364933
14.359020230716322,2560.0,8.072599022956057,5.0,15.11096392950029
10.619734081168934,2048.0,4.189110562474239,3.0,9.765684454508623
8.248816908567566,1792.0,0.7002949955015124,1.0,7.739836612421589
8.351770245208893,1280.0,4.126781761164614,3.0,6.149361780731787
15.312423926015718,2304.0,6.778455310321527,4.0,17.655833332869467
9.006183524995848,1536.0,0.15397739684515183,1.0,9.174575301404126
14.52918106674711,2048.0,5.175433991323766,2.0,17.578442634790107
11.509371005617622,1792.0,1.954031251377853,2.0,11.522477831352257
13.492533826464028,2048.0,5.7863159218191464,2.0,11.670970147928587
12.967585773819138,2048.0,6.480797554859484,3.0,12.02458193576381
11.03327317001921,1792.0,3.338246698648159,2.0,13.803152353599655
5.4563862033481305,1280.0,3.11449968671742,3.0,4.087434903257273
11.354844818688164,1792.0,1.1747404978699276,2.0,10.19238808225015
12.834929981133424,2304.0,5.079985264453299,3.0,12.656654281244176
13.650726515780017,2304.0,6.779125944301909,5.0,13.6437978169391
12.55419435757464,2304.0,4.178074496180803,3.0,11.547867194912728
13.566361286469725,2048.0,3.766555868125151,3.0,15.261486182059272
6.346956902340427,1280.0,3.7634432859373845,3.0,4.425735694144615
13.700703922524902,1792.0,5.126307637470653,2.0,13.343999371169136
16.09882308963557,2560.0,7.447208961990384,4.0,16.429175107550012
10.998850119291028,2304.0,5.032293451020957,3.0,10.941068569798277
10.199028187591383,2048.0,1.766425512237854,3.0,9.174249813771642
12.078245666737395,1792.0,3.167636812867486,1.0,13.178027219159064
15.080248932046477,2560.0,8.207329896162442,5.0,16.124341927089315
10.932761271720151,1792.0,2.817792498985007,2.0,12.703706573449713
9.63844665825007,1536.0,0.5633155784623928,1.0,9.822708010744812
10.617698518334198,2048.0,3.935921681043148,2.0,10.021772339312177
16.52107880155429,2304.0,8.871995228822238,4.0,14.630659257589095
10.871548336199872,1792.0,1.7284225738211851,2.0,10.624475352472611
14.406379116208441,2304.0,5.242835687886353,3.0,13.501565073347528
14.231130429412486,2048.0,3.755597502608337,3.0,13.731973522375846
13.91383113907667,1792.0,3.9778961526378893,2.0,16.235941727128232
7.970499929018802,1536.0,1.1011774318508811,1.0,8.651709689709097
6.320340848049295,1280.0,2.947585956292558,3.0,4.724916593590899
14.554811022971013,2304.0,7.012972394793708,4.0,14.510209900207993
9.022313002683827,1792.0,2.3580259309487337,2.0,10.350330207073117
8.401927736023945,1792.0,1.5354737936308591,2.0,9.085023224721919
12.421225570031304,2304.0,4.939499392328305,4.0,14.267314809096838
15.91474678194627,2048.0,6.655039671956327,3.0,14.474809983697856
16.229082697145408,2048.0,6.95837638832889,3.0,14.574925372693013
11.428199350530395,2048.0,5.635372640618714,3.0,13.901118237746484
4.540489802347007,1280.0,2.4416032630402036,2.0,3.158164304262683
9.58703077350167,1792.0,0.9623520226363698,1.0,9.948468124637943
13.3490834808052,2048.0,4.238839905073727,3.0,14.560506169694888
17.260329741809095,2560.0,8.844221523041186,5.0,18.466291208331057
14.873504421812292,2048.0,7.217202295489019,3.0,12.519101348228162
8.07332102817784,1792.0,1.1072215042594018,2.0,8.151041861250318
11.53193367084071,2304.0,4.315191097457935,4.0,12.197374319943753
6.694738782021795,1536.0,0.0,0.0,6.641864201224543
11.91494819408576,1792.0,1.681979488923279,2.0,12.393123137209795
6.321728423182476,1536.0,0.34146759773402735,1.0,6.161316862632365
11.462324002279852,2048.0,4.178510304926443,3.0,10.554102230040604
13.781406478443799,2304.0,5.780073051682615,4.0,12.658135078482132
15.04508676447233,2304.0,7.846732149095358,4.0,15.947687700865036
6.247329588649512,1280.0,3.2686575407444782,2.0,4.594481789873727
13.991447943303882,2048.0,6.087366882804132,3.0,11.975133256030315
7.993726746451922,1792.0,1.1082836638268543,1.0,7.740623413425157
10.388029540943112,1792.0,2.891075219812498,2.0,10.182178117500783
17.273377899024833,2560.0,7.8887173113378335,4.0,17.307526747689334
13.473141207067469,1792.0,3.058232506960416,2.0,14.211164259317187
10.823624564336491,1792.0,2.901025484809857,2.0,12.427354484587527
9.535227569971967,1792.0,0.6834858107239262,2.0,9.896047700590406
16.063966014649008,2560.0,7.061295528695889,4.0,16.091573683604263
6.748185430464845,1536.0,0.0,0.0,6.141416075350649
7.779485728709892,1280.0,4.056733792599454,3.0,5.4067564714313505
16.43217180097451,2304.0,7.649940140686331,4.0,14.656500841839232
16.187156667480252,2304.0,5.355325013184938,3.0,14.358212846270673
12.903528704651437,2304.0,6.377317189260101,4.0,14.1387372997143
15.360395590859328,2048.0,7.31168165783097,3.0,14.220022924514927
11.830023635292713,2048.0,3.771101769665477,2.0,14.136750533698695
18.677174610691843,2560.0,9.854057603277603,5.0,20.042826619925105
10.150482192242942,1536.0,1.0578548124787366,1.0,10.273124116624476
9.13377473600282,1536.0,1.2008546772191284,1.0,9.582787436934188
11.750649232051293,1792.0,1.1663744236138416,1.0,11.285649679980878
19.295043642546077,2560.0,10.434177137944697,4.0,19.01775874424333
14.556028741853735,2048.0,4.378877579688336,3.0,17.0606366727698
17.891165135931413,2560.0,10.33523044237427,5.0,18.36447594626361
12.01877839841371,1792.0,3.677457966666532,2.0,10.936488334720654
11.711312922969407,2304.0,4.446308984989143,4.0,11.075202568950406
11.488611922392465,2560.0,7.553686056087198,5.0,12.398800278536365
10.098610106047754,1536.0,1.1964161842165875,1.0,10.777704436664376
13.992927774345969,2304.0,4.330979361276049,4.0,14.231167357676092
15.990946326526213,2304.0,7.004960308827039,4.0,14.700610611727592
19.328321290221634,2560.0,11.789639534932343,5.0,18.9312189976798
12.23163757259989,2048.0,5.342132315226248,3.0,10.94041444683168
7.2393628148293345,1536.0,0.25879741580734184,1.0,7.066725843811619
8.001264000474626,2048.0,3.670525821493603,2.0,8.85140227059626
8.812484672985908,1536.0,0.0,0.0,9.069573794701466
15.111910904105708,2304.0,7.738869936049721,4.0,12.914876520180806
10.368645573885274,2304.0,5.387855874291351,4.0,9.099506593973123
9.195161671881786,1792.0,3.2569853251290315,2.0,8.679393391451576
7.888018249650538,1536.0,0.0,0.0,7.984346161876228
8.663626536817041,1536.0,0.9715119918285635,2.0,8.14436266393655
14.730546367151511,2304.0,6.250798636016467,4.0,15.923350602156535
7.490028949871282,1536.0,0.7207501176423008,1.0,7.44852052439354
18.306349335608807,2560.0,10.255819831128004,5.0,18.493742587426944
7.524273071832917,1280.0,3.3202513914771528,3.0,5.452465247687352
9.353610137127308,1536.0,1.5955131771789752,2.0,8.962043437340979
10.206985273951013,2304.0,3.1719087522455647,2.0,11.472808938171081
7.17178368430437,1536.0,0.4005127471030666,1.0,6.710502965944377
7.155640071622461,1280.0,3.58151281183259,3.0,5.236640404871599
8.737830129445664,1792.0,2.2239192574179665,1.0,9.157734263206645
9.840572184411055,1536.0,0.14253206838347626,1.0,9.18875807272627
