8.53620623742834,3840.0,0.0,0.0,20.980342580952037
9.725934297696993,3840.0,0.8190942399670064,1.0,29.56110979064514
12.085752606768395,3840.0,3.3752686930635543,2.0,34.01350700118428
6.283234736367108,3840.0,0.44031055360697996,1.0,18.468349864217224
8.379409685003715,3840.0,0.7788298087743101,1.0,24.295981330921673
8.296081814096885,3840.0,0.4678527513884637,1.0,22.89505579016064
10.83604976819484,3840.0,0.568098945930292,1.0,31.623865045798066
11.924729019394025,3840.0,5.061112379233475,2.0,26.80928915646001
7.847047681787527,3840.0,0.0,0.0,20.095345802182678
7.009774985268634,3840.0,0.09903531189382259,1.0,20.35573394596345
9.064241780565563,3840.0,0.10560935948019301,1.0,25.803249351162318
4.792237934083093,1280.0,2.6856474007305744,2.0,5.354371512997946
6.630189829201132,1280.0,1.9928610181953084,1.0,6.863396666611315
1.8519078106395566,1280.0,0.8900005182304801,1.0,2.7069602492859186
7.793719079206655,3840.0,0.0008599033057444805,1.0,22.67126509708899
11.754592082032095,3840.0,0.6963804643560836,1.0,33.25108578055958
8.059405937498187,3840.0,0.6602496735699512,1.0,21.755871806642908
9.388692154943147,3840.0,0.4449171083912796,1.0,25.275021589109386
10.848852716157841,3840.0,2.4158577257934812,2.0,30.72104306392071
8.13952802476111,3840.0,0.0,0.0,21.503671228133182
8.587338139783418,3840.0,0.8340300294147884,1.0,23.94083893325727
9.622233467816693,3840.0,1.336297920222272,1.0,28.663469883200115
7.448143110064208,3840.0,0.385684659570599,1.0,21.701046999026563
6.194723236735583,3840.0,0.014851213834449373,1.0,16.893428455123455
5.918637257172031,3840.0,0.5276810655995426,1.0,15.236824654456516
7.741483671631983,3840.0,0.3373205715768926,1.0,23.808299033151723
9.204034039303515,3840.0,0.9555178086059248,1.0,24.672482253727523
9.28004465649057,3840.0,0.8746679117991076,1.0,27.26575569728192
9.33642806340071,3840.0,3.2158662222362633,1.0,20.05235149895544
6.144770030003027,1280.0,1.5038217092183528,1.0,7.37886888698651
7.424066191263837,3840.0,0.6739074551611471,1.0,19.85142876850624
10.336705924634893,3840.0,1.8486830704850177,1.0,28.55829926730565
9.923544528137567,3840.0,0.0,0.0,27.02076169346641
7.743412730593284,3840.0,0.09842176367123862,1.0,21.69741754920384
6.659292918795458,3840.0,0.0,0.0,17.928686322577988
4.150334774028453,1280.0,0.7748874323710233,1.0,4.7492092367552505
3.333444371193586,1280.0,1.2727531984635085,1.0,3.652324968333662
4.700075008374401,1280.0,0.7247160364050269,1.0,5.102373439347967
9.1876427774258,3840.0,0.3605064839525415,1.0,26.398340224095104
10.0110803582839,3840.0,3.16092964050101,2.0,29.518379139523766
7.813294061361833,3840.0,0.0,0.0,21.30126171872332
9.21397708073919,3840.0,0.8655378897955724,1.0,26.912655824991695
11.203177341641341,3840.0,2.224484007052254,2.0,33.926670813096514
6.03982908518498,3840.0,0.7377129108024798,1.0,17.852760684654154
5.200154825161425,1280.0,2.239879892118462,2.0,5.414552553133475
12.61014771187627,3840.0,3.3520042669887324,2.0,37.88785569859381
9.048706728483758,3840.0,0.7136368122231942,1.0,24.289728891032027
13.027669281023337,3840.0,3.1645060003287013,2.0,38.31163012081862
8.566769057258929,3840.0,0.8995530028689557,1.0,24.1955968561536
10.167803205910248,3840.0,2.2061552008928014,2.0,30.409636862115384
7.838359773598434,3840.0,0.9406588949459448,1.0,25.690073013638965
4.632587231645192,1280.0,1.337289162196618,1.0,4.804296670312548
8.419763506368016,3840.0,0.9028161592736157,1.0,25.659687384333708
9.780440799170584,3840.0,0.9044890801830889,1.0,25.705572535999536
9.10206485436048,3840.0,0.09507301975887572,1.0,27.247622096847707
8.409400091907168,3840.0,0.9896881303983815,1.0,25.032268010838653
9.67062598193303,3840.0,0.47137548066488244,1.0,26.90920240172936
6.97437189194035,3840.0,1.0333923011726065,1.0,19.474004825766578
9.76116569500584,3840.0,0.9137891974619787,1.0,27.67994501055982
10.18065366161084,3840.0,0.19367679974563362,1.0,28.988104969271077
8.498892219151706,3840.0,0.2075468350021304,1.0,23.68556714811889
8.671893343662425,3840.0,1.3193093435340373,1.0,22.023072099667424
9.518477439633502,3840.0,0.5071172661444774,1.0,28.572044576259678
7.07643573024624,3840.0,0.539841166853003,1.0,21.686062376418715
8.454834370051978,3840.0,0.467272190847763,1.0,22.323970923787904
9.716204508780663,3840.0,1.158432053665265,1.0,26.77883997936776
2.5251484752458344,1280.0,0.18971910298442674,1.0,2.883935891988582
7.573338598159068,3840.0,1.1948927782402452,1.0,23.1662420401989
10.76557915201598,3840.0,1.2771100494990035,1.0,30.323172331046504
3.979346568106658,1280.0,1.8601619755779955,2.0,4.272366147990548
9.495202093030581,3840.0,0.7972811763993226,1.0,26.405892252060482
10.807799563950981,3840.0,2.13040205773986,1.0,32.4711912524265
4.094950828540381,1280.0,0.12049909203957726,1.0,4.915537192741714
9.53972530588802,3840.0,0.6627160460656981,1.0,28.22889116917287
7.347703190418007,3840.0,0.3685192651611141,1.0,22.05526544650269
11.236353268032332,3840.0,0.7815538598910383,1.0,29.790216488810387
6.384283964236464,3840.0,0.0,0.0,18.83082215904332
11.14694676054819,3840.0,2.4009012614078302,2.0,32.84545331924567
8.411862644415177,3840.0,1.5516913093930826,2.0,24.1809273963072
10.30905674002617,3840.0,2.9381446364447044,2.0,29.24870382431491
9.01804295760929,3840.0,0.9050758377790827,1.0,27.44501112798361
7.361146480700702,1280.0,3.618845355830639,2.0,7.751268908512108
8.345574534562141,3840.0,1.6818414735144636,1.0,24.35756004259291
3.0211657096625903,1280.0,0.6497957868131063,1.0,3.457447704677775
7.93444716389399,3840.0,0.12501143397313974,1.0,22.606979395870923
8.497540138094843,3840.0,0.3773142643511594,1.0,23.09480702204234
7.873591788662745,3840.0,0.6990211369554241,1.0,22.89531850635897
10.834561512607909,3840.0,1.683311766118814,1.0,31.198076740415942
6.957136610281767,3840.0,0.4740709699520887,1.0,18.67225504688189
6.079486999833263,1280.0,2.522966766310218,2.0,6.318600193411805
8.07727060635096,3840.0,0.594832218277455,1.0,22.84482258487131
3.9574635116289065,1280.0,0.6255812694807792,1.0,5.034664711816278
11.999809325602019,3840.0,3.313303955934193,2.0,35.87141603378209
11.49862815033529,3840.0,1.2067675930924664,1.0,31.29826925925901
8.553039758694851,3840.0,0.0,0.0,21.753121693195556
9.739752173679411,3840.0,0.6678298292368714,1.0,29.496240007934123
8.475896437143328,3840.0,0.9396864540894896,1.0,24.651861067811875
8.042154921458547,3840.0,0.975980329258888,1.0,22.039180000649488
11.50113158339606,3840.0,4.285118481805256,1.0,26.11572505693311
9.573662046961376,3840.0,0.5652659501206684,1.0,25.888639485174792
8.741749028319859,3840.0,0.2523937792837365,1.0,23.718282335117443
8.835609111006317,3840.0,0.9363609732210714,1.0,26.827838980459724
11.591443610830876,3840.0,2.839933802706783,2.0,34.17867311864304
10.164402623856546,3840.0,1.75427719849307,1.0,31.706742302307212
6.078203265641254,3840.0,1.163298234354429,1.0,18.259165361822767
9.239546588931082,3840.0,0.7964173434393202,1.0,27.330619229229885
10.744084752378543,3840.0,2.3457693831012127,2.0,30.062882223874418
10.476644227837985,3840.0,0.8955190234512204,1.0,28.746937040884532
9.958226857565881,3840.0,1.7444597231605181,2.0,26.845963913883253
7.419055335441525,3840.0,0.303037061951315,1.0,19.1722446934612
9.19699666875898,3840.0,0.17953514908000323,1.0,26.94163023024023
7.2925313058857055,3840.0,0.0,0.0,18.28630809611527
7.298974244103782,3840.0,2.330253329325645,2.0,24.230654765000534
8.116487998537394,3840.0,0.42753259159296714,1.0,23.771700033135467
8.045921449171065,3840.0,1.2150143910912174,1.0,22.633906964522247
8.228787422972726,3840.0,0.0,0.0,21.574721370688827
7.090529708194076,3840.0,0.41674428898127136,1.0,17.414981497347014
8.757823188940243,3840.0,0.2694565855793135,1.0,25.778822387604322
8.832019806365878,3840.0,0.2056251255616361,1.0,25.23610306581595
9.584715948598504,3840.0,0.10003944498862377,1.0,25.020368607373648
7.109640728757537,3840.0,0.0,0.0,21.778687052497226
5.967901519500437,3840.0,0.561718006242159,1.0,17.418920887391074
7.8776551821342204,3840.0,0.0,0.0,22.67932538369801
7.670360978105398,3840.0,0.0,0.0,21.44605535477602
9.900075891590589,3840.0,0.6090982699348749,1.0,25.64489171698317
9.674042576032857,3840.0,1.4738213270383298,1.0,26.732126277615357
8.397971966640283,3840.0,0.4378263928128861,1.0,23.396450587731092
8.421516600962926,3840.0,2.042132373675653,2.0,26.118248063691997
8.556930677391898,3840.0,2.6444720897710425,2.0,24.75221240370005
6.870009643418296,3840.0,0.0617950775397042,1.0,19.30627388229932
9.65989891495585,3840.0,1.0055825768121385,1.0,27.722500785393798
7.975336488937229,3840.0,1.6724095638825904,1.0,22.99513599071637
12.339168351073152,3840.0,2.760514039994848,2.0,35.18428247153231
8.379136799567844,3840.0,0.2459882324800995,1.0,23.32344450290637
7.9205758687044785,3840.0,0.0,0.0,21.968166388386717
9.871641544043952,3840.0,1.49034121489411,1.0,29.782912698940077
8.619046145116274,3840.0,1.5478061441894981,1.0,25.229969786941183
10.222537780191704,3840.0,1.810401498266753,2.0,27.798419064915176
9.951411331822477,3840.0,0.49578375950512227,1.0,27.35492984913322
11.244674386452974,3840.0,2.935280890466505,2.0,33.39459558807707
6.267983395616311,3840.0,0.7140136065914717,1.0,18.604081073112578
5.578767666125192,3840.0,1.2378653704533547,1.0,18.323177085272103
5.624116107590792,1280.0,1.9909123279088323,2.0,6.047294003911691
10.065359738732472,3840.0,1.2520291927508742,1.0,29.195680175095013
7.945065958220464,3840.0,0.48251194609311077,1.0,23.161079214767764
7.642878033901509,3840.0,0.09430628428446741,1.0,22.01776779009631
10.061139065357093,3840.0,1.108102197774358,1.0,28.161350607920756
8.449665379404077,3840.0,0.13718681994845017,1.0,22.293749243594295
7.937113201459864,3840.0,0.0,0.0,23.263707492774245
10.738762577258099,3840.0,0.7013198756120665,1.0,27.279715585928862
9.113387637802001,3840.0,0.3102245707714496,1.0,25.421470772249904
7.775287196514934,3840.0,0.0,0.0,22.875404164778377
9.87364658673764,3840.0,0.6238074573918071,1.0,28.255191323068544
10.14417932833993,3840.0,2.14470220963719,2.0,29.274691928609798
9.299376807816351,3840.0,0.48690276195012905,1.0,24.756184973258474
8.539011010907533,3840.0,0.5478786811091214,1.0,22.794504928425333
8.842649728552203,3840.0,1.0260471632637373,1.0,25.128814029027673
7.860427219792081,3840.0,0.31301495939892643,1.0,22.701087227617037
9.077174488780093,3840.0,0.0,0.0,25.846054369952924
6.998301195685656,3840.0,0.5367916720225744,1.0,19.92759193912358
6.961223583834348,3840.0,0.19411589608255492,1.0,19.25623173996771
7.254773259543779,3840.0,0.23089253928968184,1.0,20.839257732195215
7.455827555601914,3840.0,0.7526071554843341,1.0,19.766737976431983
12.020283870111879,3840.0,1.9364064598464266,1.0,35.453736304798326
6.896160707455108,3840.0,0.496349253346997,1.0,17.311831896104778
7.130598328779698,3840.0,0.3547028859208048,1.0,19.387144992263714
11.54139528328301,3840.0,1.083788201455697,1.0,32.67829349727165
10.703311158948383,3840.0,2.9952184594069378,2.0,30.023780699535777
8.510734721402281,3840.0,0.1380354551099809,1.0,25.230962762701527
7.2556325335971135,3840.0,0.9172694925801257,1.0,21.102552268268212
9.735590255303993,3840.0,1.9527867674233255,2.0,28.80765697861274
10.648949531336935,3840.0,0.43002266963387226,1.0,29.815153802265666
8.738466458077538,3840.0,1.2257151102490842,1.0,23.714950318076774
8.83411435028129,3840.0,1.29774527028504,1.0,25.005773653938626
7.201500825879659,3840.0,0.5290182965824923,1.0,20.817632625185087
8.40363283394666,3840.0,2.6041852507547736,2.0,24.87882123798669
10.557276070519766,3840.0,0.18888938872345168,1.0,29.288095685411967
10.88001002755948,3840.0,2.47365794120012,2.0,33.17612875171909
8.736284319459989,3840.0,0.0,0.0,24.494476024898212
8.179073170875672,3840.0,0.6862046813122606,1.0,22.509594120281697
6.326207573048581,3840.0,0.060508409196923074,1.0,19.200391296277953
7.079041571867256,3840.0,0.04888305463660797,1.0,22.10232126056858
8.768397975243843,3840.0,1.1955031104467646,1.0,23.55588425293471
6.0410504218108,1280.0,2.4680659422306723,2.0,6.170124462547392
9.057932908497788,3840.0,1.3539392414125881,2.0,25.17781121070489
12.190903525835266,3840.0,1.4329491246870303,1.0,34.15960527249664
8.737481467280602,3840.0,1.3405444883961166,1.0,25.179957397772647
8.77189143108664,3840.0,2.0318818072396727,2.0,23.592794289292513
4.526323230659898,1280.0,0.9507919053602336,1.0,5.1682862398513425
12.229647480464688,3840.0,0.44863015671928663,1.0,34.650507605977054
8.098019884584907,3840.0,0.7188261059084521,1.0,25.056860831868665
7.883006254235182,3840.0,0.5034257650044501,1.0,21.610312536366887
12.874344784521224,3840.0,2.6508170138789175,2.0,35.944285296993094
9.516839075092788,3840.0,3.141319298767467,2.0,30.87792004188379
5.619755050704811,1280.0,2.6157919593940155,2.0,5.9164772795369345
12.860793733954857,3840.0,2.2790528382274027,1.0,36.217699686516774
8.379220540789328,3840.0,0.32567909426813557,1.0,25.33438335044693
10.21104155028589,3840.0,0.7314149821283411,1.0,29.42071065573576
7.152756890931176,3840.0,0.22982304910737988,1.0,21.990214968685944
8.641380945013726,3840.0,0.5021454025557869,1.0,23.861808652577206
9.292235061184327,3840.0,0.510436763585774,1.0,25.01172252716279
9.419066442280313,3840.0,0.681625354873322,1.0,26.37617689293754
9.046469376969744,3840.0,1.933086431903447,1.0,25.866565260093317
5.35702831875069,1280.0,2.406507743285068,2.0,5.87325118207764
8.943070991511266,3840.0,1.1068362031951615,1.0,25.456818428178103
12.34454883624117,3840.0,1.99903174265045,2.0,35.10082503012947
9.572939464501472,3840.0,1.3681384345023475,1.0,26.49242328207554
7.852727524546963,3840.0,1.4781654955262444,1.0,22.042401657614665
10.448481276980466,3840.0,3.2917134958501872,2.0,31.059246501447806
5.771911473231897,1280.0,2.1616647086661813,1.0,6.134441948656246
6.70061530725287,3840.0,1.165083655873971,1.0,20.57139782889918
10.247709003204777,3840.0,0.932808008742745,1.0,28.434951051102836
7.638880977068714,3840.0,0.8004538575371756,1.0,20.486295828275843
9.61222335219614,3840.0,0.8709140353481007,1.0,27.95688386882471
11.35883147425261,3840.0,2.362941735254175,2.0,31.83489040940834
2.775464103295649,1280.0,0.03464351838672147,1.0,3.438954529005084
9.172183280002765,3840.0,0.9955712443456947,1.0,23.846557418994173
11.162673842090001,3840.0,2.1072368315170507,2.0,32.21599706197545
8.294582310467256,3840.0,0.28300363319582805,1.0,24.433570990823426
8.973600784428925,3840.0,0.0,0.0,23.620476512718035
7.745490022454936,3840.0,0.6956484835146405,1.0,23.05971139572394
4.595196154661797,1280.0,1.1338293779469728,1.0,5.434813709493531
8.599762724891484,3840.0,0.9009372454659287,1.0,25.350674721996548
10.788628888702906,3840.0,1.4074390255698228,1.0,31.742754534475342
11.341894164082625,3840.0,3.1689570416581145,2.0,33.219159823537275
9.85145394851296,3840.0,1.281014533286668,1.0,27.954235748625205
9.214350809166378,3840.0,0.12019647504904785,1.0,25.04414122957454
9.10948781447754,3840.0,1.184541258341504,1.0,27.88291845513132
6.665888678323815,3840.0,0.8171646260075585,2.0,19.179455244449127
5.997325187391974,3840.0,0.10651416422312293,1.0,18.1438459840242
6.996249196337492,3840.0,0.6360739473223033,1.0,20.536310884978906
11.434569487105467,3840.0,0.8788302328251059,1.0,31.51904751777546
7.943220934044266,3840.0,0.4110628834701082,1.0,22.425373922228303
7.811996920330049,3840.0,0.5398964402007299,1.0,23.313957672579242
6.780162882962812,3840.0,0.27567493899418094,1.0,18.140891183701903
5.7990165342430595,3840.0,1.2660478840684655,2.0,18.149085076348513
3.1459728066438437,1280.0,1.8177477559558999,2.0,3.643454619999041
2.1964239090023967,1280.0,0.3265310458833116,1.0,3.1244789899783023
10.600341984089269,3840.0,0.34855151779032206,1.0,29.337454149048938
6.718133311581713,3840.0,0.0,0.0,19.371704524896934
7.036945693347792,3840.0,0.9655273620856257,1.0,20.32197457191053
9.099976898038957,3840.0,1.523593120499858,1.0,28.203845347201387
8.701263955336012,3840.0,1.220384124986395,1.0,27.25640144556536
10.973409414315311,3840.0,2.281598889962621,2.0,30.017146705320183
10.061475021585917,3840.0,0.3596083216688596,1.0,28.590106977729885
8.342920711652512,3840.0,0.6554993931073363,1.0,23.22144769508057
11.85797335031549,3840.0,2.4627771384836388,2.0,35.005805810873454
6.625352375881792,3840.0,0.0,0.0,18.250087737560442
6.857973099270167,3840.0,0.0,0.0,16.20491005395848
5.475329202902977,1280.0,2.2321028486714547,2.0,5.866610117334083
8.800233895268265,3840.0,0.15885175518037958,1.0,24.764722283698458
9.86506170582289,3840.0,1.463903790537974,2.0,25.75627352501583
7.489930607896287,3840.0,0.0,0.0,19.158810337721427
10.312126387789414,3840.0,0.6974319386796066,1.0,29.466072857042857
10.951705728546209,3840.0,1.6421010050154599,2.0,28.879407683751538
8.222528710155,3840.0,1.0662701715331562,1.0,24.02853264789005
8.198230305909458,3840.0,0.6376954531858529,1.0,23.05850060854727
10.421103710211868,3840.0,3.1253685774975124,2.0,32.35348180474537
10.303272771793422,3840.0,0.891270387512528,1.0,29.092689453845217
10.722307057619805,3840.0,1.2531984620202319,1.0,27.779858905623776
9.444290343573758,3840.0,0.10243450171925039,1.0,24.287915874874255
9.495791909303431,3840.0,0.9388706179177049,1.0,25.844376031314173
9.442836250379193,3840.0,2.1915460215046783,1.0,27.610958743805327
10.025312467301413,3840.0,0.6665910676936637,1.0,29.52367250709259
11.951584223241152,3840.0,0.602277967257167,1.0,34.694361916771705
2.936466822185156,1280.0,1.3135613597967903,2.0,3.321498489984334
8.166179280443881,3840.0,1.8381634167019092,1.0,24.461955790778788
8.505741535306267,3840.0,0.7317315516659317,1.0,24.289701003450165
14.414191950748027,3840.0,4.833673707282739,2.0,44.746420701824945
3.6535969463266205,1280.0,1.7522398931929253,2.0,3.9197923940928128
8.303801807436544,3840.0,1.534587103527866,2.0,23.895305821051714
3.475497380970908,1280.0,2.0812297820925285,2.0,4.096026900603953
10.028240216415972,3840.0,1.1969121994558125,1.0,29.04636206878042
8.032332345197844,3840.0,0.7292677843099218,1.0,24.97989821438156
9.801642072593236,3840.0,1.7808230506877691,2.0,27.756345315892702
8.862254443438417,3840.0,0.27748585250763497,1.0,25.028892020408836
7.918285956354656,3840.0,1.3980245019214916,1.0,24.496610579037206
8.084751941865168,3840.0,1.9393615396951875,2.0,24.842537990476934
9.584873060501945,3840.0,0.0,0.0,24.352190998994836
7.93143387161435,3840.0,0.16897391119892835,1.0,21.275501312701156
7.975258888547423,3840.0,0.6529139421156285,1.0,21.69192762678213
12.379009228236779,3840.0,0.38902257431273335,1.0,33.85965487996873
7.721209411720424,3840.0,1.5333569329280752,2.0,20.772134324868563
10.56329578702134,3840.0,2.182827177353585,1.0,30.961204289843778
12.439362137371855,3840.0,0.6734642198725195,1.0,33.69997279298898
10.047101196199227,3840.0,2.6421422544162807,2.0,30.292922435403778
10.547817117001514,3840.0,2.755023130783135,2.0,31.392635961245723
3.5685820262780306,1280.0,1.4523121132559185,1.0,4.06574546116252
8.10618428441215,3840.0,0.6893129371449276,1.0,22.94010792935459
8.580994975095804,3840.0,0.933119909346199,1.0,25.502631289290413
8.332966953435445,3840.0,1.0460678041915803,1.0,24.34414550563379
8.860580947600372,3840.0,2.6286815330842006,2.0,28.12049907306207
13.474793396397846,3840.0,2.5757913378802693,2.0,37.96811623501596
9.024124409492183,3840.0,0.3064910500660969,1.0,23.36292571321832
9.36265549656262,3840.0,1.2645903943513388,1.0,27.86036494653696
6.224632765693302,3840.0,0.0,0.0,17.79166077573325
5.565883335856974,3840.0,0.690765914182265,1.0,17.70423649769482
9.324671613216934,3840.0,1.157907766287773,2.0,23.17632620560221
9.193870875521053,3840.0,0.5523224069987259,1.0,25.71899865124916
7.134204583831977,3840.0,0.5592029727215588,1.0,18.844553444432393
7.640881817186424,3840.0,0.6439700348251025,1.0,22.47484153461246
11.54667063518552,3840.0,1.0554559950434468,1.0,32.552814078330954
9.383588716000975,3840.0,0.9725262738506065,1.0,25.459491394345434
7.1579581551242075,3840.0,1.8634556142259515,1.0,19.84685875396792
8.766874596317093,3840.0,0.40476668781409797,1.0,22.050037275130308
7.216105494705099,3840.0,0.5413043002988361,1.0,23.298405337851392
6.022517019883258,3840.0,0.6917991894816387,1.0,20.263426093305565
10.169704051127754,3840.0,2.6766245887924387,2.0,30.290628365538257
8.08061230517723,3840.0,0.4766764546868678,1.0,21.292844819625415
8.32359641124263,3840.0,0.3939676818956044,1.0,25.945079667333193
8.269297633988344,3840.0,0.2350198225015354,1.0,22.788179502967076
8.245557028021922,3840.0,1.8723299536460982,2.0,23.290092438833533
10.644692367308254,3840.0,1.4666108831466922,1.0,29.28348594307279
8.150087744456965,3840.0,0.6412645967269184,1.0,23.37548488040598
9.044441252604965,3840.0,0.4841677865373682,1.0,24.718179167357476
11.176331301228004,3840.0,0.8667382874824802,1.0,28.53091424342599
9.998366263131274,3840.0,0.8964986002292437,1.0,26.821319999946606
11.574408231102726,3840.0,1.833322205837221,2.0,32.76084576412756
9.789464931434164,3840.0,0.5891128013618377,1.0,26.386822591615914
8.946537151404067,3840.0,0.3694240762102499,1.0,25.88016805216175
7.0004816679763975,3840.0,0.5245103208641736,1.0,18.905691666588755
10.489985244713933,3840.0,2.499936658187659,2.0,30.6081609477602
7.057986062685329,3840.0,0.8898192630337183,1.0,22.550973034376167
11.953294470874788,3840.0,2.2258891929683777,2.0,32.706425650664265
10.66097929401381,3840.0,0.945793597189666,1.0,31.406477934750797
6.264012227441218,3840.0,0.44064074013542676,1.0,21.079227723536516
5.471963490298267,1280.0,2.631834251585158,2.0,5.84888454888619
10.016259473040382,3840.0,0.809378658211023,1.0,27.934945689972217
7.90029278679995,3840.0,1.3452991821452085,1.0,24.556516152277027
6.411836149345475,1280.0,1.5742725769682164,1.0,7.265570152577508
6.924309583118247,3840.0,1.055919266490388,1.0,22.69880981046195
10.503793350967428,3840.0,1.9997273483463087,2.0,30.093549535355667
9.142409685037277,3840.0,0.18454168893816658,1.0,25.24576371092195
4.871617934334663,1280.0,0.2696123145723577,1.0,5.206425958013541
10.554738757488828,3840.0,0.6787903191596465,1.0,29.958925958349315
7.893561480748576,3840.0,1.4223283903414732,1.0,23.648525476729436
9.736997780286185,3840.0,0.15765238679886,1.0,27.77845173030286
8.65063940467533,3840.0,0.0,0.0,24.67611160249229
10.801941595562411,3840.0,0.6387660431598777,1.0,31.857875832373363
9.71414469114454,3840.0,1.7586029218928991,1.0,29.116241330967252
7.52118380334748,3840.0,1.1505068329436583,1.0,23.439816107464026
7.0741766471512575,3840.0,0.010700829999194084,1.0,19.66354791876403
7.148574309989177,3840.0,0.7334906628683023,1.0,21.93035638703751
10.968103613394286,3840.0,0.928934288962763,1.0,30.88451018436842
8.827392367283595,3840.0,1.4634530124611405,1.0,24.60811234054086
10.498833445266529,3840.0,0.5669980135393107,1.0,28.330040316771328
9.074372329462056,3840.0,1.0600979117404343,1.0,25.598952671570817
6.962334526021449,3840.0,0.0,0.0,21.40386545491437
4.707110963174093,1280.0,2.5529587342948012,2.0,5.0792040311982065
11.20097413529015,3840.0,2.6640291016510314,2.0,35.43310667395246
8.629849107465942,3840.0,0.17397197608528853,1.0,25.496385374804227
9.894506655750188,3840.0,0.6231387180281283,1.0,28.56430147431598
8.689146123562782,3840.0,0.0828225854390956,1.0,23.20953100953977
8.075870622766521,3840.0,0.6759003709336755,1.0,23.56659051443086
6.171112190851814,3840.0,0.916927030248218,1.0,19.703408744872544
9.131693046102143,3840.0,1.0569003430255441,1.0,23.662417167527128
6.123810595064173,3840.0,0.9816288183824601,1.0,17.49619638884426
6.418080012428437,1280.0,2.3797102571225097,2.0,6.898357500119723
3.552994926534987,1280.0,1.4287909237269822,1.0,4.140882312185637
12.86679416233325,3840.0,3.434820356562142,2.0,38.372117805306544
7.999504976364856,1280.0,2.3359500368879242,1.0,8.208330398421536
7.255151320335698,3840.0,1.0142218085320742,1.0,22.837596190746453
4.669897701337275,1280.0,0.48738556780077774,1.0,5.0659602748821415
7.793448680539723,3840.0,1.0751917171329224,1.0,22.931285180675985
8.074136904873358,3840.0,0.7901611783281766,1.0,19.881869243580272
8.018016905262396,3840.0,0.8984762974490292,2.0,20.517811580737657
9.516502488868893,3840.0,0.6943742609282278,1.0,27.370339708110897
6.639963440350039,3840.0,0.5172746211288968,1.0,17.863653557057265
8.695000379309356,3840.0,0.6377574491253436,1.0,25.21488123851283
3.9052686346274927,1280.0,1.859917689263118,2.0,4.429461127230164
9.377108385917957,3840.0,1.3292647280655485,1.0,28.583344955873645
9.830610800912687,3840.0,0.10737810528507474,1.0,25.721554763078053
8.575183876395794,3840.0,1.644962282057119,2.0,24.907702230676005
7.9160588234264555,3840.0,0.04268081312799549,1.0,23.561068229933344
9.684379895545737,3840.0,0.7138588901960344,1.0,29.519831318578856
10.299150648660326,3840.0,1.751439098718236,1.0,30.33879854641081
4.288136970269651,1280.0,0.35291917359265684,1.0,4.697647397069749
7.873637435931791,3840.0,1.4656261498092487,1.0,21.79015346669156
11.469915351182927,3840.0,1.04706519042103,1.0,33.51351834819131
8.66973602421298,3840.0,0.43425420148270144,1.0,22.450070204827064
8.528039144742039,3840.0,2.705962242763901,2.0,25.921320164455807
9.225481635229858,3840.0,5.00711201916809,2.0,23.774631766423532
9.510029924929492,3840.0,2.4710001252183504,1.0,29.38070532743156
8.298863219704742,3840.0,0.6161780807716574,1.0,23.015653715833484
11.27768996883495,3840.0,2.857890305814746,2.0,32.760204014125776
8.878341214247838,3840.0,0.9359247354620098,1.0,27.374673107630343
8.01295257605686,3840.0,0.0,0.0,21.52692752511191
9.702544038690938,3840.0,3.499754735898864,2.0,32.66275942476168
8.851584131166236,3840.0,1.9253213503719344,2.0,27.168551988553368
6.425222548964329,1280.0,2.3496425996677157,1.0,6.54113911928027
7.6446415828342715,3840.0,0.21675857112694458,1.0,21.08967082379316
10.979081838010677,3840.0,3.2825885897175664,2.0,32.65109121795062
9.897793646333847,3840.0,0.0,0.0,25.844810625087142
10.728914831433963,3840.0,0.19112716066742763,1.0,26.95292071704786
13.129645472826148,3840.0,3.2021623678381133,2.0,37.98973872860533
12.238878320862316,3840.0,2.3119704807966155,2.0,34.231078424120774
10.38447617021981,3840.0,2.9383752383316204,2.0,31.33228504647154
11.1637847430809,3840.0,2.338948891072802,2.0,32.036030258978386
7.969833996222507,3840.0,0.0,0.0,22.868093809127316
9.636600022754747,3840.0,0.667037183909542,1.0,28.43328214977308
8.422182375318027,3840.0,0.32133552319515535,1.0,22.270349178982926
8.653833600172806,3840.0,0.591738172471068,1.0,25.97053411582072
9.10673263150216,3840.0,0.8394888794657007,1.0,26.285974884319693
9.059523070740372,3840.0,2.795042609103871,2.0,28.341495583846665
8.348981568790094,3840.0,0.2158174976383424,1.0,25.763625700352186
8.268909385656801,3840.0,0.0,0.0,24.484212904353022
5.096313797220175,1280.0,1.8807786568616172,2.0,5.466134821542516
10.061859134779692,3840.0,1.113893829192235,1.0,28.999318008842916
11.717338162279251,3840.0,0.4154757886328111,1.0,33.57682059643966
10.71128069506793,3840.0,0.45361650141713694,1.0,28.280932365898387
8.548137072337328,3840.0,0.9602512676635948,1.0,25.063115261118888
8.292479146608283,3840.0,0.931799382899327,1.0,24.627620112459816
9.131347925285361,3840.0,3.190583330672558,2.0,28.475340805089964
8.83696692531443,3840.0,0.46754111330322873,1.0,25.511581529945122
9.975834762105606,3840.0,0.4107149412186375,1.0,29.45949997593696
3.7456339942281938,1280.0,0.9566727223322817,1.0,4.046999567579904
11.459793397387294,3840.0,0.7191885478095914,1.0,30.313185634598106
7.906231357438341,3840.0,0.609699974550381,1.0,24.39881837152282
8.655651337142253,3840.0,0.4993283359969214,1.0,24.315129472657837
8.93756867081172,3840.0,0.3071877352741787,1.0,27.38382782935668
9.157998743962306,3840.0,0.0,0.0,24.894206490188232
8.41358381094216,3840.0,0.0,0.0,24.686529652178795
11.833913716402026,3840.0,0.059436439472864255,1.0,32.784027458748604
8.736283201195931,3840.0,0.0,0.0,23.794371912318166
7.809686011531387,3840.0,0.8717366803375384,1.0,22.637802150282248
9.859672900156518,3840.0,3.055943366936207,2.0,30.376637955130256
11.066069027887526,3840.0,2.3160624729443464,2.0,30.58841174511674
8.459280225273389,3840.0,0.6655759671590183,1.0,24.097013437361177
4.42226797340067,1280.0,1.0103813451031465,1.0,5.2031274420324225
10.8689153859428,3840.0,0.6661829251368367,1.0,29.91460900874235
9.079274133302924,3840.0,0.4083958199852452,1.0,24.377574013331543
8.158111627937277,3840.0,0.16947221047785133,1.0,22.139482237152492
9.976751778615938,3840.0,2.0070803756770834,2.0,26.914902928707747
7.850151185262814,3840.0,0.6506376842297942,1.0,22.48346191361857
4.591284348922169,1280.0,0.46800333490781565,1.0,5.033821090455712
8.39932093316602,3840.0,0.16940911280004822,1.0,22.338706897738156
7.00343980491402,3840.0,1.6504312814653814,1.0,20.621687876334562
10.044752588228747,3840.0,1.57970497160278,2.0,28.15614988493673
10.426743352434299,3840.0,0.5994682529104758,1.0,28.345752048515358
8.846484178202948,3840.0,1.0178274042709288,1.0,28.478560320660954
7.209225879539211,3840.0,0.8072581904015915,1.0,18.868803005388237
8.882225706866524,3840.0,0.41601484805696964,1.0,23.596949851406578
4.3086384001676725,1280.0,0.24691647819600257,1.0,4.754396818763593
7.861384972650349,3840.0,0.7584957668162968,1.0,20.061837999399476
10.149124072121493,3840.0,2.230359139396163,2.0,29.30122618210064
8.389989832250198,3840.0,0.746172332351787,1.0,23.084896497142196
8.231336149451556,3840.0,0.7679863936431217,1.0,21.49136802945765
7.134152731619773,3840.0,0.5621013215564195,1.0,19.5487305394984
7.106336558019846,3840.0,0.5994416294202018,1.0,18.981906672161664
11.176600064060198,3840.0,0.8823601324442419,1.0,30.54077759318056
10.956178649249003,3840.0,0.9912469250268856,1.0,31.83421621869017
2.960329218890462,1280.0,0.8982989630072771,1.0,3.5701155851322013
7.016325594795033,1280.0,3.22591125709429,2.0,7.710418112327062
8.988039290793761,3840.0,0.8658250143529307,1.0,25.4132690122591
8.949491138938926,3840.0,0.8041405617617754,1.0,25.58392816582326
9.62252798235909,3840.0,1.5661527300445517,2.0,27.03288001518489
11.162942125127662,3840.0,0.9164555249226676,1.0,32.18959876323088
10.062660711877408,3840.0,3.5508708204531,2.0,28.965819710647438
8.271587778724092,3840.0,0.6374777187202623,1.0,22.846551782162837
14.00393176161876,3840.0,1.018795251067925,1.0,39.16530640324832
7.538490702655468,3840.0,0.3047777879886029,1.0,19.55410592470405
10.352818143153996,3840.0,2.0444917800066746,2.0,28.77379357430371
9.897507855830263,3840.0,0.9057667770342257,1.0,29.186954106586953
8.429036117026921,3840.0,0.0,0.0,26.160070183694607
5.50464910381216,1280.0,2.213192352826127,1.0,6.029271805353979
9.501687008547206,3840.0,0.4101503849811437,1.0,27.161844462030743
8.887099673751234,3840.0,0.8409060412935527,1.0,26.35927294769808
7.554983378438961,3840.0,0.9639755224897585,1.0,22.580596958211157
7.725679449821554,3840.0,0.4823407459088804,1.0,20.782292179595057
7.80580759323619,3840.0,1.076051820076968,1.0,22.921257382514767
9.543036432334507,3840.0,0.7357500636639931,1.0,26.145971451999028
6.503811465800699,1280.0,3.2104013867234515,2.0,6.884628925289467
9.092762501198225,3840.0,0.5072092047593066,1.0,24.131644675773245
9.811295450549228,3840.0,0.3747229953042556,1.0,26.58544896724794
8.999649637263783,3840.0,0.03499161864473299,1.0,22.991964699708493
9.671553644596457,3840.0,0.3689558116551237,1.0,29.005107754118747
9.474134256353897,3840.0,0.06014337173334117,1.0,26.35061484126585
9.947960262680782,3840.0,1.1007173030447963,1.0,26.312435891237744
9.820634860358446,3840.0,0.9022215528695583,1.0,29.61270998121987
9.142596482598808,3840.0,1.829948820104557,2.0,26.06101124754762
7.974235991209535,3840.0,0.3133665761039851,1.0,23.407873594631347
8.615975660091932,3840.0,0.3602819462922934,1.0,26.38272749721096
7.3963428530336115,3840.0,1.3582965550144253,1.0,21.835870036853507
8.398063052816413,3840.0,1.272025128718632,1.0,23.50701166217678
10.04198889948538,3840.0,0.24939153004619846,1.0,28.995010136464302
9.434149133625027,3840.0,1.7977055224634328,2.0,27.708850546028696
10.007115056778838,3840.0,0.6814030255856022,1.0,29.47485480043659
10.218265702950054,3840.0,0.7095883473153047,1.0,30.75861188825342
11.330743056941273,3840.0,1.2588012025998652,1.0,31.44433486813458
8.130099275995443,3840.0,0.7717206482894411,1.0,24.243408226244156
7.76601262368076,3840.0,0.6054396210699187,1.0,23.994683760500493
7.479710676198956,3840.0,0.5015139522377766,1.0,21.596349535394637
10.775345025912285,3840.0,1.1690251942140113,1.0,31.49766610493088
8.829844962508512,3840.0,1.3105191475423292,1.0,22.67080087679129
8.552517566885133,3840.0,0.8798004138793742,1.0,24.75426310138959
7.1808848680914625,3840.0,0.0,0.0,18.707299280796086
4.945390413761115,1280.0,1.5971839410405584,1.0,5.397250322694411
9.476734360762528,3840.0,0.8499696354864463,1.0,26.57524431407199
8.208004501176182,3840.0,2.081520806244646,2.0,24.010619572632933
9.439726615896598,3840.0,0.995933310253043,2.0,24.702022725228087
