20.169876259623603,1536.0,7.395551156485215,2.0,15.353391126000503
47.39841516994818,2048.0,15.66282221468251,4.0,25.379363513484275
46.92625204971124,2048.0,13.672293846231373,3.0,25.907670231314953
71.29420890430788,3584.0,30.74526109159216,5.0,51.75451769900453
19.369658909507955,1536.0,6.177723345229772,2.0,14.533968559482076
73.76849433301335,3584.0,28.808074393154087,5.0,51.94724710147379
40.62081636573733,2048.0,4.8347548297277,3.0,23.41178219356719
18.291120839413622,1536.0,5.9565372076337955,2.0,13.429545575705482
71.18125856949784,3584.0,31.47175793441753,5.0,52.181592917606
48.77629754536631,2048.0,15.175150396819188,3.0,26.892172891577495
19.91504976423738,1536.0,7.388661257652994,2.0,15.09244879472501
47.38482238835907,2048.0,10.775068975518126,3.0,29.769842804134313
60.75852128992415,3584.0,27.183619056782778,5.0,41.78684483552028
47.10788268513438,2048.0,14.217059878678704,3.0,26.452835179757535
42.431378111182724,2048.0,8.889597563503248,3.0,25.762383746403906
70.93594733682987,3584.0,31.31647739129168,5.0,51.56208046323556
40.28134695864458,2048.0,6.104344631572475,3.0,24.065149960660488
41.80207939701355,2048.0,8.760780534220626,3.0,25.645711708279315
17.880055196132368,1536.0,6.008174668288452,2.0,13.008614356985477
57.857015551936705,3584.0,26.569255078305915,5.0,37.94939677418463
74.03601826256724,3584.0,28.757826082622366,5.0,54.710040056343146
49.62389258850304,2048.0,16.576316892834313,3.0,27.853602696709643
19.11212396663891,1536.0,6.691112467372907,2.0,14.27025277798418
17.368058987490752,1536.0,5.635385230977882,2.0,12.484330239336462
20.491904048655535,1536.0,6.168805291136824,2.0,15.6831475819692
42.39064086439855,2048.0,7.998658727554917,4.0,24.108539668714045
75.26182670510713,3584.0,27.596555726072147,5.0,53.0277711595963
48.453719016450194,2048.0,15.559487518849174,3.0,26.75399165161449
48.41665255991911,2048.0,15.5006367895387,3.0,26.618870908059616
47.41579309334705,2048.0,14.420401284905793,3.0,26.30583531701378
18.85869887683751,1536.0,5.225631346038201,2.0,14.010745486027545
70.19102052290101,3584.0,31.913323959218,5.0,50.74450880936168
49.285928586773636,2048.0,15.617728888518062,3.0,27.237436036551884
76.69302374354164,3584.0,29.00432205106653,5.0,54.81464175562464
26.082759847997245,1536.0,11.258597327482171,2.0,21.408183920495112
20.531935841679054,1536.0,7.068481441766764,2.0,15.724140138025284
39.935784659478145,2048.0,5.420082108551144,3.0,22.43921146345999
47.88176823642306,2048.0,13.752693637573485,3.0,26.3244998719102
70.30145697699204,3584.0,25.064377727964512,5.0,52.05788825116447
67.67425935315762,3072.0,22.659887315126518,4.0,50.267156110569836
45.180855719389356,2048.0,9.121496628032853,3.0,28.036395415709016
25.37368947348947,1536.0,9.767384700828481,2.0,20.682095856999148
47.38894727607575,2048.0,14.366763846799532,3.0,26.107675172709506
41.78770348693677,2048.0,7.376117194150506,3.0,24.479641470000345
19.410392874011947,1536.0,6.364350221384694,2.0,14.575680139134166
66.24402914768054,3072.0,22.78532375926322,4.0,48.64840176599916
39.011889630855734,2048.0,4.598361952482197,3.0,21.425014865064476
38.98393729837403,2048.0,4.2905445505775806,3.0,21.79882493358134
47.65996594319703,2048.0,14.073020415021457,3.0,26.667763592558792
71.14264966091483,3584.0,31.19822229532315,6.0,51.622456240346224
43.92261422887115,2048.0,10.246515202736191,3.0,27.3105778599188
72.35149169762695,3584.0,31.875538443402466,5.0,53.283018742836674
60.1607442974174,3584.0,28.563556145733575,5.0,41.25714956537549
65.2600291897899,3072.0,22.115058267158624,4.0,47.5349229689575
25.051787098248816,1536.0,9.7009407411301,2.0,20.352467824752722
55.06104503025252,3584.0,23.773169077161796,5.0,35.01483397235776
76.23500695125907,3584.0,29.01085597968786,6.0,53.79132429860306
19.729185119282963,1536.0,6.91137661891002,2.0,14.902123398291685
42.52002556261395,2048.0,8.205994768629349,3.0,25.347439964531684
48.225969873502336,2048.0,15.349793891566698,3.0,26.505896487140035
48.8400707802848,2048.0,14.64462555168329,3.0,27.308134437558305
42.20060351980959,2048.0,8.431806037505673,3.0,25.42419079659417
25.40086291482503,1536.0,11.087102627689323,2.0,20.709921460926765
76.12357173043327,3584.0,29.41289739452857,5.0,55.064065279190835
38.758218803680464,2048.0,5.410826048875164,3.0,21.645173909473947
24.13033966255598,1536.0,10.112574528471123,2.0,19.408905650603256
48.466851215648774,2048.0,15.021080763819047,3.0,26.616127793375526
55.98163227265839,3584.0,24.18357508478917,5.0,36.36765843476834
19.173317271222118,1536.0,7.115643215037917,2.0,14.33291472187738
49.31410228928118,2048.0,15.908439859324167,3.0,27.432724760268528
24.539212552835874,1536.0,10.171431315164764,2.0,19.827591490249866
55.68080993038024,3584.0,25.29268162493014,5.0,35.886168060629885
65.75115377867121,3072.0,21.655609847048268,4.0,47.76015347053823
24.272806524818296,1536.0,10.124792999151927,2.0,19.554791717559866
40.99792190899394,2048.0,5.76353551299583,2.0,24.805650531086098
42.516677282996824,2048.0,8.253769325960988,3.0,25.92828938697935
49.41499427845588,2048.0,15.788603532734381,3.0,27.223208758285658
70.22331789247596,3584.0,23.1609665292797,5.0,51.40885142623657
54.71625755582792,3584.0,23.199704834328536,5.0,35.19867275250828
59.16682732025234,3584.0,25.529175000207402,4.0,40.01783707209658
26.270666255230065,1536.0,11.336996740445482,2.0,21.60060008150152
26.168470160894298,1536.0,11.307194315864692,2.0,21.495951280901693
18.983853555008324,1536.0,6.938686675986675,2.0,14.138903876474458
17.666480329014885,1536.0,6.325852148355272,2.0,12.789913693057175
45.717712175419074,2048.0,10.80024152110014,3.0,29.266498407929376
19.41572106667447,1536.0,6.111118530737722,2.0,14.581136208420592
40.35101887683795,2048.0,7.3608553023261445,3.0,23.654214190132745
77.52694959845823,3584.0,29.73950484342964,5.0,57.95111379917036
39.541045022678404,2048.0,5.447065636705494,3.0,23.1102345680395
19.53872515985775,1536.0,6.3119392561277365,2.0,14.70709239984027
47.212597116249015,2048.0,14.18876302970926,3.0,25.82363565744754
26.355362126588425,1536.0,10.39671059654997,2.0,21.68732865377248
69.84198223878893,3584.0,29.258585088292104,5.0,50.61675778569007
60.451429625124575,3584.0,27.67867388739478,6.0,39.43264652255393
19.17194644113725,1536.0,6.8929602349781325,2.0,14.331510991870477
73.15710509087766,3584.0,31.020063803547487,5.0,54.6699627576823
72.6442853461228,3584.0,26.862456199214222,5.0,51.38723952129648
48.479351878357704,2048.0,15.069571309925895,3.0,27.356385756812145
57.07287832885889,3584.0,25.728787070959296,5.0,36.907259999209764
75.0519215376725,3584.0,28.395137905107717,5.0,54.52408725959582
18.637065803688195,1536.0,6.717005501148501,2.0,13.783793219122643
25.382690994753567,1536.0,11.250784630619254,2.0,20.691313414773585
72.79365684606883,3584.0,26.42129702411685,5.0,51.094281835487436
41.27997049814119,2048.0,6.322288101068903,3.0,24.4724175217579
41.11148458087696,2048.0,6.899042798274673,3.0,24.15468357664891
66.64898008513377,3072.0,24.144241975827498,4.0,49.67284349078794
41.64821457390465,2048.0,8.935372562204336,4.0,23.93219838833346
20.02945768851307,1536.0,7.0853286455549735,2.0,15.209602509183316
25.613150136627528,1536.0,11.443758901123509,2.0,20.927303576052523
48.069231644086926,2048.0,14.388740885442573,3.0,27.188088362497098
72.14782280095383,3584.0,23.488706118510223,5.0,54.97475971926862
68.43226670730974,3072.0,23.681241909543274,5.0,49.89668529541315
67.33391138720621,3072.0,23.290154927412154,4.0,49.40236134693608
40.60883518938918,2048.0,7.280265294798342,3.0,23.558119331183388
76.48758975080797,3584.0,29.144613236278726,5.0,57.50060247331883
48.39591904304288,2048.0,14.534158289319599,3.0,26.629184090863944
41.39109764971533,2048.0,5.776977060074202,2.0,24.888075498432674
60.544499475790175,3584.0,28.224273348353684,5.0,40.949608597662454
40.139319591335195,2048.0,4.919633235361772,2.0,24.411592461211015
47.51080317131718,2048.0,13.25377592242274,3.0,26.209316467547
18.184963193430953,1536.0,5.916431274147763,2.0,13.32084014621923
19.434868281907207,1536.0,6.622173734038789,2.0,14.600742956818912
25.363153273424132,1536.0,10.935078429085404,2.0,20.67130678813224
47.614017552471836,2048.0,13.672948484467739,3.0,26.05931300324373
23.802877793968314,1536.0,10.58701636709528,2.0,19.073584697169487
41.62412488531293,2048.0,7.741829612920082,3.0,24.58483383860259
25.680557478985513,1536.0,10.595129161719049,2.0,20.996328694627096
43.70410096006811,2048.0,9.77902050608473,3.0,26.817538124744523
47.10422849050968,2048.0,12.934431564672337,3.0,26.04287960732145
75.39244823192689,3584.0,28.998039051937532,5.0,54.212737166441435
73.1106445680358,3584.0,30.533544927864853,5.0,54.79082387090225
75.97004821950941,3584.0,28.208908849791843,5.0,55.1342243286041
18.4402287921605,1536.0,6.153217088621441,2.0,13.582232119318284
48.899228560168986,2048.0,13.909241618079378,2.0,27.540460682237324
67.1028337554796,3072.0,22.207048152899304,4.0,49.102630772297836
72.03617463879195,3584.0,29.716353701205076,4.0,52.37302375153964
75.11681996771144,3584.0,27.704982073528143,5.0,54.704510980800016
41.520355062361055,2048.0,7.6078040055531195,3.0,24.947542890021147
39.46265659578757,2048.0,5.149013900343244,3.0,22.80725950890818
41.41626030171656,2048.0,5.587950379789849,2.0,25.23805139653839
57.59900091000287,3584.0,24.950002343807892,5.0,37.40816942263955
68.96040419202136,3072.0,22.67458256050808,4.0,51.583268937469526
42.521417049570275,2048.0,7.77902722593943,3.0,25.63393790924807
40.35728174511891,2048.0,5.198559714979612,3.0,23.147507826922762
19.134064437957882,1536.0,6.423007092754895,2.0,14.292719820614803
17.76671524102161,1536.0,6.358642260669833,2.0,12.892554242952063
44.40202624206738,2048.0,10.602774580999931,3.0,28.421755194931798
48.010607097847995,2048.0,14.269231946434182,3.0,26.993685532845785
45.68001566879595,2048.0,10.100389833082822,3.0,28.651807677560587
48.32813509292119,2048.0,14.916881870507606,3.0,26.791465927858397
49.101309424999535,2048.0,14.911987927766331,3.0,27.11139332930658
41.25630490262954,2048.0,7.2982899473162695,3.0,24.762637777864562
24.458464956558245,1536.0,9.750437131037957,2.0,19.744905951661575
20.21461749501799,1536.0,7.033969274050239,2.0,15.399206151044353
24.30796580120645,1536.0,10.979445652233256,2.0,19.590794816581337
40.88047967106414,2048.0,7.740698647144916,3.0,24.710146931562036
18.69796473697531,1536.0,5.814926548820827,2.0,13.846153726808652
60.17044186944568,3584.0,26.928444713366886,5.0,42.58601682398086
39.18945548025394,2048.0,5.580589693941318,3.0,22.060853925507004
74.15120683696456,3584.0,27.879297473708515,5.0,53.13571394238194
60.20752736680078,3584.0,24.674445592671972,5.0,39.63543326174842
18.489813711843833,1536.0,7.065061916167019,2.0,13.63300707707402
42.491166805200336,2048.0,8.679042303405902,3.0,25.416527321585
20.31650944675081,1536.0,6.606331604200131,2.0,15.503543509618762
73.89282280545055,3584.0,27.56440202451826,5.0,51.35868995988251
43.41534632950222,2048.0,9.118809931555248,3.0,26.605086932263738
24.816873561186895,1536.0,10.958075527847239,2.0,20.111916362801313
67.02976883112302,3072.0,22.9040293796954,4.0,49.016827344703444
27.250597602311807,1536.0,11.906956957818917,2.0,22.604049780913222
71.22931809745933,3584.0,24.975894859905537,5.0,54.05356064566098
18.637606091342043,1536.0,6.882191094585828,2.0,13.784346473680184
39.90677391954251,2048.0,4.667535947251425,3.0,22.597441960854674
26.551683333463227,1536.0,10.911128472801416,2.0,21.88836156961228
71.13331876986548,3584.0,25.99363549485904,5.0,54.25110861959658
40.59172748145913,2048.0,5.694248572093025,3.0,23.77768969424671
18.87953512365298,1536.0,6.7220441443796695,2.0,14.032081802766584
42.359286867209725,2048.0,7.507578383367066,4.0,23.75530588580128
40.807637766977614,2048.0,4.437326303951017,2.0,24.253508356832967
70.65998423319151,3072.0,24.31424294048839,4.0,53.84556367895354
46.75718107230056,2048.0,14.246464677739777,3.0,26.1294582360436
48.589237143185535,2048.0,15.551375109413794,4.0,26.531481102754896
25.59444288240735,1536.0,10.332863033951828,2.0,20.90814734773106
48.48459176339644,2048.0,14.698660754179738,3.0,26.948031843350584
43.46598134672759,2048.0,9.61503718677014,3.0,26.381590275283603
39.6273134771896,2048.0,4.314932380808768,3.0,22.556799046570845
48.41638451797314,2048.0,15.677106727155294,3.0,26.87608989792673
40.059036312180794,2048.0,5.696372811770247,2.0,24.611389115130475
41.51544179005117,2048.0,8.216674632629452,3.0,24.88872012661572
68.0619745113263,3584.0,22.251495967487102,5.0,50.21872037992902
46.79151436016115,2048.0,13.310570532974367,3.0,26.035846185738194
42.49362159686993,2048.0,6.93666682435279,3.0,25.303785524020164
69.12094251164201,3584.0,22.236301904917035,5.0,49.73291106882829
18.33651612534219,1536.0,6.321865328562959,2.0,13.476030348496337
21.200712955277886,1536.0,7.548927360702129,2.0,16.40896790235049
24.85741964583484,1536.0,9.742967210121748,2.0,20.15343555348081
70.12445072735142,3072.0,24.200715631432857,4.0,54.780541346545704
58.957678726758196,3584.0,24.995429989105947,6.0,37.858157153296446
48.79616176864285,2048.0,14.590249940750304,3.0,26.902047910988934
71.24563623026603,3584.0,26.28281317134654,5.0,52.94329357358264
41.1384352296624,2048.0,7.380208233200923,3.0,24.160289837799404
19.625732637041292,1536.0,6.915538741565461,2.0,14.796188056476215
70.01930643747872,3584.0,23.5758121566384,4.0,52.42200293309725
19.338709967660833,1536.0,6.386080492917006,2.0,14.502276843030625
39.91582690841868,2048.0,4.3832002613888825,3.0,23.000298896267616
58.0257388339086,3584.0,24.856682239719063,5.0,37.446502805156115
47.77161421252546,2048.0,13.594166805788793,3.0,26.51841169232368
44.021245504002415,2048.0,9.39177233043955,3.0,27.206523998523583
73.71924563074363,3584.0,32.615326356492425,5.0,56.31759925652778
75.01401889844999,3584.0,27.572952135136216,5.0,52.53158890383352
18.006833641683702,1536.0,6.531439966219363,2.0,13.138435485230044
40.4614986675409,2048.0,7.775240496961899,4.0,22.794189896377624
58.236432746383976,3584.0,24.261151223975354,5.0,38.67778293790419
19.618267443074263,1536.0,6.722642048601365,2.0,14.788543697853978
41.74397034055376,2048.0,8.569548264622748,3.0,25.113568009364148
70.52306719220829,3584.0,28.56775020868187,4.0,51.44184221626217
73.23169628944825,3584.0,27.06379163693093,5.0,52.43723302159708
24.254887677227572,1536.0,9.889217884035938,2.0,19.536442817626966
74.9311545527986,3584.0,27.622675899692176,4.0,54.435110345526276
57.24157026628963,3584.0,25.156203601675234,5.0,38.14046634841183
19.835119619842967,1536.0,7.499262921021272,2.0,15.01060032686513
24.18556301335802,1536.0,9.96033000792857,2.0,19.465454361824545
18.954869718178596,1536.0,5.75847067784286,2.0,14.109224427560815
23.58489189232338,1536.0,10.109475764524966,2.0,18.850367133885072
25.157850491960623,1536.0,10.07526426064874,2.0,20.46107673991361
41.74378314456764,2048.0,5.986233947155846,2.0,25.546427685120427
60.74331096779244,3584.0,28.56221010357474,5.0,41.566842530433924
19.13902773137955,1536.0,6.574738358095541,2.0,14.297802233078592
41.42340089305648,2048.0,6.487568310431695,3.0,24.296776104902655
17.825226202244046,1536.0,5.368095672664694,2.0,12.952469467243837
75.79131673993015,3584.0,27.16297073439239,4.0,56.541642425863785
69.45434588927196,3584.0,29.739465419995845,5.0,50.11356115202622
39.82495663810681,2048.0,8.102741045152456,4.0,22.396487199512286
24.310011362930087,1536.0,9.953383023173194,2.0,19.592889471786343
39.15462422952652,2048.0,4.312817451199632,3.0,22.23571731131301
40.32874589725761,2048.0,6.940291087378029,3.0,23.17841656525053
73.20759041017627,3584.0,27.44741476109911,5.0,50.80144817737946
39.928789528219816,2048.0,6.155478480271502,3.0,22.496563419468284
66.40217310616904,3072.0,21.328190673725217,4.0,48.05646362966749
39.84064740281061,2048.0,7.2726082967129315,3.0,23.009674851208942
20.524977267991535,1536.0,6.360139696440065,2.0,15.717014558569264
39.64358875914419,2048.0,5.047495119633032,3.0,22.149686337331634
18.89786953818789,1536.0,6.545955152625874,2.0,14.050856243250333
71.51663601289407,3584.0,31.322763204245792,5.0,51.75726802873263
19.614860141903243,1536.0,6.510963033403012,2.0,14.785054621454854
19.660886965636394,1536.0,7.034942320717026,2.0,14.832186088957599
19.261384207679402,1536.0,7.189318510903517,2.0,14.423095264809639
19.557219155533573,1536.0,6.60716543347044,2.0,14.726030251412311
44.85116351150824,2048.0,9.907244599203068,3.0,28.014102173328972
46.89456030556519,2048.0,13.51263124719215,3.0,25.800034568585588
42.862086795268326,2048.0,7.115380530463167,3.0,25.771939350674398
39.49332704117535,2048.0,7.173704330738758,3.0,23.1610464908556
42.7538585570777,2048.0,8.9574713276483,3.0,25.644042938527818
58.122052542963104,3584.0,25.89489346357712,5.0,38.23053007702507
18.859429260979752,1536.0,7.273276149849475,2.0,14.011493399389199
24.807989030335072,1536.0,10.152318558764867,2.0,20.102818603209045
67.4197799984349,3072.0,23.740913826030482,4.0,50.29121021529596
70.32858608774579,3584.0,24.089994071266624,5.0,51.49271697403918
25.207195136989778,1536.0,11.253109001391422,2.0,20.511605656423466
71.48967081895995,3584.0,31.056243172547358,6.0,50.46071459498884
49.12416504919032,2048.0,15.183158441318781,2.0,28.2677622006181
20.3739595487819,1536.0,7.720185837395772,2.0,15.562372414098599
47.838331790743496,2048.0,13.632747935771594,3.0,26.56933196268983
71.32583555954679,3584.0,31.11678052913061,6.0,51.24729892139123
70.38205829958474,3584.0,25.11462347477211,6.0,51.470706605478505
40.24279072141798,2048.0,5.4280736054941325,3.0,23.309118470664288
24.272378495548274,1536.0,10.103193152695013,2.0,19.554353415587364
41.792804103951866,2048.0,7.977791423944586,3.0,24.810129795473472
20.042532679702557,1536.0,6.229312459897093,2.0,15.22299130016135
58.47263275732683,3584.0,23.855932692891226,5.0,37.497766366603145
59.70170163599831,3584.0,26.16656883475675,6.0,39.02915311503252
69.59273429195792,3584.0,25.038891157677263,5.0,53.082956000141166
42.294330060676316,2048.0,7.6533046143821695,3.0,25.09329407331242
18.711541757106843,1536.0,6.178750699647134,2.0,13.86005659542334
42.24064747200126,2048.0,7.007717548236667,3.0,25.34892584692302
40.24265884557995,2048.0,7.81573179746621,3.0,23.91624917882919
41.12511404366899,2048.0,7.8802181453815425,3.0,24.08607190775509
19.70887689188767,1536.0,7.05663247396874,2.0,14.881327773438905
25.167799649771506,1536.0,10.985482328846158,2.0,20.471264677511954
68.36129408360463,3584.0,23.160294876723732,5.0,49.71735476726089
39.99257675449843,2048.0,5.4902877703252315,3.0,23.029300665938415
40.66115586798401,2048.0,6.979126328867611,3.0,23.297227999140944
48.02361841651208,2048.0,15.538249576400286,3.0,26.314410846949734
19.40472787391097,1536.0,7.2051101402061075,2.0,14.569879179030767
19.60832795328946,1536.0,6.437350438840841,2.0,14.778365660314343
40.51146349411322,2048.0,5.810369357395976,3.0,24.063091057275013
39.93375105271659,2048.0,5.64670964499092,3.0,22.513105403483614
47.62631270557713,2048.0,13.968840018827592,3.0,26.411798415465025
19.051221251913063,1536.0,7.208779121793061,2.0,14.20788839810491
25.097947537288057,1536.0,10.675686100311127,2.0,20.399736114328903
19.763904043326775,1536.0,7.2426937959887185,2.0,14.93767557651255
18.908940332586358,1536.0,6.082504556194252,2.0,14.062192736714362
25.88719542525192,1536.0,11.995768290920697,2.0,21.207925951603897
74.77746958364843,3584.0,29.542179547266965,6.0,53.298667727334305
72.05982060637076,3584.0,29.127924356072352,5.0,51.49362637797834
20.15068045990606,1536.0,7.504065032942366,2.0,15.333734627089736
56.03749407736932,3584.0,25.238283875460255,5.0,36.771807518841655
62.390932728327265,3584.0,26.26427372080337,5.0,44.05777025910316
46.811903743187024,2048.0,14.19268694368607,3.0,25.94274367686124
24.25076002550474,1536.0,10.075324961279115,2.0,19.532216102262787
59.16179228226748,3584.0,25.490920593138235,5.0,39.2434556527252
39.39693423907841,2048.0,5.0063893673740045,3.0,22.558355382269035
66.14194088848694,3072.0,22.15594128220524,3.0,49.66429070584389
46.000366276328606,2048.0,9.97633849212228,3.0,29.05304736166244
25.16874225631659,1536.0,9.771159534212057,2.0,20.47222990661412
18.372504548854394,1536.0,6.289806894486388,2.0,13.512882494172832
16.913815149111397,1536.0,4.896111814935266,2.0,12.019184548836002
20.952845810970366,1536.0,7.465047986816426,2.0,16.155151946579586
66.10043227068412,3072.0,23.794083721873776,4.0,48.13767604970885
48.46590282492767,2048.0,14.44888353983088,3.0,27.291420813777503
18.797527831891955,1536.0,6.327765743838148,2.0,13.948106336003294
24.914445913515316,1536.0,9.769889191658315,2.0,20.211830451585616
69.29520413401445,3584.0,23.771118101069387,5.0,49.998605765368474
72.42807122539875,3584.0,30.513940505841806,5.0,53.39561961506718
24.01459738239967,1536.0,10.994991148703338,2.0,19.290385555723198
59.2175603575609,3584.0,25.359289618070108,5.0,40.07621663875703
16.750087316105123,1536.0,5.708197856407244,2.0,11.851527247837579
41.84099080737962,2048.0,7.4803057559284785,3.0,24.651814562345663
48.0422536219145,2048.0,14.326010448445572,3.0,26.791043002731566
20.022366041158023,1536.0,6.469025877899528,2.0,15.202340662291746
39.99113154182383,2048.0,6.856253755752555,3.0,22.86398985624521
57.2440327295298,3584.0,25.55332456443059,5.0,37.358735023126165
64.21618818528809,3584.0,28.358358435211798,5.0,46.44956289845045
41.145157288139245,2048.0,8.033616622241787,3.0,24.921365748176182
41.10876770930828,2048.0,8.634709900594451,3.0,25.203035484061765
20.630991226246827,1536.0,7.393213072728247,2.0,15.825572851822685
75.96427125663864,3584.0,30.361477086049565,5.0,56.1962602797379
72.64718196710328,3584.0,27.53440940066007,6.0,51.20598993133857
49.63156645016729,2048.0,15.194851384729787,2.0,28.55031617321961
72.31379792374781,3584.0,31.052867358455256,5.0,52.79618878747968
19.32121507295833,1536.0,6.160297700983429,2.0,14.484362070855266
66.43453499895934,3072.0,21.433922487251138,3.0,49.94998630009836
73.98203217448992,3584.0,27.480739629121906,5.0,52.462287222762946
20.733861221491928,1536.0,7.667880962664755,2.0,15.930911726953667
65.53993010285795,3584.0,22.565998083765905,5.0,47.66102956786073
38.9437082786893,2048.0,5.457901725815319,3.0,21.938930690031178
42.767530365158386,2048.0,8.36403969907203,3.0,26.238593032897608
19.004704165350226,1536.0,6.353267937006153,2.0,14.160254901464565
25.874761561108052,1536.0,11.752505253531076,2.0,21.195193674720578
59.09509185802199,3584.0,24.965982214751357,5.0,39.28216333577727
59.028758512625544,3584.0,25.588593540907898,6.0,37.76347839479766
45.446880239834414,2048.0,10.620701785658975,3.0,28.991420398892224
59.672164650162884,3584.0,27.160367786489637,5.0,39.845729576297316
41.387730688031446,2048.0,6.530182108186867,3.0,24.160691096238594
71.05688393798458,3584.0,25.491309824140544,6.0,51.546273203543194
20.37812615555613,1536.0,7.595275736085906,2.0,15.566639019435414
40.34896615379805,2048.0,6.235076859707789,3.0,23.10674658586179
72.53050073925318,3584.0,30.05873460219579,5.0,53.46777282219659
17.854005786171427,1536.0,6.774320791358907,2.0,12.981939761185474
67.93761066393094,3584.0,25.195744579945114,6.0,49.62107653559614
25.481839584038216,1536.0,10.07531696711024,2.0,20.792841570201066
48.79271001891114,2048.0,14.781579926192315,3.0,27.314994511954392
39.06752889645865,2048.0,4.598779795658569,3.0,22.139905544184355
25.376544204559377,1536.0,10.661546955397423,2.0,20.685019101614735
41.28617460124798,2048.0,6.992056896065031,3.0,24.097004379617648
48.79555776695485,2048.0,16.265895149285377,3.0,27.41774077606287
76.45568092740413,3584.0,29.55549663921747,5.0,55.23683610340167
26.68747181953005,1536.0,11.710125852889382,2.0,22.027408979344706
72.8455306925115,3584.0,29.992361488362352,5.0,53.1421222734664
72.96289252690359,3584.0,31.463818446177793,5.0,53.344194833208746
60.527176136014035,3584.0,25.512842482907615,5.0,40.55242404384928
48.41143885084185,2048.0,14.183223391511078,2.0,27.5614057730415
58.71459588893536,3584.0,24.306349983905335,4.0,39.46795546419105
24.52818037356736,1536.0,9.888435927666894,2.0,19.81629453867891
24.286563350523096,1536.0,10.701278672724285,2.0,19.568878707081584
65.18352158926916,3584.0,23.622201188382785,5.0,47.92910550808507
56.408741540747705,3584.0,25.27943788928902,5.0,35.64407726557494
57.25894412274736,3584.0,27.014605431436465,6.0,36.68264060623285
17.50788639652684,1536.0,6.358400161719577,2.0,12.627513506189416
40.990148300142394,2048.0,4.568703693172773,2.0,24.365458343371422
43.01140625961247,2048.0,9.40362785949132,3.0,26.126624504704207
18.83394338755224,1536.0,5.943745562480007,2.0,13.985395864999425
42.99790811460183,2048.0,8.501827341703448,3.0,26.233034356838033
64.74388072309875,3072.0,22.902963694675886,4.0,47.13580292980998
47.802731202312145,2048.0,15.059618809321144,3.0,27.005375429107485
18.77094236183627,1536.0,6.856846218614614,2.0,13.920882814666271
40.13485420033045,2048.0,5.114938486215631,3.0,22.868435844921898
71.8090227939782,3584.0,30.19799573750211,5.0,51.523708287033145
19.043850003292686,1536.0,5.950129395866586,2.0,14.200340239517644
68.87031646671628,3584.0,24.68002593582073,5.0,49.87259515017813
76.5242398856995,3584.0,30.292110763268223,5.0,56.47539327520892
18.56816433730749,1536.0,5.814704597803708,2.0,13.713238117548805
22.502847869589765,1536.0,9.387161626540266,2.0,17.74235405460585
68.21423857502857,3584.0,24.32972505980306,6.0,48.911043007354536
18.74368784835103,1536.0,6.380261705331059,2.0,13.892974192857388
18.1824311052296,1536.0,6.926339857752229,2.0,13.318247287901045
72.30647127656235,3584.0,28.918033209088875,5.0,52.735439468422285
24.827820603000934,1536.0,10.396603577324974,2.0,20.12312613361889
41.30228757149611,2048.0,6.693101445875125,3.0,23.972961094337222
24.26058326502625,1536.0,10.455351976973743,2.0,19.54227509953281
73.54445135624813,3584.0,30.962920931893134,4.0,53.58632897155529
42.97137914250004,2048.0,9.250062388652951,3.0,26.824400660169395
75.59507799127717,3584.0,33.7370855185461,5.0,56.99556853795659
25.46004162046505,1536.0,10.125491097660476,2.0,20.770520455502144
43.85782033733431,2048.0,9.831192968604341,3.0,27.718472662214005
17.59541630829741,1536.0,5.777188271723691,2.0,12.71714413584248
42.33701144719734,2048.0,8.613981600647072,3.0,25.849143605956574
25.071554227997435,1536.0,10.161601138281895,2.0,20.372709365615307
69.85939359821977,3584.0,26.14344599771896,5.0,52.71967654914369
39.06033556172615,2048.0,4.885793737187289,3.0,22.535222164958245
60.46500484361909,3584.0,26.846297089451223,5.0,40.5576366436816
71.32361131689895,3584.0,30.09302805474525,5.0,51.7301616549559
46.906612995681584,2048.0,14.246811481305112,3.0,26.188830463403846
24.85378416848394,1536.0,10.95891129246621,2.0,20.149712824673486
41.01519070056342,2048.0,7.454194481545665,3.0,24.408429137816654
44.124449035832086,2048.0,9.255282190797937,3.0,27.552787962771937
19.13028012105825,1536.0,7.5139066700283745,2.0,14.28884468010958
18.504778768189862,1536.0,6.19594354263738,2.0,13.648331294772351
58.74347321783103,3584.0,27.094937223215723,6.0,36.95381173277066
23.83627838046106,1536.0,9.527093515081772,2.0,19.10778689773806
19.92244531282814,1536.0,6.222866147353925,2.0,15.100021836481947
40.13284383245622,2048.0,7.486971975819145,3.0,23.89267517708434
44.744550518838246,2048.0,10.563693684575032,3.0,28.3865279246998
17.820498197501447,1536.0,6.158242104495313,2.0,12.947627990387414
56.73024450276563,3584.0,23.196987320449907,5.0,36.98856314341803
46.69451794658555,2048.0,10.788561150807368,3.0,30.12595477240992
65.91732860650148,3584.0,21.960984925976547,5.0,47.40354274386168
58.29776791206186,3584.0,27.513647368266856,5.0,38.75558581536809
25.118606933730007,1536.0,10.504339355355867,2.0,20.420891336285457
40.30422321937268,2048.0,5.051246997656854,3.0,23.442955646875518
25.02486041097798,1536.0,10.562136595288317,2.0,20.32489489698738
67.28144947883779,3584.0,23.57018513639638,5.0,48.0674309402833
77.83393639577667,3584.0,29.338957685784322,5.0,58.26929527711559
77.68681187758935,3584.0,30.801542135970454,5.0,56.517025265471005
45.90010965730827,2048.0,11.20112805810275,3.0,28.91270195915218
19.803581150013745,1536.0,7.257992060596275,2.0,14.978304933760008
68.47813224117246,3072.0,25.005572293004043,4.0,51.73263653560593
69.97422284884343,3584.0,24.761408942014626,5.0,51.24855994592223
18.47517182969467,1536.0,7.279602794995165,2.0,13.618013789753274
47.756477661750786,2048.0,14.683853857685552,3.0,26.25645664474428
61.08822109854218,3584.0,26.973878724397846,5.0,41.00982092523977
17.531305146280214,1536.0,5.568593393406482,2.0,12.651494305936872
75.79754666545624,3584.0,29.727582875011127,5.0,55.67755292912109
24.37412232818606,1536.0,10.781193516627436,2.0,19.658539100208458
76.27312989841494,3584.0,30.515623339638598,6.0,53.75231354522844
48.54146362641228,2048.0,16.12076077898796,3.0,27.130280584909276
73.56548297815846,3584.0,31.455079788588765,6.0,53.05928662232513
40.28857593203324,2048.0,6.98849499902288,3.0,23.56569364493957
42.109072721664134,2048.0,7.427606618928681,3.0,24.998024109389444
24.899534287987755,1536.0,10.341879034137671,2.0,20.19656094704539
43.19790016606008,2048.0,8.049732038590243,3.0,25.920349535016772
23.719875769616706,1536.0,9.678020265128705,2.0,18.98859062423344
71.66305327216148,3584.0,26.671395199021898,5.0,50.99129882033303
19.3709040277656,1536.0,6.54211048574244,2.0,14.535243560577907
19.08245141522383,1536.0,7.10746987317915,2.0,14.239868085335132
58.179259750024244,3584.0,24.979893839233846,5.0,36.63758803490015
58.08771251633378,3584.0,24.431013970859972,5.0,38.824769720308616
66.35772000308708,3072.0,22.763989380454813,4.0,48.503556833044804
40.29165391932954,2048.0,5.340016884677705,2.0,24.33083277404372
18.517961803576988,1536.0,7.010271591051906,2.0,13.66183072300877
39.29178040548752,2048.0,6.272050931897262,3.0,22.389463177832035
44.89971567598154,2048.0,9.919595089621408,3.0,27.737127310577165
48.71049522150902,2048.0,14.095723031674037,3.0,27.08347515645257
72.44732517107445,3584.0,30.548512352812338,5.0,53.515160091970984
24.029288262804737,1536.0,10.374124297882828,2.0,19.305429017257985
42.75450900704879,2048.0,8.83570627763396,3.0,26.001834757340543
59.49750991733935,3584.0,27.005442560775048,6.0,38.63815088348545
41.568639102759214,2048.0,5.787415051460026,3.0,24.181756994724225
24.429955971920727,1536.0,10.133649121622618,2.0,19.715712751392758
47.250722184774645,2048.0,14.166340918111834,3.0,25.979876446153582
18.441343026619197,1536.0,6.873440509951628,2.0,13.583373095403992
41.22044374048457,2048.0,4.079179290420971,2.0,24.247607393633416
42.67145276366894,2048.0,8.818010133424805,3.0,25.975871071715307
19.597241631048014,1536.0,7.688282600963429,2.0,14.767013266339099
20.021207854613838,1536.0,7.328469443010944,2.0,15.201154679270502
47.21884221171407,2048.0,14.6956438640992,3.0,26.140472602393597
76.29914172746004,3584.0,28.810742971410924,5.0,54.294306106332606
39.917960164218286,2048.0,4.811558895819744,3.0,23.04039532300198
66.3060500228346,3072.0,24.53450359677281,5.0,48.12437837044816
44.800647112604736,2048.0,9.72219093388615,3.0,27.881532814477062
72.67271826311178,3584.0,28.796439370059826,4.0,53.11206814083595
23.825883550125766,1536.0,9.74305492347941,2.0,19.097142591474718
48.79124585020701,2048.0,15.625552703287573,3.0,26.904316762181217
18.579349399294337,1536.0,6.9828714374964775,2.0,13.724691621023332
24.848494985929563,1536.0,10.182635580651013,2.0,20.144296701737805
48.91699394668708,2048.0,14.59049648061109,3.0,27.593744029435385
18.729559598738703,1536.0,6.936984531418949,2.0,13.878506865254366
19.56979760739147,1536.0,6.490020713430945,2.0,14.738910586114798
39.39093613874258,2048.0,5.827530886549581,3.0,23.283401433841288
76.84923998396796,3584.0,30.81691865039366,5.0,56.34127765479131
18.709582585440337,1536.0,6.273286136128432,2.0,13.858050403636838
39.20177595521525,2048.0,6.137572696394395,3.0,22.54346989738193
44.28950351249653,2048.0,9.697143518350234,3.0,27.406625494383675
48.437406258034635,2048.0,15.996542481333433,3.0,26.431877730617696
67.6968448735779,3584.0,22.656911029836714,5.0,49.343961551425096
20.2646134587049,1536.0,6.6749471033330625,2.0,15.450402017859751
48.046768714640365,2048.0,15.896929400188249,4.0,25.458709024560374
40.42160072253419,2048.0,8.529944234021034,3.0,24.28059801332418
75.42088689597703,3584.0,32.96862790652041,5.0,57.50434880556902
68.28193554655208,3584.0,27.620404136848578,4.0,50.37166336126979
39.98753589139751,2048.0,6.000441198391192,3.0,22.527985625379543
25.40981320899993,1536.0,11.439466084240156,2.0,20.71908656216186
25.739677771025775,1536.0,10.320275603188842,2.0,21.056867873676325
19.742195638639828,1536.0,6.481657116688078,2.0,14.915446170113116
57.137442275197266,3584.0,24.60427083683247,5.0,37.065448285046834
40.98744780903192,2048.0,6.0906381981963325,3.0,23.561554530451264
44.06892220436445,2048.0,8.732016762531956,3.0,27.055408081459436
43.09616784061423,2048.0,6.803115201487709,2.0,26.858974752171417
73.00077005996144,3584.0,31.422033882924755,5.0,55.57761533652524
41.33325031006858,2048.0,6.449779076054317,3.0,24.334413511733334
18.72837717577159,1536.0,6.319145142322638,2.0,13.877296064136043
