0.5189943313598633
0.725595235824585
0.26798439025878906
0.5329279899597168
0.7292139530181885
0.3445310592651367
0.6730046272277832
0.2845315933227539
0.2721903324127197
0.32757568359375
0.7123165130615234
0.3758244514465332
0.5244841575622559
0.3443918228149414
0.6087343692779541
0.746525764465332
0.36905431747436523
0.36368846893310547
0.49514031410217285
0.5127015113830566
0.48885536193847656
0.38687729835510254
0.5214710235595703
0.4220290184020996
0.28658604621887207
0.29132819175720215
0.6500370502471924
0.6082184314727783
0.7373437881469727
0.4256408214569092
0.6645827293395996
0.5332329273223877
0.7121670246124268
0.5548312664031982
0.3989119529724121
0.5241928100585938
0.441272497177124
0.34218668937683105
0.3411736488342285
0.7012355327606201
0.3844265937805176
0.4610903263092041
0.6006743907928467
0.5959398746490479
0.631732702255249
0.45009779930114746
0.6776695251464844
0.44696474075317383
0.4756934642791748
0.6228554248809814
0.25982666015625
0.4791865348815918
0.7012221813201904
0.612673282623291
0.27381372451782227
0.358417272567749
0.2634720802307129
0.7435648441314697
0.3604135513305664
0.65804123878479
0.6949419975280762
0.6949765682220459
0.7036173343658447
0.464932918548584
0.3442232608795166
0.25989580154418945
0.5634596347808838
0.6569173336029053
0.5329980850219727
0.6190850734710693
0.45264315605163574
0.4822382926940918
0.5061848163604736
0.28369140625
0.6073894500732422
0.466599702835083
0.3864161968231201
0.6730046272277832
0.3601498603820801
0.7274959087371826
0.649458646774292
0.27603745460510254
0.5423541069030762
0.5553610324859619
0.5205841064453125
0.7499127388000488
0.41318655014038086
0.6495718955993652
0.5767431259155273
0.7484583854675293
0.2744588851928711
0.7212374210357666
0.4891343116760254
0.4874534606933594
0.6828963756561279
0.42502450942993164
0.4030284881591797
0.44278430938720703
0.2591419219970703
0.29465389251708984
0.6947956085205078
0.3432276248931885
0.38054442405700684
0.629392147064209
0.6508529186248779
0.2891426086425781
0.5749495029449463
0.7042884826660156
0.6681907176971436
0.6688146591186523
0.4298830032348633
0.4659543037414551
0.3515160083770752
0.4924919605255127
0.43514204025268555
0.6841797828674316
0.5543043613433838
0.7087295055389404
0.7444767951965332
0.4586329460144043
0.44162869453430176
0.2562072277069092
0.6356081962585449
0.36068034172058105
0.4242987632751465
0.45656704902648926
0.5018415451049805
0.6685507297515869
0.2909369468688965
0.27714014053344727
0.40598440170288086
0.6787166595458984
0.35594964027404785
0.4739813804626465
0.42098426818847656
0.36728668212890625
0.5072224140167236
0.5034506320953369
0.4107029438018799
0.6072766780853271
0.44200849533081055
0.4636251926422119
0.39981985092163086
0.6735367774963379
0.6149153709411621
0.6035459041595459
0.44321227073669434
0.4240000247955322
0.5389165878295898
0.4989128112792969
0.48090028762817383
0.6952040195465088
0.5820012092590332
0.30046892166137695
0.48887133598327637
0.6976861953735352
0.4321930408477783
0.5603199005126953
0.6322097778320312
0.5917131900787354
0.5860161781311035
0.29875683784484863
0.5185518264770508
0.7345221042633057
0.4156513214111328
0.46366190910339355
0.6336414813995361
0.5423810482025146
0.46233582496643066
0.5359854698181152
0.6753733158111572
0.26993370056152344
0.46821141242980957
0.5538632869720459
0.3875298500061035
0.7136931419372559
0.394500732421875
0.5971145629882812
0.702322244644165
0.6340208053588867
0.3054239749908447
0.3145298957824707
0.43564724922180176
0.5159978866577148
0.5660600662231445
0.2699453830718994
0.37518811225891113
0.6246140003204346
0.3054168224334717
0.5267105102539062
0.37882304191589355
0.3650546073913574
0.6638922691345215
0.5756354331970215
0.46686625480651855
0.6906743049621582
0.33451175689697266
0.645484209060669
0.7221620082855225
0.5612576007843018
0.3677995204925537
0.7003970146179199
0.45766687393188477
0.7235722541809082
0.560380220413208
0.5855996608734131
0.44403672218322754
0.5210998058319092
0.6106874942779541
0.7175545692443848
0.4750382900238037
0.6326577663421631
0.2818892002105713
0.5777809619903564
0.4962637424468994
0.2898681163787842
0.7216606140136719
0.5719592571258545
0.33331751823425293
0.3914201259613037
0.3149843215942383
0.5971946716308594
0.28316187858581543
0.6456375122070312
0.7374475002288818
0.45695042610168457
0.4918394088745117
0.6254549026489258
0.7055351734161377
0.3426215648651123
0.43230319023132324
0.6639397144317627
0.4151735305786133
0.6777627468109131
0.7409658432006836
0.49889063835144043
0.7130827903747559
0.4558248519897461
0.25983452796936035
0.5722615718841553
0.2676217555999756
0.2589876651763916
0.7291562557220459
0.6655597686767578
0.4295654296875
0.40532875061035156
0.4151878356933594
0.4613502025604248
0.44547200202941895
0.2979607582092285
0.34229159355163574
0.5573651790618896
0.5848062038421631
0.30527400970458984
0.6862297058105469
0.6577508449554443
0.5355353355407715
0.4456939697265625
0.2515578269958496
0.6081578731536865
0.7299864292144775
0.5684618949890137
0.48662495613098145
0.7233071327209473
0.2744882106781006
0.576690673828125
0.6751625537872314
0.44637227058410645
0.2880375385284424
0.5808253288269043
0.38919663429260254
0.36092495918273926
0.35114550590515137
0.37915468215942383
0.5333807468414307
0.6841435432434082
0.33521008491516113
0.30826854705810547
0.6351358890533447
0.5950725078582764
0.299788236618042
0.5531308650970459
0.37128734588623047
0.4373445510864258
0.5455513000488281
0.7294261455535889
0.29482603073120117
0.31416916847229004
0.7407612800598145
0.6560556888580322
0.33832430839538574
0.2609713077545166
0.34415102005004883
0.58152174949646
0.39720821380615234
0.37924933433532715
0.4096088409423828
0.4694693088531494
0.2795093059539795
0.4345860481262207
0.41304659843444824
0.7461235523223877
0.29850339889526367
0.730363130569458
0.28438425064086914
0.5978424549102783
0.4289278984069824
0.4450390338897705
0.5723798274993896
0.3502826690673828
0.29997706413269043
0.3757026195526123
0.42052793502807617
0.4077327251434326
0.30684852600097656
0.725233793258667
0.27280116081237793
0.7410786151885986
0.48820972442626953
0.517409086227417
0.6532876491546631
0.5677235126495361
0.38611555099487305
0.5178344249725342
0.745455265045166
0.3994288444519043
0.6258134841918945
0.39575648307800293
0.43793702125549316
0.484879732131958
0.6232035160064697
0.4988136291503906
0.4565775394439697
0.45145583152770996
0.3723478317260742
0.5482139587402344
0.6074626445770264
0.2931821346282959
0.704287052154541
0.46698570251464844
0.4926614761352539
0.2993781566619873
0.3111114501953125
0.5142807960510254
0.30909180641174316
0.4110991954803467
0.4056704044342041
0.47286438941955566
0.40193605422973633
0.5515754222869873
0.6910374164581299
0.6754028797149658
0.6889307498931885
0.26609230041503906
0.390836238861084
0.25700902938842773
0.689572811126709
0.5987482070922852
0.41440868377685547
0.34847021102905273
0.6808514595031738
0.5251970291137695
0.626101016998291
0.6536135673522949
0.6403374671936035
0.6303238868713379
0.45244407653808594
0.6867232322692871
0.5156967639923096
0.622661828994751
0.2704741954803467
0.641434907913208
0.4853665828704834
0.7155137062072754
0.649970293045044
0.4946918487548828
0.3205904960632324
0.38083314895629883
0.5527198314666748
0.42057037353515625
0.6206274032592773
0.5981695652008057
0.7348995208740234
0.29027771949768066
0.43100953102111816
0.29024648666381836
0.653653621673584
0.6338777542114258
0.31700992584228516
0.28272199630737305
0.26434755325317383
0.7062468528747559
0.28991198539733887
0.5698602199554443
0.2847912311553955
0.2751462459564209
0.4959678649902344
0.3453700542449951
0.6889410018920898
0.6506357192993164
0.6719906330108643
0.5798079967498779
0.26721906661987305
0.2752952575683594
0.40677905082702637
0.2688302993774414
0.6067495346069336
0.7476975917816162
0.7207446098327637
0.5880920886993408
0.7047383785247803
0.5529515743255615
0.6755878925323486
0.5209953784942627
0.3477494716644287
0.37046289443969727
0.6363019943237305
0.6764364242553711
0.46677660942077637
0.6372852325439453
0.6370422840118408
0.6034271717071533
0.652446985244751
0.4753265380859375
0.6767868995666504
0.74021315574646
0.5499060153961182
0.45256781578063965
0.39483165740966797
0.35417819023132324
0.4431595802307129
0.7108254432678223
0.7491695880889893
0.6804568767547607
0.5563766956329346
0.49513792991638184
0.6160445213317871
0.6062743663787842
0.31542468070983887
0.596259593963623
0.7474536895751953
0.37709546089172363
0.5234403610229492
0.702521562576294
0.36887097358703613
0.27599334716796875
0.30390429496765137
0.3424077033996582
0.3183145523071289
0.2862057685852051
0.37947797775268555
0.7199509143829346
0.5150566101074219
0.5485019683837891
0.48106884956359863
0.7446823120117188
0.3547980785369873
0.5142638683319092
0.4249858856201172
0.4322237968444824
0.47714877128601074
0.2528841495513916
0.62677001953125
0.5951356887817383
0.6831159591674805
0.40434908866882324
0.606513261795044
0.5976526737213135
0.6938564777374268
0.4597437381744385
0.4835782051086426
0.45775771141052246
0.7267155647277832
0.532437801361084
0.6160807609558105
0.5554413795471191
0.493180513381958
0.34688830375671387
0.30745530128479004
0.717665433883667
0.39909863471984863
0.6688480377197266
0.29990696907043457
0.3013896942138672
0.3341352939605713
0.5484850406646729
0.41652417182922363
0.533621072769165
0.4429459571838379
0.7402315139770508
0.30417799949645996
0.4818441867828369
0.5617969036102295
0.5167500972747803
0.4845845699310303
0.26201438903808594
0.255443811416626
0.7427430152893066
0.5192015171051025
0.2655599117279053
0.549877405166626
0.32431578636169434
0.5800426006317139
0.6500289440155029
0.27289819717407227
0.320239782333374
0.6771771907806396
0.344409704208374
0.290283203125
0.3405301570892334
0.2817070484161377
0.5000119209289551
0.35100698471069336
0.2668159008026123
0.6787443161010742
0.3499126434326172
0.5422444343566895
0.5731062889099121
0.5377159118652344
0.5894906520843506
0.4835786819458008
0.5147476196289062
0.27842235565185547
0.6006114482879639
0.49532198905944824
0.2947402000427246
0.5668172836303711
0.28666067123413086
0.647179126739502
0.7180905342102051
0.6662678718566895
0.5300760269165039
0.5144455432891846
0.6824464797973633
0.626152515411377
0.7410967350006104
0.6843039989471436
0.7037479877471924
0.4398989677429199
0.7068352699279785
0.5266988277435303
0.4885528087615967
0.5402226448059082
0.3422539234161377
0.586937427520752
0.5292720794677734
0.43325114250183105
0.519942045211792
0.6549665927886963
0.6580395698547363
0.3687865734100342
0.7208127975463867
0.4769630432128906
0.31168484687805176
0.3320467472076416
0.6883745193481445
0.5505554676055908
0.4226384162902832
0.5543880462646484
0.6311795711517334
0.35248804092407227
0.5828132629394531
0.2520322799682617
0.5308198928833008
0.6447048187255859
0.45980381965637207
0.32032155990600586
0.31591320037841797
0.5782220363616943
0.3116614818572998
0.6937282085418701
0.5678658485412598
0.2954232692718506
0.30242323875427246
0.5108006000518799
0.7006771564483643
0.2541463375091553
0.5025022029876709
0.6459054946899414
0.7314934730529785
0.5446984767913818
0.35298609733581543
0.3073248863220215
0.28166675567626953
0.4769320487976074
0.6564311981201172
0.4258239269256592
0.5771656036376953
0.694380521774292
0.3702075481414795
0.589719295501709
0.7349765300750732
0.39302492141723633
0.5881147384643555
0.3913614749908447
0.6462106704711914
0.6539041996002197
0.35919761657714844
0.4678478240966797
0.5154855251312256
0.6534311771392822
0.6587104797363281
0.5008504390716553
0.40379977226257324
0.5626082420349121
0.2510566711425781
0.564814567565918
0.41243863105773926
0.5405731201171875
0.3214881420135498
0.6432912349700928
0.3007173538208008
0.48404359817504883
0.7433209419250488
0.412339448928833
0.45948266983032227
0.5740985870361328
0.5222110748291016
0.4567110538482666
0.5659799575805664
0.34026622772216797
0.6708858013153076
0.32973814010620117
0.37862062454223633
0.5539860725402832
0.31171751022338867
0.6157245635986328
0.36628222465515137
0.39678072929382324
0.3093264102935791
0.6479897499084473
0.7484643459320068
0.47167420387268066
0.389451265335083
0.33141422271728516
0.2698075771331787
0.5109479427337646
0.5952045917510986
0.6302251815795898
0.6631405353546143
0.5176427364349365
0.5485045909881592
0.40870165824890137
0.7065460681915283
0.5238652229309082
0.36405229568481445
0.7099378108978271
0.4788987636566162
0.46559810638427734
0.7107241153717041
0.6797678470611572
0.3125793933868408
0.6475632190704346
0.6653902530670166
0.4071540832519531
0.4209132194519043
0.4320542812347412
0.2784922122955322
0.3532848358154297
0.27048397064208984
0.25745201110839844
0.5987904071807861
0.5364673137664795
0.7148082256317139
0.40984106063842773
0.38944387435913086
0.5736055374145508
0.6096441745758057
0.6593353748321533
0.6271286010742188
0.7441155910491943
0.3096771240234375
0.7106473445892334
0.49602818489074707
0.5679848194122314
0.5855085849761963
0.6105225086212158
0.46503520011901855
0.6779820919036865
0.30251097679138184
0.28015971183776855
0.2740969657897949
0.47980570793151855
0.5681302547454834
0.4106125831604004
0.6010341644287109
0.5528826713562012
0.6494677066802979
0.6555361747741699
0.422072172164917
0.6697442531585693
0.6932249069213867
0.41437625885009766
0.751624584197998
0.3786475658416748
0.7018499374389648
0.32013773918151855
0.25927305221557617
0.44291138648986816
0.5084748268127441
0.36008620262145996
0.7198524475097656
0.635709285736084
0.4077129364013672
0.7260878086090088
0.6108818054199219
0.4757215976715088
0.677854061126709
0.6174697875976562
0.292116641998291
0.5812742710113525
0.2616000175476074
0.45102548599243164
0.2571265697479248
0.697857141494751
0.27245402336120605
0.363525390625
0.7456948757171631
0.6747987270355225
0.6148529052734375
0.37065958976745605
0.37418365478515625
0.6725649833679199
0.7469272613525391
0.3725407123565674
0.6831557750701904
0.4318265914916992
0.5083901882171631
0.31871724128723145
0.4124586582183838
0.4825747013092041
0.32001614570617676
0.42873501777648926
0.670112133026123
0.4187908172607422
0.6620838642120361
0.7467856407165527
0.549767017364502
0.38913774490356445
0.6889214515686035
0.5011115074157715
0.6202032566070557
0.5233385562896729
0.4875156879425049
0.5487945079803467
0.2899179458618164
0.2560458183288574
0.7504158020019531
0.37007784843444824
0.4598238468170166
0.5283041000366211
0.30529022216796875
0.4514179229736328
0.5650465488433838
0.5531134605407715
0.315701961517334
0.5559818744659424
0.5421340465545654
0.7147650718688965
0.6240065097808838
0.48743152618408203
0.30245184898376465
0.7442188262939453
0.5277800559997559
0.35349535942077637
0.4875621795654297
0.5053751468658447
0.5604739189147949
0.4133720397949219
0.6940658092498779
0.4808156490325928
0.7356209754943848
0.7230992317199707
0.6444599628448486
0.4959099292755127
0.4112398624420166
0.47708606719970703
0.3990473747253418
0.7285044193267822
0.5303575992584229
0.3560941219329834
0.3265993595123291
0.5425715446472168
0.38263678550720215
0.33867645263671875
0.6675395965576172
0.6994860172271729
0.42120981216430664
0.5559654235839844
0.34323668479919434
0.6779229640960693
0.3541386127471924
0.37243127822875977
0.49341440200805664
0.3937051296234131
0.41439127922058105
0.26455140113830566
0.6481752395629883
0.35568833351135254
0.4502902030944824
0.5959253311157227
0.3373394012451172
0.4835374355316162
0.6210036277770996
0.4212067127227783
0.5568976402282715
0.27220726013183594
0.3279688358306885
0.2517547607421875
0.7054998874664307
0.5549919605255127
0.7001376152038574
0.5112967491149902
0.3377695083618164
0.4862682819366455
0.2625730037689209
0.3856520652770996
0.40683579444885254
0.2950289249420166
0.27768635749816895
0.6898136138916016
0.5571105480194092
0.2607142925262451
0.6704089641571045
0.5586206912994385
0.7344515323638916
0.7128009796142578
0.4292411804199219
0.5373597145080566
0.748821496963501
0.6550171375274658
0.6136949062347412
0.4644191265106201
0.3425130844116211
0.6285030841827393
0.6216123104095459
0.389615535736084
0.38561034202575684
0.5271759033203125
0.26322174072265625
0.6189961433410645
0.4686601161956787
0.674271821975708
0.742621898651123
0.3213648796081543
0.3083925247192383
0.4343116283416748
0.26961278915405273
0.6614713668823242
0.3975954055786133
0.5948529243469238
0.7006332874298096
0.6909322738647461
0.4164891242980957
0.5528595447540283
0.35445594787597656
0.5780763626098633
0.31417202949523926
0.6289455890655518
0.5341908931732178
0.38806962966918945
0.42771077156066895
0.642122745513916
0.6493372917175293
0.41316890716552734
0.7307953834533691
0.3858368396759033
0.4956779479980469
0.3731057643890381
0.2683076858520508
0.6727697849273682
0.4692549705505371
0.289949893951416
0.38766932487487793
0.5707101821899414
0.37178778648376465
0.3002457618713379
0.28105926513671875
0.42263031005859375
0.7346794605255127
0.540215253829956
0.7143416404724121
0.2966604232788086
0.6025054454803467
0.5632889270782471
0.5796120166778564
0.5524716377258301
0.42267680168151855
0.32267284393310547
0.6976284980773926
0.512873649597168
0.4394519329071045
0.6244733333587646
0.3415098190307617
0.5429091453552246
0.6437361240386963
0.3025379180908203
0.3326401710510254
0.4665205478668213
0.4586489200592041
0.2901427745819092
0.2922325134277344
0.42893266677856445
0.6777331829071045
0.7350831031799316
0.5095982551574707
0.2589256763458252
0.33727025985717773
0.5939459800720215
0.71567702293396
0.47837257385253906
0.5220332145690918
0.5904512405395508
0.530181884765625
0.4987678527832031
0.7138326168060303
0.46812915802001953
0.6903774738311768
0.501744270324707
0.36098241806030273
0.47188448905944824
0.6973733901977539
0.40902137756347656
0.52113938331604
0.2540721893310547
0.6474714279174805
0.28809380531311035
0.4143028259277344
0.3966360092163086
0.3882570266723633
0.570026159286499
0.4167642593383789
0.7394039630889893
0.6195464134216309
0.3903684616088867
0.40723109245300293
0.7523581981658936
0.3456292152404785
0.5646400451660156
0.2719409465789795
0.3466227054595947
0.5997347831726074
0.33565568923950195
0.38596034049987793
0.5648000240325928
0.686927318572998
0.6652452945709229
0.5245144367218018
0.5590529441833496
0.39485979080200195
0.28647279739379883
0.2768058776855469
0.5148189067840576
0.27042412757873535
0.3760402202606201
0.30043482780456543
0.5968544483184814
0.47231125831604004
0.43080735206604004
0.5554475784301758
0.5271222591400146
0.5243549346923828
0.5140044689178467
0.5554699897766113
0.34078311920166016
0.5073306560516357
0.41365838050842285
0.44199657440185547
0.47945642471313477
0.38204360008239746
0.6165895462036133
0.7429428100585938
0.7088768482208252
0.7402310371398926
0.2617371082305908
0.36744260787963867
0.6994223594665527
0.2911341190338135
0.5597996711730957
0.6871638298034668
0.519261360168457
0.4556558132171631
0.6366605758666992
0.2886197566986084
0.5334527492523193
0.6350729465484619
0.564399242401123
0.6115329265594482
0.3108510971069336
0.7407851219177246
0.6691043376922607
0.31711745262145996
0.5134036540985107
0.36768531799316406
0.528364896774292
0.3755679130554199
0.4072282314300537
0.48784947395324707
0.32214903831481934
0.7103590965270996
0.5907983779907227
0.5995068550109863
0.5904116630554199
0.3409390449523926
0.2877461910247803
0.47191762924194336
0.4049983024597168
0.6489071846008301
0.38140273094177246
0.3831608295440674
0.5105912685394287
0.39920544624328613
0.585066556930542
