2.018018960952759
1.884714126586914
2.018521547317505
1.9989230632781982
1.7689337730407715
1.8813443183898926
2.1277308464050293
2.0091798305511475
1.876573085784912
1.778282642364502
2.2125840187072754
2.070758819580078
2.2325692176818848
2.0226571559906006
1.9776020050048828
1.9134225845336914
1.9110350608825684
1.762681484222412
1.836674451828003
2.188430070877075
1.8955650329589844
1.7609798908233643
2.202704668045044
2.1219699382781982
2.106168031692505
1.8564846515655518
2.090380907058716
1.9516022205352783
1.955996036529541
2.0725317001342773
2.065528631210327
2.204359769821167
2.1581807136535645
1.7639622688293457
2.0911645889282227
2.1021904945373535
2.208519458770752
2.1567437648773193
2.227720022201538
2.132415533065796
1.9509742259979248
1.8235816955566406
1.887824535369873
1.7659187316894531
1.9648182392120361
1.845085620880127
2.243682384490967
1.950049877166748
1.9956374168395996
2.179482936859131
2.1234405040740967
2.218740224838257
1.9661881923675537
2.0786514282226562
1.8154311180114746
2.2287850379943848
2.1702868938446045
1.8548789024353027
2.1893398761749268
2.2583837509155273
1.947028636932373
1.905806064605713
1.8078835010528564
2.1220545768737793
2.1510467529296875
2.2080678939819336
1.8426628112792969
2.0457401275634766
1.7550501823425293
1.9252033233642578
1.7982730865478516
2.0738584995269775
1.7711992263793945
1.9607694149017334
2.1469779014587402
2.050408124923706
1.9001164436340332
1.9441039562225342
2.1708998680114746
2.017362117767334
2.015423536300659
2.2055306434631348
2.231912136077881
1.9582056999206543
1.831127405166626
1.830613136291504
2.2090511322021484
2.066887140274048
2.2257120609283447
2.1096880435943604
2.2060649394989014
1.8847863674163818
1.9419636726379395
2.2402987480163574
1.9343597888946533
2.1307239532470703
2.043083906173706
2.036672592163086
1.9911882877349854
1.8944995403289795
1.7888052463531494
1.8583500385284424
1.7754812240600586
2.177844762802124
1.8575804233551025
1.9146270751953125
2.125865936279297
2.0086565017700195
1.8824317455291748
2.0476174354553223
1.830974817276001
2.2309317588806152
1.9926776885986328
2.097846269607544
1.9271433353424072
1.7561712265014648
2.127114772796631
1.9777717590332031
2.1062119007110596
1.875962257385254
2.2381744384765625
2.042090654373169
2.173922061920166
1.8746113777160645
2.0930118560791016
1.8542695045471191
2.155280351638794
2.0230660438537598
2.1285877227783203
2.0503833293914795
1.9618916511535645
2.164853096008301
1.972667932510376
2.0224123001098633
1.9985947608947754
2.074645519256592
1.8575880527496338
2.012122392654419
2.130589485168457
2.2517168521881104
2.140768051147461
2.1781208515167236
1.964806318283081
2.1969802379608154
2.09615421295166
2.1629092693328857
2.096048355102539
2.095856189727783
2.237032413482666
1.7627627849578857
2.2230613231658936
1.9508731365203857
1.9093832969665527
2.0358922481536865
2.07075834274292
2.015712022781372
1.7842166423797607
2.0543229579925537
2.2209017276763916
1.8202800750732422
2.1937105655670166
1.9260990619659424
1.9814026355743408
1.7891404628753662
2.035421848297119
1.9074978828430176
1.8251280784606934
1.931215763092041
1.957165002822876
2.1676735877990723
2.1937308311462402
1.893829584121704
1.9050922393798828
1.9070470333099365
1.790038824081421
1.8789865970611572
2.0392730236053467
1.7975084781646729
1.7677314281463623
2.173091173171997
1.8007123470306396
2.0023255348205566
2.116762638092041
2.1884758472442627
2.0196025371551514
1.8671441078186035
2.244763135910034
2.124779462814331
2.1964101791381836
2.0884432792663574
2.2091360092163086
2.1040515899658203
2.152358055114746
2.021920919418335
1.841667890548706
1.7595093250274658
2.131171464920044
2.1158792972564697
1.9843127727508545
1.988945722579956
1.9241845607757568
2.1747190952301025
1.9236717224121094
1.9594521522521973
1.7930853366851807
2.1606221199035645
2.2027506828308105
2.2030811309814453
2.1039254665374756
1.8142142295837402
2.145371437072754
1.9457952976226807
1.7852683067321777
1.9129173755645752
1.7561063766479492
1.9447219371795654
1.9224741458892822
2.1549594402313232
2.1916003227233887
2.246138095855713
2.0466196537017822
1.9614920616149902
2.163191080093384
1.7926828861236572
1.818160057067871
1.9850990772247314
2.0290653705596924
2.096325397491455
1.8819634914398193
2.1300885677337646
1.979449987411499
1.8085393905639648
2.136497974395752
2.01728892326355
1.913773775100708
2.2146105766296387
1.8311412334442139
1.9688572883605957
2.0323073863983154
2.0197741985321045
2.2062206268310547
2.0676803588867188
1.9745490550994873
1.9328248500823975
2.219881772994995
1.894188642501831
1.8651087284088135
2.082017660140991
2.089576482772827
1.8809599876403809
1.881591796875
1.9464237689971924
1.79471755027771
2.0170226097106934
1.9791607856750488
2.2466235160827637
1.8463196754455566
2.238865852355957
1.9930856227874756
1.9223968982696533
1.8669359683990479
2.0302417278289795
1.9017205238342285
2.1037209033966064
2.1999170780181885
1.80063796043396
1.7597601413726807
1.9079036712646484
2.162294387817383
1.8780100345611572
1.9048774242401123
1.7748973369598389
1.7720654010772705
1.937469720840454
2.1866400241851807
2.1939914226531982
2.016446352005005
1.8185369968414307
1.8758840560913086
1.8018531799316406
2.049409866333008
1.798107385635376
2.117323875427246
2.235278367996216
2.114574670791626
2.231548309326172
2.093935489654541
1.7608036994934082
1.8772389888763428
1.9185822010040283
1.7921936511993408
1.7844576835632324
2.065067768096924
1.9629793167114258
1.8864009380340576
2.0827105045318604
1.9260001182556152
2.25976300239563
1.7676210403442383
2.2026567459106445
2.046816349029541
2.159604549407959
1.7712233066558838
2.094892740249634
1.969770908355713
1.813117265701294
1.807476282119751
1.91914701461792
2.064394235610962
2.1766815185546875
1.8242106437683105
1.9566152095794678
1.867757797241211
1.9129023551940918
1.7783832550048828
2.1957991123199463
1.9642488956451416
2.0442748069763184
2.181183338165283
2.2047693729400635
1.8393535614013672
2.1790974140167236
2.0289766788482666
2.0454018115997314
2.203561782836914
1.996962070465088
2.1464931964874268
2.0756077766418457
1.8085417747497559
2.2219839096069336
2.045363426208496
1.9990153312683105
2.0621109008789062
1.9872925281524658
1.9930598735809326
1.9858450889587402
1.9134373664855957
2.1161537170410156
2.110081672668457
1.755439043045044
2.056222438812256
1.8197510242462158
1.9506480693817139
1.8411948680877686
1.9459688663482666
2.132766008377075
2.0174856185913086
2.188279151916504
1.779740810394287
2.125093936920166
2.2450766563415527
2.020778179168701
1.8290886878967285
2.056187152862549
2.096522331237793
2.052990436553955
1.9020330905914307
1.7921569347381592
1.8761436939239502
1.88051438331604
1.7744133472442627
1.9945576190948486
2.070639133453369
1.9097790718078613
2.2218525409698486
2.035677671432495
1.8417139053344727
1.989457368850708
2.041738271713257
1.839076280593872
1.874159336090088
2.2023842334747314
2.059824228286743
1.865995168685913
1.7691199779510498
2.2016963958740234
2.046621799468994
2.150376081466675
2.191763162612915
1.8076376914978027
2.2295939922332764
2.229189872741699
1.9935393333435059
2.2508020401000977
1.7520506381988525
1.9774096012115479
1.8564343452453613
2.0257387161254883
2.1481449604034424
1.8736469745635986
1.8086097240447998
1.9995720386505127
1.9681119918823242
1.7571699619293213
1.8063123226165771
1.9898245334625244
1.8684358596801758
1.883427619934082
2.065389633178711
1.9648504257202148
2.193633794784546
2.184039354324341
1.9276764392852783
1.9636147022247314
2.1920530796051025
1.822601079940796
2.0767533779144287
2.1190457344055176
1.8352437019348145
1.7990849018096924
2.113231658935547
1.808708667755127
1.8144776821136475
1.9448156356811523
2.0126466751098633
2.078975200653076
1.9154448509216309
2.115604877471924
2.1723685264587402
1.8059055805206299
2.099663019180298
2.110269784927368
1.7590584754943848
2.2069244384765625
1.9509429931640625
1.811819314956665
1.923931360244751
1.941119909286499
1.7797980308532715
2.031813144683838
1.7661092281341553
1.9902381896972656
2.181018352508545
2.064223289489746
1.9025485515594482
1.9683811664581299
1.8151435852050781
1.9131577014923096
2.1099205017089844
2.1261990070343018
2.009312868118286
2.0243682861328125
2.1391823291778564
2.213803291320801
2.127309560775757
2.0644757747650146
1.7903757095336914
2.121288776397705
1.91200590133667
1.8590095043182373
2.106400966644287
2.1354076862335205
2.2539634704589844
2.1323981285095215
1.900954008102417
2.115887403488159
2.250175714492798
2.205876111984253
1.8223493099212646
1.8940279483795166
2.2238717079162598
2.1166532039642334
1.9529626369476318
1.8222551345825195
1.896071195602417
1.9271252155303955
1.7898902893066406
2.238297700881958
2.083524703979492
2.0269980430603027
2.215420722961426
1.8031871318817139
1.8289432525634766
1.806492567062378
1.9918906688690186
2.150688886642456
1.909942865371704
1.9328255653381348
2.1103506088256836
2.0804216861724854
1.9808366298675537
2.1212575435638428
1.8361008167266846
1.8901772499084473
2.080395221710205
2.144644260406494
2.0869016647338867
1.7877271175384521
2.10037899017334
1.7978150844573975
2.055861234664917
2.0203697681427
1.7641770839691162
2.2219390869140625
1.9398927688598633
2.1141932010650635
1.7635529041290283
2.228705406188965
1.9063520431518555
1.7568392753601074
1.8086211681365967
1.9890258312225342
