61.14373826511336,3072.0,30.62180141582928,6.0,31.305593991738043
51.939257494833186,2048.0,17.96881635183422,4.0,26.59289983735459
72.46481438084072,3072.0,33.902279175791804,6.0,37.10198496299045
25.745955218909295,1024.0,11.394049991671846,2.0,13.181929072081559
63.89459142230838,3072.0,30.49014097134698,6.0,32.71403080822189
74.57271997307237,3072.0,35.40933982734157,6.0,38.18123262621305
73.0980273575245,3072.0,32.5817341907177,6.0,37.42619000705255
75.3495251235826,3072.0,34.000902905563024,6.0,38.578956863274286
73.36030219158272,2560.0,26.12119672107788,5.0,37.560474722090355
78.52369817844956,3072.0,32.02413439442489,6.0,40.20413346736618
53.20543980916293,2048.0,17.61322133936387,4.0,27.241185182291417
73.03851416009987,3072.0,31.90881502821147,6.0,37.39571924997113
53.71930715521067,2048.0,19.691308434056623,4.0,27.504285263467864
52.52925270348619,2048.0,18.495182030056576,4.0,26.894977384184934
25.94489304781715,1024.0,11.431054748381582,2.0,13.28378524048238
72.08772289323097,3072.0,27.821790232439735,6.0,36.90891412133426
71.18742963472474,2560.0,26.672716973716035,5.0,36.44796397297906
61.42381175985983,3072.0,27.79769495823038,6.0,31.44899162104823
62.66589078707021,3072.0,28.864196442516548,6.0,32.08493608297995
51.21901405677431,2048.0,17.496646536782638,4.0,26.22413519706845
62.888214213335075,3072.0,29.116028857858797,6.0,32.198765677227556
25.176677996473785,1024.0,10.200598574986799,2.0,12.890459134194579
52.45275712762931,2048.0,18.05912048710303,4.0,26.855811649346208
19.898159542747855,1024.0,7.245168894712914,2.0,10.187857685886902
17.044287205783338,1024.0,5.849785794580592,2.0,8.72667504936107
51.65944045196306,2048.0,19.530174037921054,4.0,26.449633511405082
76.87208085621242,3072.0,33.91799775825007,6.0,39.35850539838076
20.32751474989983,1024.0,7.015571305474269,2.0,10.407687551948714
53.710485287654144,2048.0,19.853997075799033,4.0,27.49976846727892
76.26978897151974,3072.0,31.16385225938109,6.0,39.0501319534181
50.26689697451431,2048.0,17.906794764520413,4.0,25.73665125095133
19.442202075548877,1024.0,7.964179201171161,2.0,9.954407462681026
51.254789705750525,2048.0,17.93696243019832,4.0,26.242452329344268
19.423385129094083,1024.0,6.588462633280505,2.0,9.944773186096171
76.72696245476607,3072.0,31.316748583708765,6.0,39.28420477684023
52.00768766962374,2048.0,17.820049499089553,4.0,26.627936086847356
54.25854258101547,2048.0,18.980464150356788,4.0,27.78037380147992
50.03386224772103,2048.0,16.08445706970309,4.0,25.61733747083317
60.411208771671724,3072.0,27.183150055010973,6.0,30.93053889109592
59.20627480247494,3072.0,28.275215636618146,6.0,30.313612698867164
52.36835766066397,2048.0,18.329292506306277,4.0,26.812599122259947
53.117383299892595,2048.0,19.28907525062463,4.0,27.196100249545008
53.18487298357648,2048.0,18.535363557297703,4.0,27.23065496759116
18.96237987477346,1024.0,6.918471025189376,2.0,9.708738495884011
76.53185307096668,3072.0,33.95742249957645,6.0,39.18430877233494
59.89688520967398,3072.0,27.90546973248558,6.0,30.66720522735308
25.37397653247797,1024.0,11.149756078137617,2.0,12.99147598462872
61.84837163209698,3072.0,28.323947875713422,6.0,31.66636627563365
24.86860671964522,1024.0,10.404736353501299,2.0,12.732726640458353
53.50756397868391,2048.0,17.83718269331277,4.0,27.39587275708616
18.71030433003127,1024.0,6.228655917086012,2.0,9.57967581697601
52.44639849179736,2048.0,17.59407969510969,4.0,26.852556027800247
72.55100122622837,3072.0,27.09305275095626,6.0,37.14611262782892
70.27565064211491,2560.0,25.86969963096384,5.0,35.981133128762835
19.15054231641206,1024.0,6.633977714228771,2.0,9.805077666002976
25.062580497494604,1024.0,9.72514966147413,2.0,12.832041214717236
72.2586817890944,3072.0,26.891263895510782,6.0,36.99644507601633
23.84744075263125,1024.0,10.07970261722297,2.0,12.2098896653472
24.388302401103726,1024.0,9.315845027673802,2.0,12.486810829365108
18.79577326107181,1024.0,7.16926062826337,2.0,9.623435909668766
75.32648595250707,3072.0,30.7647554974528,6.0,38.56716080768362
18.077461284498362,1024.0,6.337850238112989,2.0,9.255660177663161
53.48313254431223,2048.0,18.791661587921134,4.0,27.383363862687858
25.48308413594102,1024.0,9.888668863657628,2.0,13.047339077601801
69.45847665140593,2560.0,25.25326377184225,5.0,35.56274004551984
77.35422983045484,3072.0,30.383581507608078,6.0,39.60536567319288
23.2180286654803,1024.0,9.771953466007675,2.0,11.887630676725912
53.05272757868115,2048.0,18.749515872543135,4.0,27.16299652028475
53.91783686636935,2048.0,17.391573872667138,4.0,27.605932475581106
51.30937040455312,2048.0,17.33124819065462,4.0,26.270397647131198
19.275277236328193,1024.0,6.734856941796422,2.0,9.868941945000035
18.453173598296704,1024.0,6.32832708034046,2.0,9.448024882327912
77.50213199065739,3072.0,30.7439220704686,6.0,39.68109157921658
49.478842844170984,2048.0,17.333616019350767,4.0,25.33316753621554
25.375672266153046,1024.0,10.639621035917974,2.0,12.99234420027036
72.60759496997737,3072.0,26.041594083305085,6.0,37.175088624628415
50.93940859393658,2048.0,17.471688784028267,4.0,26.080977200095525
53.07005701807657,2048.0,18.674178959611258,4.0,27.1718691932552
53.88770431873892,2048.0,19.244856445563826,4.0,27.590504611194326
19.595642207848407,1024.0,7.029317640877535,2.0,10.032968810418383
53.60187950902288,2048.0,18.888838874431745,4.0,27.444162308619717
51.6438259484677,2048.0,18.545543945046855,4.0,26.441638885615465
51.15498034975535,2048.0,17.81593145274945,4.0,26.19134993907474
48.959824449599935,2048.0,16.42560263326272,4.0,25.06743011819517
71.87877907712146,3072.0,31.539731056167902,6.0,36.80193488748619
62.37548471122078,3072.0,29.254848880525266,6.0,31.93624817214504
18.16829348432772,1024.0,6.732678722095701,2.0,9.302166263975792
51.31696140925958,2048.0,17.50171955526393,4.0,26.2742842415409
70.1140250344288,2560.0,26.47490409980469,5.0,35.89838081762755
53.27603563720032,2048.0,17.78314771074476,4.0,27.277330246246567
18.46698826641053,1024.0,6.124864081216074,2.0,9.455097992402191
17.638753118172716,1024.0,5.674182619210988,2.0,9.03104159650443
51.65840160314296,2048.0,18.68991947787844,4.0,26.449101620809195
51.186378208299416,2048.0,18.119158357027672,4.0,26.2074256426493
61.21061443022006,3072.0,28.238282781496547,6.0,31.33983458827267
52.96583106024595,2048.0,17.87213011121288,4.0,27.118505502845924
74.33904292391482,3072.0,33.14492927693511,6.0,38.061589977044385
20.35604638574881,1024.0,7.462034766321702,2.0,10.422295749503391
25.024729575954876,1024.0,11.536589868123247,2.0,12.812661542888897
49.91620594197687,2048.0,17.636448115974318,4.0,25.55709744229216
24.740845448892955,1024.0,10.631301314657117,2.0,12.667312869833193
49.830382264436295,2048.0,17.494562046189007,4.0,25.513155719391385
23.99643816536691,1024.0,9.248368351753514,2.0,12.286176340667858
51.62892361262161,2048.0,17.113594501922908,4.0,26.434008889662266
18.425068957709545,1024.0,6.482305139915488,2.0,9.433635306347288
52.93475269456983,2048.0,18.32880917629234,4.0,27.102593379619755
69.02824055369295,2560.0,24.931166088540728,5.0,35.342459163490794
52.612567794671776,2048.0,19.054681438787654,4.0,26.937634710871947
18.949360246674846,1024.0,6.088646008528892,2.0,9.702072446297521
52.35429591816482,2048.0,18.170485957608427,4.0,26.80539951010039
24.888164000137735,1024.0,10.85693024181775,2.0,12.74273996807052
25.139294366019396,1024.0,11.00934311816994,2.0,12.87131871540193
53.687494436329004,2048.0,19.333974362798976,4.0,27.48799715140045
18.534405933236492,1024.0,6.436326256217422,2.0,9.489615837817084
18.729062643403957,1024.0,6.362987018021897,2.0,9.589280073422826
72.10116876455812,3072.0,27.220513898648708,6.0,36.915798407453764
57.699979039456515,3072.0,26.96884237252757,6.0,29.542389268201735
61.854709985285865,3072.0,29.97099292251692,6.0,31.669611512466364
52.421316799397594,2048.0,19.234802713111712,4.0,26.839714201291567
18.928556312312278,1024.0,6.998955710748895,2.0,9.691420831903885
72.86804689200791,3072.0,27.9494316581009,6.0,37.308440008708054
74.29142620997298,3072.0,33.22312475834117,6.0,38.037210219506164
51.61070508362929,2048.0,17.973741238923886,4.0,26.424681002818197
52.49817142194067,2048.0,19.481757514274648,4.0,26.87906376803362
50.81220802008038,2048.0,18.951040642796972,4.0,26.015850506281154
19.48990996377633,1024.0,6.990526249120959,2.0,9.97883390145348
77.23618448976988,3072.0,34.21176899454686,6.0,39.54492645876218
26.949953074567308,1024.0,11.582636812051861,2.0,13.798375974178462
52.952079601849924,2048.0,18.17650634035418,4.0,27.111464756147164
25.139498864025633,1024.0,10.491669033524186,2.0,12.871423418381124
51.99307726902376,2048.0,18.57253223495818,4.0,26.620455561740165
52.52285568312245,2048.0,18.25633361167935,4.0,26.891702109758693
19.805425286672573,1024.0,7.868497297326645,2.0,10.140377746776357
63.12879715118134,3072.0,28.019136121001672,6.0,32.32194414140485
51.83855351305842,2048.0,16.736645090581145,4.0,26.54133939868591
51.8056815611087,2048.0,18.35278712731003,4.0,26.524508959287655
52.36753847515016,2048.0,18.77089146874274,4.0,26.812179699276882
71.97622220227106,3072.0,31.657645579608364,6.0,36.85182576756278
18.83374159154439,1024.0,7.270302996163648,2.0,9.642875694870726
59.52067228624192,3072.0,27.30145110314836,6.0,30.47458421055586
51.237911111558574,2048.0,18.606415027783186,4.0,26.233810489117992
18.82983208127517,1024.0,5.7980717478265085,2.0,9.640874025612888
78.72180021562764,3072.0,32.34169682295875,6.0,40.305561710401356
51.038651575360845,2048.0,18.115958089868627,4.0,26.131789606584753
52.97401066871811,2048.0,17.714787339316388,4.0,27.122693462383673
60.401418625417314,3072.0,28.08291203914328,6.0,30.92552633621366
19.479570016465452,1024.0,7.200138169669437,2.0,9.973539848430311
50.586615789960916,2048.0,17.036462741601724,4.0,25.90034728445999
77.10265566374791,3072.0,31.904812897872105,6.0,39.47655969983893
67.89248593005098,2560.0,25.388113701717387,5.0,34.7609527961861
51.76293285690568,2048.0,18.728899696622705,4.0,26.502621622735706
73.5484260891374,3072.0,32.72518332616131,6.0,37.65679415763835
52.25826551636473,2048.0,18.506334548299176,4.0,26.756231944378744
54.7220596247186,2048.0,18.954195931380436,4.0,28.017694527855923
78.98641559875381,3072.0,31.853248903529625,6.0,40.441044786561946
62.564893163240775,3072.0,28.19971261421011,6.0,32.03322529957928
55.91893290957769,2048.0,19.01676619615742,4.0,28.63049364970378
53.86714639012778,2048.0,18.671008386647983,4.0,27.579978951745424
25.483772116627456,1024.0,10.96315219648809,2.0,13.04769132371326
52.870408770161106,2048.0,18.16669863004613,4.0,27.069649290322484
51.54393097324434,2048.0,17.910273981190088,4.0,26.390492658301106
19.057454631653876,1024.0,6.4573971319853865,2.0,9.757416771406785
52.833243003504904,2048.0,17.14558277484023,4.0,27.050620417794512
17.80214440438334,1024.0,5.6322787931732305,2.0,9.114697935044271
70.72496488057034,2560.0,26.426377198888613,5.0,36.211182018852014
63.69491168309048,3072.0,28.768082473243865,6.0,32.61179478174233
75.6339439519888,3072.0,34.301944779661866,6.0,38.72457930341827
50.980333754030845,2048.0,17.75917572581811,4.0,26.101930882063794
74.18832728650285,3072.0,33.2815820140687,6.0,37.98442357068946
52.157448797428216,2048.0,17.240804359296614,4.0,26.704613784283247
51.71007809139341,2048.0,17.45111748372407,4.0,26.475559982793428
71.12290164864396,3072.0,26.33669542422768,6.0,36.41492564410571
19.12972754630586,1024.0,6.992679362561434,2.0,9.794420503708599
75.17084401868244,3072.0,29.81713437807412,6.0,38.48747213756541
53.20361019326429,2048.0,17.65355164973863,4.0,27.240248418951317
70.20250614693128,3072.0,25.209305943360306,6.0,35.94368314722881
62.5207362243774,3072.0,29.253537167697132,6.0,32.01061694688123
18.114018902482865,1024.0,6.458284004765614,2.0,9.274377678071227
53.26262693918835,2048.0,19.12225856045751,4.0,27.270464992864433
20.050723528875345,1024.0,7.355609571303549,2.0,10.265970446784177
53.99744352934729,2048.0,17.668024143588003,4.0,27.646691087025808
75.52115649007173,3072.0,33.340913565363515,6.0,38.66683212291673
24.148190180776936,1024.0,10.283772902912967,2.0,12.36387337255779
69.02948683373637,2560.0,27.15657354905974,5.0,35.34309725887302
77.05868397918911,3072.0,33.44850956246966,6.0,39.45404619734482
25.12557551294803,1024.0,10.69360469371943,2.0,12.86429466262939
52.06734319594549,2048.0,18.634055004286488,4.0,26.65847971632409
61.76290837780037,3072.0,29.258275551435915,6.0,31.622609089433787
54.7102750847666,2048.0,18.684207996877376,4.0,28.0116608434005
51.684975937395635,2048.0,18.886877660795378,4.0,26.46270767994657
50.74820319516745,2048.0,18.312279350436622,4.0,25.98308003592573
53.278286044689686,2048.0,19.386949108384822,4.0,27.27848245488112
53.08324529100807,2048.0,18.379214093688717,4.0,27.178621588996133
78.11314164534005,3072.0,31.687842747777573,6.0,39.99392852241411
74.87960157638072,3072.0,34.10880755726237,6.0,38.33835600710693
52.94154864139688,2048.0,18.95455813844925,4.0,27.106072904395205
77.76886729181383,3072.0,31.7489176978541,6.0,39.81766005340868
51.06567124958532,2048.0,16.97197301743787,4.0,26.145623679787683
61.80726658496325,3072.0,27.995698689593898,6.0,31.645320491501188
77.61692228966807,3072.0,31.40621926978372,6.0,39.73986421231005
80.46137024200786,3072.0,31.640566307915613,6.0,41.196221563908026
18.262909716730867,1024.0,6.321207598046515,2.0,9.350609774966204
25.537410586642558,1024.0,11.532450738172063,2.0,13.07515422036099
20.881609939593055,1024.0,7.63756690388935,2.0,10.691384289071644
26.000648260361494,1024.0,10.788951686677457,2.0,13.312331909305085
19.448618646498243,1024.0,5.625273379341097,2.0,9.957692747007101
73.11570741514282,3072.0,32.54488069149343,6.0,37.435242196553126
74.34369835904016,3072.0,34.28918053226094,6.0,38.06397355982857
17.7599258294269,1024.0,6.934594062965555,2.0,9.093082024666574
52.14459373937194,2048.0,19.554608545993155,4.0,26.698031994558434
24.15016518225574,1024.0,10.387270049565087,2.0,12.364884573314939
63.68858640678094,3072.0,30.047145459456672,6.0,32.608556240271845
75.1093969582498,3072.0,33.42806321769561,6.0,38.456011242623894
74.15929953638522,3072.0,33.146456753932476,6.0,37.96956136262923
69.06000511567203,2560.0,24.374711115335426,5.0,35.358722619224075
67.48145758145655,2560.0,24.762484101364944,5.0,34.55050628170575
54.04624216097609,2048.0,19.777185467708257,4.0,27.671675986419757
53.276532065357635,2048.0,18.463423426817727,4.0,27.27758441746311
50.31558745547004,2048.0,16.625342199148925,4.0,25.76158077720066
19.24134221304597,1024.0,6.200640292111906,2.0,9.851567213079537
52.745532896989126,2048.0,18.48060967980888,4.0,27.00571284325843
19.83923308023457,1024.0,7.215466337111087,2.0,10.1576873370801
51.187149192868375,2048.0,18.816012843130164,4.0,26.207820386748608
18.769606428697305,1024.0,6.829441312433483,2.0,9.61003849149302
69.62752642554868,2560.0,26.284920714496117,5.0,35.64929352988092
52.927132587005204,2048.0,18.773237501695036,4.0,27.09869188454666
23.871583156086785,1024.0,9.600211761874744,2.0,12.222250575916433
75.72440312470209,3072.0,34.02474084984577,6.0,38.770894399847464
20.051007189080185,1024.0,6.595970972607025,2.0,10.266115680809055
62.43589998787297,3072.0,29.775504830099244,6.0,31.96718079379096
52.12003731206916,2048.0,19.747116367632223,4.0,26.685459103779408
53.23604449040564,2048.0,19.22056308619735,4.0,27.256854779087686
54.88416007304316,2048.0,19.94956015933625,4.0,28.100689957398096
49.645671028177944,2048.0,16.627739809185435,4.0,25.418583566427106
75.28383444025023,3072.0,34.26116831690819,6.0,38.54532323340812
25.000535264961833,1024.0,10.574003673427066,2.0,12.80027405566046
73.17662909257022,3072.0,33.9689155935449,6.0,37.46643409539596
71.38848328622363,3072.0,26.403095924459272,6.0,36.5509034425465
59.70048537698868,3072.0,26.689800843938464,6.0,30.5666485130182
24.423685220219664,1024.0,10.403989433753779,2.0,12.504926832752467
17.966644725629298,1024.0,6.104458028182843,2.0,9.1989220995222
70.33192033244904,2560.0,26.368027937213142,5.0,36.00994321021391
60.89748665538275,3072.0,28.040258578111025,6.0,31.179513167555967
18.647927325383137,1024.0,6.89465348812015,2.0,9.547738790596165
25.508148125758517,1024.0,10.680065724795957,2.0,13.06017184038836
25.90779100775452,1024.0,10.721504390476085,2.0,13.264788995970314
51.87723507131349,2048.0,19.251016159480862,4.0,26.561144356512507
79.55991495023372,3072.0,31.323720153678167,6.0,40.734676454519665
78.3423305129121,3072.0,33.55117120836541,6.0,40.111273222611
77.48668355061673,3072.0,29.07168773328661,6.0,39.67318197791577
22.82272150141793,1024.0,9.073969848825488,2.0,11.685233408725981
52.668785155729616,2048.0,17.06715045091817,4.0,26.966417999733565
19.398306687174266,1024.0,7.275100205507174,2.0,9.931933023833224
51.23538367525016,2048.0,17.563574595704324,4.0,26.23251644172808
72.2292014142195,3072.0,26.848017848682062,6.0,36.98135112408039
68.9186022492589,2560.0,26.454430265550478,5.0,35.28632435162056
71.15252915819636,3072.0,25.2379224902633,6.0,36.43009492899653
52.400333847448465,2048.0,18.04856279869853,4.0,26.82897092989361
77.11564600410955,3072.0,33.9298314706893,6.0,39.483210754104086
27.038482152487596,1024.0,11.386446472155002,2.0,13.843702862073648
24.307735943311453,1024.0,10.695318919920222,2.0,12.445560802975464
56.264945346896525,2048.0,19.029954651060816,4.0,28.80765201761102
61.5761616874698,3072.0,28.59583084186137,6.0,31.526994783984534
72.62785998491435,3072.0,32.95612068763747,6.0,37.18546431227615
19.810861199684247,1024.0,6.478394275683538,2.0,10.143160934238335
24.984904122154727,1024.0,10.755998040837738,2.0,12.79227091054322
51.34629743203047,2048.0,17.735457699323728,4.0,26.2893042851996
69.4930710191728,3072.0,26.71924849570228,6.0,35.58045236181648
54.23691992238334,2048.0,19.316060946187143,4.0,27.76930300026027
50.68894144840928,2048.0,16.760317300126626,4.0,25.952738021585553
62.209184869590786,3072.0,26.54738972108295,6.0,31.851102653230484
70.59763429603078,3072.0,27.16845468376798,6.0,36.14598875956776
19.878178232775312,1024.0,6.715170107620978,2.0,10.17762725518096
50.03571275329124,2048.0,17.569426359321717,4.0,25.618284929685117
78.22825144057704,3072.0,31.492332087684773,6.0,40.05286473757545
51.916792215940575,2048.0,18.11933122844394,4.0,26.581397614561574
75.4040398446839,3072.0,30.276770573646996,6.0,38.60686840047815
18.31929351475401,1024.0,5.297827884999032,2.0,9.379478279554052
60.078898113773704,3072.0,29.100415090072676,6.0,30.76039583425214
54.28603853018187,2048.0,19.55139357877522,4.0,27.794451727453115
48.573044430873296,2048.0,16.904153171083486,4.0,24.869398748607125
53.04492969755974,2048.0,19.64580416704775,4.0,27.159004005150585
23.59467197492483,1024.0,9.752435335210563,2.0,12.080472051161511
64.78124252397689,3072.0,29.845524639341697,6.0,33.16799617227616
20.73014039916355,1024.0,6.967296636234877,2.0,10.613831884371738
71.38490896064508,3072.0,27.61790600602692,6.0,36.54907338785028
50.87428234084446,2048.0,17.12768643091169,4.0,26.047632558512365
18.287016650532767,1024.0,5.455501449708278,2.0,9.362952525072776
52.43224152327393,2048.0,18.190083828245662,4.0,26.845307659916255
72.82063894676297,3072.0,27.356086660767172,6.0,37.284167140742646
24.962342661943673,1024.0,11.080977180942547,2.0,12.78071944291516
50.473912630783886,2048.0,17.717099688985584,4.0,25.84264326696135
68.96696352414672,2560.0,26.4725127895123,5.0,35.31108532436312
55.114430530617376,2048.0,18.782873985572774,4.0,28.218588431676096
50.09751677185339,2048.0,18.050139394142114,4.0,25.64992858718894
71.90066643111014,3072.0,27.706032058996,6.0,36.81314121272839
51.4093006183752,2048.0,17.000455966188426,4.0,26.321561916608097
19.53201826815755,1024.0,7.211451092512311,2.0,10.000393353296666
61.32411743101774,3072.0,28.51547226046987,6.0,31.39794812468108
26.142175345792374,1024.0,10.968192004077377,2.0,13.384793777045696
25.405449221882026,1024.0,9.835173529138661,2.0,13.007590001603598
24.289132434426712,1024.0,10.178620449787962,2.0,12.436035806426476
70.6797235377372,2560.0,25.736222155634294,5.0,36.18801845132145
69.90300272966682,2560.0,24.886114072152314,5.0,35.79033739758941
70.30471904367032,2560.0,26.502846145164202,5.0,35.996016150359196
75.27783548533068,3072.0,30.649428269215438,6.0,38.54225176848931
17.916327405475567,1024.0,5.614374142709691,2.0,9.17315963160349
51.33230304597327,2048.0,17.22367043421583,4.0,26.282139159538314
59.922652657106994,3072.0,28.61005241497533,6.0,30.680398160438784
24.989384283250466,1024.0,11.193190182204422,2.0,12.794564753024238
74.31575248535503,3072.0,27.108541766938913,6.0,38.04966527250178
61.843078341094746,3072.0,28.79535558021056,6.0,31.66365611064051
19.06166615844083,1024.0,5.768773907181346,2.0,9.759573073121704
24.57287084043926,1024.0,10.568484193297255,2.0,12.581309870304903
73.61923449250936,3072.0,26.830184646697106,6.0,37.6930480601648
20.2580279211811,1024.0,7.126988981701267,2.0,10.372110295644722
63.24911294891859,3072.0,29.518757666194993,6.0,32.38354582984631
52.302585538933776,2048.0,18.979907301773437,4.0,26.77892379593409
53.070653686058975,2048.0,18.65635163434106,4.0,27.1721746872622
74.86117857466124,3072.0,31.500880886022344,6.0,38.32892343022656
53.35500654491282,2048.0,18.57113648715184,4.0,27.317763350995364
52.420340009458435,2048.0,18.949581075419694,4.0,26.839214084842716
25.521292306721683,1024.0,10.144131349040297,2.0,13.066901661041502
53.442267366407606,2048.0,19.065625812089415,4.0,27.36244089160069
51.950993038800036,2048.0,17.81940411202573,4.0,26.598908435865617
19.56683257455557,1024.0,6.81054532077763,2.0,10.018218278172451
25.022683651530365,1024.0,10.557599053241887,2.0,12.811614029583547
71.24438108941595,3072.0,26.210206772566643,6.0,36.47712311778097
59.53494092861842,3072.0,29.505932442636,6.0,30.481889755452627
18.939652193058123,1024.0,6.417816387731758,2.0,9.697101922845759
55.2583210359776,2048.0,18.251059266386896,4.0,28.292260370420532
73.66385799214366,3072.0,29.009893960550976,6.0,37.71589529197756
72.80713679124258,3072.0,32.96818103165503,6.0,37.2772540371162
52.73304654547168,2048.0,18.540598386594446,4.0,26.999319831281497
17.55543490756918,1024.0,5.58622207754952,2.0,8.98838267267542
78.26546750782839,3072.0,30.94228960267097,6.0,40.07191936400814
62.699716758756146,3072.0,28.988152130355143,6.0,32.102254980483146
26.12879206503763,1024.0,10.247305390172727,2.0,13.377941537299264
73.17607780829188,3072.0,32.07713686275799,6.0,37.46615183784544
51.02265244549823,2048.0,17.09619752747588,4.0,26.123598052095097
52.5130500434456,2048.0,18.275518748882924,4.0,26.886681622244147
75.4811955144706,3072.0,33.651755017824854,6.0,38.64637210340894
61.56930860619494,3072.0,29.522109786670082,6.0,31.523486006371805
77.19385771439741,3072.0,30.444165726234225,6.0,39.52325514977148
60.11507074468028,3072.0,27.06347979552811,6.0,30.778916221276305
50.67430698499665,2048.0,18.22029698921505,4.0,25.94524517631828
61.17922680094036,3072.0,28.461398306921076,6.0,31.323764122081464
76.29816509610058,3072.0,34.56861172970436,6.0,39.0646605292035
50.36561101476502,2048.0,17.25874951807645,4.0,25.78719283955969
69.64097210695154,2560.0,26.62803286672566,5.0,35.65617771875918
25.837990962986204,1024.0,11.665708776666342,2.0,13.229051373048936
52.287809979822896,2048.0,18.812056310416867,4.0,26.77135870966932
52.57640810339817,2048.0,17.13534788699999,4.0,26.919120948939863
51.13227351870522,2048.0,17.603646899236754,4.0,26.17972404157707
51.753130689673995,2048.0,16.984331475556665,4.0,26.497602913113084
51.28588801718574,2048.0,18.78702548157048,4.0,26.2583746647991
70.07980174696338,3072.0,26.269217569580867,6.0,35.880858494445256
70.7180798110661,2560.0,26.769852399303545,5.0,36.207656863265846
53.966247313383626,2048.0,19.3761647208466,4.0,27.630718624452417
73.48766824487771,3072.0,32.98769442960842,6.0,37.625686141377386
19.74800352675372,1024.0,6.973683686216815,2.0,10.110977805697905
77.83758782974277,3072.0,31.219760070365833,6.0,39.85284496882829
71.59520063015002,3072.0,26.349218551653212,6.0,36.65674272263681
51.268245553741984,2048.0,17.878131225534375,4.0,26.249341723515897
53.183245326826885,2048.0,19.38171448464247,4.0,27.229821607335367
18.79822068769337,1024.0,6.514516398477262,2.0,9.624688992099006
62.98386795352157,3072.0,28.370009804923114,6.0,32.24774039220304
77.13102221383754,3072.0,31.00556447686727,6.0,39.49108337348482
74.2248250812107,3072.0,32.473142327258905,6.0,38.00311044157987
63.37797665785057,3072.0,29.11275127542745,6.0,32.44952404881949
78.58516717501846,3072.0,31.931212806833702,6.0,40.23560559360945
20.889082797275435,1024.0,7.081998036840313,2.0,10.695210392205023
24.617167387605683,1024.0,9.437917850692045,2.0,12.60398970245411
50.309431816447244,2048.0,17.222594585010693,4.0,25.75842909002099
53.23011421151644,2048.0,18.415659868712403,4.0,27.253818476296416
71.99314849104304,3072.0,32.184068894696225,6.0,36.86049202741403
24.386462840141462,1024.0,10.17103715122548,2.0,12.485868974152428
77.73632131958973,3072.0,33.77765040143883,6.0,39.80099651562994
52.78805776774668,2048.0,18.838743191135347,4.0,27.027485577086303
53.526454057675465,2048.0,17.88020918813354,4.0,27.405544477529837
68.12222260224902,2560.0,26.869905439813742,5.0,34.8785779723515
61.082141089718824,3072.0,28.117467537915445,6.0,31.274056237936037
52.44321800544792,2048.0,18.270217014556252,4.0,26.850927618789335
51.65665424115355,2048.0,18.718047771559576,4.0,26.448206971470615
54.00300053041771,2048.0,18.220742116315158,4.0,27.649536271573865
63.14415222158764,3072.0,28.64084923371803,6.0,32.32980593745287
71.59696159355535,3072.0,27.527759509963435,6.0,36.657644335900336
50.05172970002523,2048.0,17.76483546431382,4.0,25.626485606412913
49.916935748234316,2048.0,17.979326293669303,4.0,25.557471103095967
25.40997452704642,1024.0,10.709084970818552,2.0,13.009906957847768
25.689843692243063,1024.0,10.338460348116774,2.0,13.153199970428448
75.88859584063174,3072.0,31.180905229434195,6.0,38.85496107040345
71.10921457371728,3072.0,26.313016013635135,6.0,36.40791786174324
18.4407690039989,1024.0,5.8625967152822,2.0,9.441673730047436
18.333597312060846,1024.0,5.969965034555999,2.0,9.386801823775153
17.84268189704609,1024.0,5.54756559400289,2.0,9.135453131287598
70.57348212196433,2560.0,26.30025161041841,5.0,36.13362284644574
53.067033565963605,2048.0,18.899560176342863,4.0,27.17032118577336
61.05215421929928,3072.0,28.72034600365509,6.0,31.25870296028123
51.752396574046934,2048.0,19.274076064130156,4.0,26.49722704591203
70.4030195210663,3072.0,25.787450601218445,6.0,36.046345994785945
52.06143166190448,2048.0,18.35000422204886,4.0,26.655453010895094
53.37573802851527,2048.0,17.241889232390058,4.0,27.32837787059982
61.721536943933835,3072.0,28.716421377249333,6.0,31.601426915294127
53.018303891480485,2048.0,18.394417364502203,4.0,27.145371592438007
52.6698248649547,2048.0,18.055120944811968,4.0,26.966950330856804
53.4046218600788,2048.0,19.541251604401545,4.0,27.343166392360345
24.895267644519326,1024.0,10.698934130012336,2.0,12.746377033993895
52.27547745279783,2048.0,18.20375435694854,4.0,26.765044455832488
52.48082242461429,2048.0,18.191622039917096,4.0,26.870181081402517
18.246866306464895,1024.0,6.541992021272478,2.0,9.342395548910027
25.837426775444616,1024.0,11.098004126231846,2.0,13.228762509027643
51.92518112665593,2048.0,17.35503216104776,4.0,26.585692736847832
52.50982158783763,2048.0,18.76883375965545,4.0,26.885028652972863
24.72758402477281,1024.0,10.127405928386644,2.0,12.660523020683678
19.699793380936455,1024.0,7.225763519258803,2.0,10.086294211039466
51.698745504339925,2048.0,17.749455979121645,4.0,26.469757698222043
51.00816315271625,2048.0,17.78243042118199,4.0,26.11617953419072
19.535713178453385,1024.0,5.3709080768090915,2.0,10.002285147368132
59.26791247982602,3072.0,27.10436616476042,6.0,30.345171189670925
21.020017318418795,1024.0,8.165078786011348,2.0,10.762248867030422
52.48825012158437,2048.0,18.433159932519924,4.0,26.8739840622512
70.45878245893348,2560.0,26.272237444510512,5.0,36.07489661897394
18.234299786438715,1024.0,6.5358562161484315,2.0,9.335961490656622
18.031850812920673,1024.0,7.137736605635384,2.0,9.232307616215385
51.605536290506336,2048.0,18.46107439028709,4.0,26.422034580739243
76.36716575633636,3072.0,30.286290866321846,6.0,39.09998886724422
76.77868687938727,3072.0,33.99452542014596,6.0,39.31068768224628
51.33872249060751,2048.0,18.500924978086676,4.0,26.28542591519104
62.40405969621071,3072.0,28.57098401420002,6.0,31.950878564459885
71.52115920532773,3072.0,26.269156649845733,6.0,36.618833513127804
53.796145402053085,2048.0,17.831104547609435,4.0,27.54362644585118
51.42626623659063,2048.0,17.41330311826039,4.0,26.330248313134405
23.584990536254537,1024.0,9.50372551329021,2.0,12.075515154562321
19.829973318035705,1024.0,7.265252967536837,2.0,10.15294633883428
25.803573682582407,1024.0,11.296273037611211,2.0,13.21142972548219
25.089705658420634,1024.0,10.404051924182275,2.0,12.845929297111365
50.95239664538493,2048.0,17.57740201981484,4.0,26.087627082437084
61.81050406058075,3072.0,28.450460671323928,6.0,31.646978079017344
54.516613327983976,2048.0,18.54968847141253,4.0,27.912506023927797
53.04763005253827,2048.0,18.919836230583364,4.0,27.16038658689959
23.613608961119244,1024.0,10.120834678744933,2.0,12.090167788093053
24.81558225433078,1024.0,10.201114420693624,2.0,12.70557811421736
25.172965911981876,1024.0,10.081917844778163,2.0,12.888558546934721
54.293033992234236,2048.0,18.90839556471532,4.0,27.79803340402393
61.95553784254685,3072.0,27.622556700968854,6.0,31.72123537538399
52.657225418030606,2048.0,18.955973304666223,4.0,26.96049941403167
53.642851920521124,2048.0,19.597337745661882,4.0,27.465140183306815
51.19683683003429,2048.0,18.325673003088053,4.0,26.212780456977555
74.93741765061829,3072.0,33.55454701965169,6.0,38.36795783711656
50.97438947493184,2048.0,17.610901094401346,4.0,26.0988874111651
52.2670141860614,2048.0,19.005293319558618,4.0,26.76071126326344
19.04787470833586,1024.0,7.158213330393526,2.0,9.752511850667961
60.84596765028004,3072.0,28.44259503210513,6.0,31.15313543694338
72.74829513387353,3072.0,26.636907753688664,6.0,37.24712710854325
58.66822031815002,3072.0,27.103835160088895,6.0,30.038128802892807
52.14933010341946,2048.0,18.47138586022868,4.0,26.700457012950764
17.688611920705206,1024.0,6.5778979825227815,2.0,9.056569303401066
72.09914411987049,3072.0,31.9815376122439,6.0,36.91476178937369
51.9746475010967,2048.0,18.44534338555575,4.0,26.611019520561506
53.336590026154326,2048.0,18.70484429290751,4.0,27.30833409339101
76.16519972767665,3072.0,33.599676168288745,6.0,38.99658226057044
61.85669110358842,3072.0,28.546218844116176,6.0,31.670625845037268
73.79639828096167,3072.0,33.3133244952855,6.0,37.783755919852375
24.680386134754645,1024.0,10.792807941701824,2.0,12.636357700994377
61.73312714998918,3072.0,28.43003606928478,6.0,31.60736110079446
51.277852526825775,2048.0,18.47195462960617,4.0,26.254260493734797
53.29255447088247,2048.0,17.695084425020433,4.0,27.285787889091825
51.389790071716305,2048.0,16.939023572392596,4.0,26.311572516718748
53.34636514503849,2048.0,19.9124158580143,4.0,27.313338954259706
49.923667626524264,2048.0,17.676123565516228,4.0,25.560917824780425
20.035775389944824,1024.0,6.646661838709149,2.0,10.25831699965175
51.82350685503633,2048.0,18.083602446446292,4.0,26.5336355097786
70.62089837480188,3072.0,26.340441729482034,6.0,36.157899967898565
71.00987329336698,2560.0,27.02719381022802,5.0,36.357055126203896
21.091469167807908,1024.0,7.197321751041243,2.0,10.798832213917649
71.29188023633232,2560.0,26.09374741561981,5.0,36.501442681002146
17.206097061476534,1024.0,5.661346760772008,2.0,8.809521695475985
71.13523076646865,3072.0,25.94556327634701,6.0,36.421238152431954
18.721814672839624,1024.0,6.212436157308909,2.0,9.585569112493888
71.2410360961486,2560.0,26.181838711386256,5.0,36.47541048122808
71.37634809974124,3072.0,27.23749843173999,6.0,36.54469022706751
18.873959978087807,1024.0,6.533769848919267,2.0,9.663467508780958
51.6708045120884,2048.0,18.306635716794332,4.0,26.45545191018926
70.88070791455145,3072.0,26.229559036825687,6.0,36.29092245225034
49.162996386646604,2048.0,16.73538562717901,4.0,25.17145414996306
74.10554334014478,3072.0,33.21805832273483,6.0,37.94203819015412
71.73587460634212,3072.0,27.51439764846511,6.0,36.728767798447166
68.93704989651833,3072.0,25.919200337104115,6.0,35.295769547017386
52.71426143052541,2048.0,18.069418660480956,4.0,26.989701852429008
51.694620075262286,2048.0,16.954494458423202,4.0,26.467645478534287
20.73355472637155,1024.0,6.830809284154123,2.0,10.615580019902234
50.83663290929411,2048.0,18.39278092005849,4.0,26.028356049558585
54.853957837598486,2048.0,20.313364869101047,4.0,28.085226412850425
51.74242213535693,2048.0,17.720939954512204,4.0,26.492120133302752
53.11814327971816,2048.0,18.468046601526407,4.0,27.196489359215697
19.560615632411018,1024.0,6.235902993197632,2.0,10.01503520379444
50.481765237653626,2048.0,17.690403917834907,4.0,25.846663801678655
75.53889713091439,3072.0,29.774970006379004,6.0,38.675915331028165
59.97110119771837,3072.0,26.80056773912416,6.0,30.705203813231805
