45.51378319379738,6656.0,3.8859626534146536,1.0,228.30587625387435
16.18164900875109,2048.0,3.7464303827552716,1.0,31.769841764247694
16.426143316935754,2048.0,3.628381030340345,1.0,32.03739142152433
38.396492134915825,4096.0,3.969207460220193,1.0,117.08211565488213
38.04078526327872,4096.0,3.7506283605885664,1.0,112.5983293176951
45.68609013992944,6656.0,3.441627278970463,1.0,226.47750135882694
37.447967417064056,4096.0,4.299597340064784,1.0,112.8863048739746
17.54631037751,2048.0,4.679678484622249,1.0,34.54155353522934
48.970831416942204,6656.0,3.9918680254254264,1.0,236.59852630916026
36.328018933833064,6656.0,3.968030265890221,1.0,192.96905886548151
16.067776549665012,2048.0,3.6531077195994386,1.0,31.63893237600563
49.46172730497364,6656.0,3.505551741170118,1.0,236.0233188705368
45.87886910440855,6144.0,3.362061840147779,1.0,206.3523539154761
49.28868600709782,6144.0,3.7711905806480073,1.0,224.2890236902282
17.5121597890394,2048.0,3.301777981752318,1.0,33.64790691752348
16.700965022758464,2048.0,4.027282532332784,1.0,32.28435649695044
38.36803502534407,4096.0,4.100259865175342,1.0,116.05476108621122
37.343158797571405,4096.0,3.6930390750399296,1.0,113.62469050547254
38.350768655759545,4096.0,4.1881461188734095,1.0,118.84838067001812
17.94425637855921,2048.0,4.1535430546521175,1.0,35.07006011353493
17.2630926942233,2048.0,3.560852063980989,1.0,33.13720112352907
37.75443200022615,4096.0,4.739031739228133,1.0,115.39935216855653
47.90186325037652,6656.0,3.4427462075483053,1.0,229.68484648021854
46.49391234839203,6656.0,5.178883731651836,1.0,238.1814579389526
37.50484401261821,4096.0,4.101661396253518,1.0,112.61325225843822
16.021052486200634,2048.0,3.2149146561329864,1.0,31.28288609455422
34.51397856869209,6656.0,3.7352158227161505,1.0,181.51645876010366
37.24597361095199,4096.0,3.45308208436308,1.0,111.22139430178434
37.70188640786773,4096.0,3.764040162644315,1.0,111.6925410881239
36.89477541281955,6656.0,4.467673264803074,1.0,195.56415741328664
37.583652910435944,4096.0,3.2853607868640378,1.0,112.77931708319247
38.24624226218942,4096.0,4.485255609458008,1.0,116.21880712740905
37.585026900966476,4096.0,3.8727755360590117,1.0,114.33698166877753
35.882327884860594,4096.0,4.234059130192363,1.0,107.10675767613716
18.197573196397272,2048.0,3.7461336991400143,1.0,35.36068449410463
38.87370480317343,4096.0,3.618420234478585,1.0,116.62370042809391
38.45343560712463,4096.0,4.0498733700056455,1.0,117.85003669964422
39.90454688862327,4096.0,4.640368973792428,1.0,121.91652864600256
48.19637503772515,6144.0,4.155375923270411,1.0,221.55946049198553
46.776689267345795,6656.0,3.1888957865235747,1.0,226.09911655271696
45.12726503697716,6656.0,4.583750371365341,1.0,229.5202350133922
40.200307561292355,4096.0,4.51970539277893,1.0,122.64896853751208
17.752086350582395,2048.0,3.6676658628325622,1.0,34.07301852417374
38.153192970717726,4096.0,4.312569806141535,1.0,116.02020911615178
17.30739248558504,2048.0,2.92543497247973,1.0,33.320006566727656
49.30851710430708,6656.0,3.9217342834266713,1.0,237.8847809236097
38.634316006094465,4096.0,3.1559804525967072,1.0,114.09320827718187
49.107080123640145,6144.0,3.149420898021098,1.0,221.9617598635937
18.26446471244423,2048.0,3.8341070867200515,1.0,35.004810421452476
50.15557620410518,6144.0,4.524915683041014,1.0,227.746084664716
39.34244253659332,4096.0,3.947167574549143,1.0,119.35815836046174
16.31248219452715,2048.0,4.622052737093392,1.0,32.42371709177247
49.81721551515965,6656.0,3.565859772547706,1.0,238.97317282136797
38.80693607954567,4096.0,4.2140694337204145,1.0,118.96644812768086
15.760481525623081,2048.0,3.08297412455135,1.0,30.920858945439626
39.41120011557231,4096.0,3.8933701011852953,1.0,116.46640374907383
19.368776088807643,2048.0,4.6683764639640115,1.0,37.29897453504563
18.643036480740804,2048.0,3.796853487909525,1.0,35.939291745677494
49.206123932656716,6656.0,4.316044423515703,1.0,239.0681530581289
16.94946140285046,2048.0,4.003441032551266,1.0,33.462250399234364
36.542526127573,4096.0,4.196465216129311,1.0,111.36549694342858
45.259940986993186,6656.0,2.866472164226779,1.0,226.5762781165278
38.28374390031966,6656.0,4.555935470390104,1.0,201.52948628146495
45.00645910673086,6656.0,3.3235658959462535,1.0,222.76619863063453
16.911906634554743,2048.0,4.130171548526429,1.0,33.405540428014746
37.13713309460581,4096.0,4.611110278382096,1.0,110.94122797567648
36.549473359997286,4096.0,3.9869316709246014,1.0,110.40446720213298
48.15223967282825,6656.0,4.8134990466124155,1.0,238.71007465824835
19.14231586878713,2048.0,4.167744709445434,1.0,36.82099723302989
37.21209362803952,4096.0,3.971447811275548,1.0,110.71162727863238
36.054903696966484,6656.0,3.9731702934075535,1.0,193.506563476007
35.84512178813899,4096.0,2.4560103992657556,1.0,109.73548372330413
36.6472316561257,4096.0,3.1882178569241897,1.0,111.05787653561242
47.99514271422146,6656.0,3.006508842766239,1.0,231.68420289250793
50.38575026209724,6656.0,4.456324923598048,1.0,242.8881844644718
46.07765594605206,6656.0,3.897237226603645,1.0,230.10134830034633
52.67481168279668,6656.0,4.423024276279885,1.0,250.1052172033763
18.809098277335025,2048.0,4.3209133105645225,1.0,36.22999015275638
49.020340650687466,6656.0,4.151193541349796,1.0,237.0512453938101
15.98334914991105,2048.0,4.290672112968558,1.0,31.476197534830316
38.800604182942486,4096.0,4.185433613666443,1.0,117.4266458322328
15.291303490883312,2048.0,4.163254518706265,1.0,30.28878311951599
38.59314926249601,4096.0,4.396701438207332,1.0,116.32447550419661
15.132069753967308,2048.0,3.6508013389785114,1.0,29.857940059383164
36.84948399259021,6656.0,4.777913851294444,1.0,196.61867793892955
37.574311449491006,4096.0,4.010527065360151,1.0,111.48586345303374
38.202922861249675,4096.0,3.8339390926503265,1.0,116.72596777424467
49.053164853408255,6656.0,3.710773071972278,1.0,237.44941131031658
37.79059342225026,4096.0,3.8101320572443087,1.0,114.7352443635867
15.80230149313291,2048.0,4.009324993949486,1.0,31.642972610247433
15.974118041959898,2048.0,3.1263546818592203,1.0,31.07444631044922
38.06073483746029,4096.0,3.721300147309393,1.0,115.05493242871825
37.414926637881734,6656.0,3.6286865608270698,1.0,198.76481092618798
45.06559418110277,6656.0,3.8100043017803538,1.0,229.1269052946631
40.05244062247768,4096.0,5.24886147564414,1.0,121.46867068060673
47.60471737229078,6656.0,3.1409052526180856,1.0,228.5877632668679
35.607011697648446,6656.0,3.75043077594505,1.0,185.7553622837606
37.56007574480181,4096.0,4.326011379155395,1.0,114.64907694828506
37.92893209610811,4096.0,3.913575776414349,1.0,115.36563426344829
39.59389397254437,4096.0,4.44957550099717,1.0,119.32808246096093
38.86037894192175,4096.0,3.904368386866933,1.0,118.26513486059909
37.768406175789345,6656.0,4.265034764137323,1.0,197.37694005252695
36.774864663338,6656.0,3.4148123792217557,1.0,188.97508694904042
35.44833491738217,6656.0,4.27338391566514,1.0,187.52445062631443
37.45690232733227,6656.0,3.5466672031970314,1.0,195.8613559929358
37.85680486228225,4096.0,3.8170848920218896,1.0,114.60087288102432
19.114869716660746,2048.0,3.561144454788695,1.0,36.460933414488665
42.72790602229203,6656.0,3.0880483929544233,1.0,215.68732215400772
19.325024340897663,2048.0,3.8181772264906932,1.0,37.14852624408613
37.423075824430754,6656.0,4.168083342136248,1.0,195.30516436309114
48.833047883729826,6656.0,3.784040256319829,1.0,232.1722156150321
16.553401798597825,2048.0,3.4032951401386953,1.0,32.62771873254839
15.560720864176488,2048.0,2.1165249552189103,1.0,30.340978188143545
35.569568269807164,6656.0,3.2755931917960357,1.0,185.54965735561078
49.094372703232146,6656.0,3.6703582067524696,1.0,241.68743248414518
45.67483572209402,6144.0,3.9008799270952697,1.0,208.60061026391114
36.46448005551878,4096.0,4.570477185321802,1.0,111.61213260210117
17.615368748638733,2048.0,4.6215939422131225,1.0,34.786306180619476
18.046089658347523,2048.0,3.6853829645508647,1.0,34.7422991107728
37.89094837219922,4096.0,4.474911038321867,1.0,114.15862957891655
38.050710378043775,6656.0,4.362328160879984,1.0,200.58175560175937
45.10828819669096,6656.0,3.3423833971410817,1.0,228.7078080813864
17.677282770842595,2048.0,3.9870418991693715,1.0,34.17210864610162
38.27422984138944,4096.0,3.7346519844853234,1.0,115.73539034221109
17.20437339690846,2048.0,2.9109373030484313,1.0,33.08414092829186
18.30197772362177,2048.0,4.808476603303713,1.0,36.03467102446879
18.42363525550505,2048.0,4.734867766499004,1.0,35.97945508383479
17.57091518785227,2048.0,4.760205643320152,1.0,34.68294452734976
15.832072918714593,2048.0,3.9005046105762355,1.0,31.174314704550593
38.28991759411693,4096.0,4.080980991888901,1.0,114.30049340628898
16.0898558316003,2048.0,2.792480404917418,1.0,31.308752530287123
36.09563305232508,6656.0,3.8495481454218092,1.0,187.9841342261954
38.905735202729055,6656.0,4.516219945603835,1.0,205.0706364679898
47.74133943724504,6656.0,4.151666366395258,1.0,234.68360764308937
36.69468587599606,4096.0,4.06975945090373,1.0,110.2504796649904
38.411917425827866,4096.0,3.679853595049278,1.0,113.4325129006552
37.421824534616995,4096.0,3.585382906794394,1.0,110.93929663203087
15.071992049763205,2048.0,3.4567079633786206,1.0,29.68805084409775
47.61703010282089,6144.0,3.5571228348842263,1.0,213.94273078044193
38.736275900527886,4096.0,3.624232279522087,1.0,116.75087017756542
46.29906302441015,6656.0,2.996680512821428,1.0,227.30201845260885
17.498466865388668,2048.0,5.096216035355179,1.0,34.65238135062202
16.561194148707692,2048.0,4.205920492582462,1.0,32.93194012411935
18.438043248049357,2048.0,3.3943000452244543,1.0,35.46392686492479
38.907891264011454,4096.0,4.625665224457278,1.0,117.24764633594489
16.192255162829774,2048.0,3.7710298190673757,1.0,32.03673324946711
17.571407790648657,2048.0,3.9246165176167445,1.0,34.12839243791577
37.81765517307559,6656.0,5.006443468153979,1.0,200.84515503832628
16.042325406676625,2048.0,3.271002485752989,1.0,31.285235039659707
37.105965345272104,4096.0,3.311481637048203,1.0,112.6084511601406
15.684549433773038,2048.0,3.918309699129042,1.0,30.99492361137446
39.17407524334356,4096.0,4.315389412658846,1.0,118.1068781954821
36.571869346777405,4096.0,3.5515085553133168,1.0,109.44024169117895
40.056077285583704,4096.0,4.278497743323794,1.0,121.60409043949977
38.20840340274445,4096.0,3.443709967387974,1.0,111.58387068659363
43.328775449365516,6656.0,3.3738600357536104,1.0,221.03962167679194
37.01274228727233,6656.0,3.711010430602978,1.0,193.90947367856324
37.8595027407674,4096.0,4.076353757497157,1.0,117.16668989071428
36.80302449667361,6656.0,4.014615437455474,1.0,196.09498525995974
38.13442594434456,4096.0,3.5857929976007394,1.0,114.06852604235233
17.645079076284624,2048.0,3.147808812736595,1.0,33.4381283358012
37.587378726128016,4096.0,3.3370193413230123,1.0,113.20672833898774
35.8809818391042,4096.0,2.969483129896373,1.0,108.95625423966398
19.482970771721888,2048.0,4.677224382412715,1.0,37.692218410295055
38.48490014233735,6656.0,4.326189359925206,1.0,201.31195715375316
38.568205880176244,6656.0,3.6672427216936536,1.0,200.2893115266683
17.787500421721692,2048.0,3.242737092159893,1.0,34.21720460033755
36.928007889492314,4096.0,2.953163236576641,1.0,110.60442779911679
38.02658931302136,4096.0,3.414339561074774,1.0,113.38467766677817
36.3036143339216,4096.0,3.96879560494909,1.0,108.41857670306386
36.064714852908565,4096.0,3.374192437127739,1.0,108.6128092538728
16.480109677124666,2048.0,3.548613919820883,1.0,32.37264463876548
48.037444284816694,6656.0,4.335762869593137,1.0,233.99537560629344
37.265919931817294,6656.0,3.665811990655419,1.0,195.91644549775825
37.60640489841981,4096.0,3.880867891636628,1.0,113.6478187945554
36.94192898713316,4096.0,3.7730807403082096,1.0,111.97505107609035
38.08651060907668,4096.0,4.342628346952664,1.0,114.33493786291706
16.59462646744405,2048.0,3.2414564431838793,1.0,32.26311870025275
14.904048965973201,2048.0,3.6004444511584195,1.0,29.37312391602927
39.31096542554674,4096.0,4.594115992076701,1.0,119.23333557471943
18.949696704595723,2048.0,3.744506360226197,1.0,36.18954751281879
37.66028705875455,4096.0,3.162197049742775,1.0,112.19988545695274
50.24541168747945,6656.0,3.5902954283463373,1.0,240.95333362163188
45.81878743566913,6656.0,3.465615538805166,1.0,225.54949144555823
38.39252730217875,6656.0,3.7452132293530425,1.0,199.2218930967956
44.46325241016962,6656.0,2.041906412144568,1.0,218.42558208012633
46.68136401429749,6144.0,3.4464571571282088,1.0,209.71481284730123
38.25287162818246,4096.0,3.3803257870810057,1.0,115.1298505891246
44.80240782760156,6656.0,3.936705311518088,1.0,224.6815893857362
38.52211334509685,4096.0,3.81292903454722,1.0,114.64252117903223
47.39343055048018,6144.0,3.375446628068922,1.0,215.17747079963027
36.569145827976904,4096.0,2.746011901929271,1.0,105.79156081125726
49.77329008524455,6656.0,3.328777816979801,1.0,235.95990644515513
45.40724153612001,6656.0,3.1829679454881896,1.0,220.13230527616054
18.115298218763435,2048.0,3.975705236054638,1.0,34.77865988803705
49.08761356050419,6656.0,4.276868759039095,1.0,236.48253266609973
17.98996062590621,2048.0,4.4653589332399815,1.0,35.24051281403096
15.509425833939764,2048.0,3.8745004454003893,1.0,31.028060441899182
38.412880258768894,4096.0,3.853878688465887,1.0,115.9059198738442
37.73691386780753,4096.0,4.317146780402185,1.0,113.18725288820342
38.45123216201546,4096.0,4.036143290684159,1.0,114.49699435955165
39.524161168156766,4096.0,4.285777623121236,1.0,119.05147768800545
49.36009011429567,6656.0,4.012829259775558,1.0,239.06343878879596
45.77718437287917,6656.0,4.587569740325668,1.0,232.128722709219
38.2995476383699,4096.0,4.551620333048651,1.0,117.39435061231964
37.042400632117484,4096.0,3.0364251614733355,1.0,111.62796443156168
39.24808225398293,4096.0,4.226723830339333,1.0,118.0954016812553
18.38190678396345,2048.0,3.513264355513361,1.0,35.037550364119575
48.617317105797824,6656.0,4.192218545125891,1.0,238.6753599849246
37.41905207725803,4096.0,3.5457764338876783,1.0,113.32302007002718
16.904548750024038,2048.0,4.48311545777283,1.0,33.453288874144796
37.837387324828455,4096.0,4.163458163824594,1.0,114.63700639878203
47.39898710545959,6656.0,5.242388346689443,1.0,243.97804324103365
18.200762412846995,2048.0,3.1591958091909538,1.0,34.71000806430147
36.03699068806164,4096.0,3.1402866175704216,1.0,108.34674066334773
15.2518193211216,2048.0,3.6119418744519933,1.0,30.00175979423645
17.74056835638844,2048.0,3.217756705385535,1.0,33.87460040869287
44.60517322089458,6656.0,3.232770976270201,1.0,226.9684626270565
39.04568118430184,4096.0,3.7221728554291436,1.0,116.23605168832019
35.91124529045388,4096.0,3.802096000062442,1.0,109.20134852978128
37.4792414576873,4096.0,3.501740893853771,1.0,113.39142505070512
38.11459430697978,4096.0,4.563422510962125,1.0,117.71053391134049
15.438252458081731,2048.0,3.4543333497802173,1.0,30.350944210777012
36.95437115751406,4096.0,3.793163748120634,1.0,112.02379392312514
36.54778821885063,6656.0,3.3614063531314224,1.0,196.92528011433458
38.963939433633485,4096.0,4.770326731761678,1.0,119.70681617238151
17.40846974799791,2048.0,4.603849660558005,1.0,34.08519739648837
37.9516604704457,4096.0,3.8476946573090873,1.0,116.3979213446952
15.021593651926807,2048.0,3.0978804600897303,1.0,29.58766690973073
36.6690489433161,4096.0,3.2291461650856403,1.0,110.41955681100428
49.64686461480503,6656.0,3.443057105402601,1.0,235.7293542546229
16.02801275737548,2048.0,3.138011017307762,1.0,31.505479313764255
37.368380267072936,4096.0,3.0902133469213875,1.0,113.6453573139951
17.803648529538414,2048.0,3.3300043501282817,1.0,34.116406577067224
15.854706313783376,2048.0,3.9065612377443544,1.0,31.753781942049574
37.98824029244798,4096.0,4.536538725425255,1.0,115.40727154854507
40.35189690198877,4096.0,4.034186316058215,1.0,122.33363878389625
37.10753368354066,4096.0,2.590045181144114,1.0,110.94730945500919
15.967355209555413,2048.0,3.3906777837561846,1.0,31.290494437048608
39.81201993124741,6656.0,3.988583910237766,1.0,206.65940546837288
45.16838331395018,6656.0,3.6732638158571014,1.0,228.4151894745321
15.405912731091261,2048.0,3.5865786996501483,1.0,30.55913714623381
44.77797558635806,6656.0,3.7672248843857403,1.0,227.65111514104876
36.69660931437281,4096.0,3.3068833734650567,1.0,110.95645037465783
17.23309277510169,2048.0,4.181342691116732,1.0,33.988942883630784
18.408884942281905,2048.0,4.014070937860255,1.0,35.33880373202983
38.431920697242774,4096.0,3.4068075233975055,1.0,113.63148278121864
47.231985698875576,6144.0,3.035716309208919,1.0,213.1965528037174
36.94882754419858,6656.0,3.2335462233832266,1.0,191.9891459629069
36.63229968002437,6656.0,4.05813675172156,1.0,192.5068966647754
16.17184478562071,2048.0,4.428741886279528,1.0,31.954988226332652
39.20424667866003,4096.0,4.182768551582703,1.0,116.5788970799791
16.330613858063195,2048.0,3.452246390230184,1.0,32.24350883618026
16.88542431418178,2048.0,4.031468325571183,1.0,33.37229178452033
37.48327530920048,4096.0,4.513293725020257,1.0,115.25822777023198
17.34457205853477,2048.0,3.871006534099081,1.0,34.2710805104118
37.53313525511976,4096.0,3.6472753027496876,1.0,111.95063548858846
48.36831804131587,6656.0,3.341651198052279,1.0,232.4347550026204
15.61664632625244,2048.0,3.2105298059246694,1.0,30.72071948928596
49.434605989861794,6144.0,3.7968017887468344,1.0,225.44035535447375
48.28703251885356,6656.0,4.238088370113022,1.0,233.60116719109877
41.37827055927051,4096.0,4.740572253596549,1.0,124.82354445950696
45.031692896309494,6656.0,3.0355201912576897,1.0,222.10621628037595
18.478462218028326,2048.0,3.661436356745387,1.0,35.67210432697045
37.3796050759568,4096.0,3.2499444382456826,1.0,111.40486681764736
38.49232486938919,6656.0,3.934643553837398,1.0,198.61567444195552
40.878729001862176,6656.0,3.6421956916994542,1.0,207.15384544963612
37.86736040386826,4096.0,3.3062853370831515,1.0,114.28003582322923
16.683090295874894,2048.0,4.459244265935502,1.0,32.944648484675824
43.816309077792084,6656.0,4.5882852151252855,1.0,229.41598544046207
50.24683754233552,6656.0,3.890288572967187,1.0,241.06976344316152
18.9506181193439,2048.0,4.380751508927884,1.0,36.55872240277497
38.17213389412276,4096.0,5.302586873962456,1.0,115.72103668638366
37.88525155389571,4096.0,4.380238687373633,1.0,116.73999043299682
50.22767275880789,6656.0,4.0942738350626655,1.0,238.53510378944816
44.382450129338466,6656.0,3.2777778790175747,1.0,226.36992048366562
38.5936070588526,4096.0,4.5095626513650515,1.0,116.09232946183302
16.191602092006868,2048.0,3.4988297213236343,1.0,32.01501204893196
15.829547259614372,2048.0,4.164377538436495,1.0,31.255850652138697
37.59240384661945,4096.0,3.936862335957918,1.0,114.26751084612104
46.36721629312025,6656.0,3.9936980969339118,1.0,231.70955758915017
38.28232183545187,4096.0,3.696736464768948,1.0,115.0581220086957
48.06605869113313,6144.0,4.280975849142973,1.0,219.40963342925397
38.13880073872668,6656.0,4.481085619922362,1.0,200.07874094440638
39.07236578860403,4096.0,4.736243846190026,1.0,118.79972237069308
35.80040830035787,4096.0,3.273954379078503,1.0,107.77955567262535
37.739852072030494,4096.0,4.670752194308401,1.0,115.347192601302
38.05485644366653,6656.0,3.939973607487576,1.0,199.31274144531275
16.310603792113596,2048.0,3.9618374082083276,1.0,32.395118521954444
36.581331025852805,4096.0,3.935587186019765,1.0,110.13068614568384
36.39023756685563,4096.0,4.2779191889094905,1.0,109.81851133596315
38.00345379947011,4096.0,4.422270324444935,1.0,114.88494359526689
36.88956436700099,6656.0,3.6811921875218863,1.0,194.4325471025644
38.77167468004894,4096.0,4.949131901890906,1.0,117.86640585655087
37.855147925441884,4096.0,3.4886288952927433,1.0,112.69973818683602
39.660630032549896,4096.0,4.036544916735931,1.0,118.81148292848559
17.02464473991618,2048.0,4.1353900861617845,1.0,33.45443984882081
38.66166356777825,4096.0,4.3488857045089135,1.0,117.09381424911297
47.016897515615725,6656.0,4.1121185972592285,1.0,238.07594695445258
48.92270841797216,6144.0,4.148800700406712,1.0,223.81212837320345
17.5461946035709,2048.0,4.1055076335952245,1.0,34.46828821579517
15.410567626497482,2048.0,2.7247188836711276,1.0,29.606020076121673
18.050965443166703,2048.0,3.125892380720265,1.0,34.35680613990293
37.425680669884244,4096.0,4.0650047291856755,1.0,114.13180838978725
37.6403108766657,4096.0,3.4880248505022453,1.0,113.12509168623797
38.77455193516623,4096.0,2.967219178801693,1.0,115.1949811264557
38.67913286008762,4096.0,3.984205846066443,1.0,114.94938173872825
36.52876743825716,4096.0,3.861965937225393,1.0,111.03373100147945
44.86868458464146,6656.0,4.240546276752215,1.0,231.71438839540082
37.77036626036976,4096.0,4.295334343420991,1.0,114.22073401541476
38.603309683865355,4096.0,2.912089358143894,1.0,114.87933090015413
51.55098924024398,6656.0,4.979175587163312,1.0,258.0915272682457
51.4099522723212,6656.0,4.103741817263106,1.0,245.8067208403834
15.399974276430022,2048.0,3.2309695836945216,1.0,30.45715618503848
38.80702120093807,4096.0,4.101903954556512,1.0,117.10460509812978
37.99329496083502,4096.0,4.279028760447,1.0,114.21300088445628
38.237918655216404,4096.0,4.535656485026361,1.0,116.38365460728582
48.4809044423898,6656.0,3.0367429063929245,1.0,233.42215683951113
38.71221349978424,4096.0,4.153019614600158,1.0,117.1243930864203
43.12199577088156,6656.0,2.846125112938906,1.0,214.99793437465783
18.071792896898927,2048.0,4.406155535903193,1.0,35.16620262283199
46.06356735822236,6656.0,3.5967951441276664,1.0,231.6100017486009
36.533616408212964,4096.0,4.052470849579855,1.0,111.37023844622607
35.1343340113016,6656.0,4.037053051296305,1.0,187.6668064838285
39.20822054707352,4096.0,4.583253899014826,1.0,117.2026526319774
50.47959794212661,6656.0,4.089445088220172,1.0,239.6964979248772
36.69832241798467,4096.0,3.805229317281458,1.0,108.30190726443324
37.25817632118627,4096.0,4.125197145306201,1.0,112.07803847075681
37.90318282627624,4096.0,4.2446726027904464,1.0,117.00428432878306
36.606329652798856,6656.0,3.6891265116688996,1.0,191.74107097373468
39.21684533085604,4096.0,3.4242639283460843,1.0,118.46525469555272
36.59685056154519,6656.0,4.130632598089064,1.0,194.4449297993824
38.38774592681772,4096.0,4.013595828724161,1.0,115.53051693788336
37.031451460041716,4096.0,3.467862115506737,1.0,109.97203981680144
48.969148000637,6144.0,3.696099292712458,1.0,224.64876250054306
48.83113061190666,6144.0,4.5436462024714075,1.0,223.44255716589103
47.69519815644303,6656.0,3.825552547462051,1.0,235.78752948906046
17.491191313616465,2048.0,3.4488526533443085,1.0,33.5498448439758
16.59813722323638,2048.0,3.8334507429210447,1.0,32.98147718550314
18.751799680437678,2048.0,4.591928407824423,1.0,35.88873680225217
36.880146174500005,6656.0,3.3730714084675837,1.0,196.03499225450105
38.515000421040874,4096.0,5.225970896814708,1.0,117.9665644375925
35.7871072860808,6656.0,4.057180923517316,1.0,192.30910986305648
15.478570329373479,2048.0,4.113846272531261,1.0,30.899077007876066
37.214746626568385,4096.0,3.8276206083604913,1.0,112.63552891577817
38.08326344890584,4096.0,4.277979380019691,1.0,114.39394902329855
38.843045301212705,6656.0,4.379837302761849,1.0,202.59264646769492
39.21769388789427,4096.0,4.33687432123991,1.0,118.11910804738739
42.911699892599486,6656.0,3.296530801527617,1.0,219.6998936333541
18.439225393883735,2048.0,3.413694760457862,1.0,35.16056342437663
35.23409554525698,6656.0,3.7001262126244354,1.0,189.10135022372927
37.96354190757109,4096.0,4.7965425951113625,1.0,114.95422407439138
18.817541526206334,2048.0,4.176226569464458,1.0,36.27096226824644
48.01826395985274,6656.0,4.915091810719077,1.0,239.75540002788938
35.91503318918826,4096.0,3.613563201380475,1.0,108.5979308189428
47.820408751202834,6656.0,3.6499327612827726,1.0,228.1069072994717
37.794819376078344,4096.0,3.67117784906345,1.0,115.75613718838821
18.401972844461575,2048.0,3.2763007503724766,1.0,34.91513650038361
37.94220557859512,4096.0,4.795838745827052,1.0,115.94471742792513
37.11104680295221,4096.0,4.677330918050642,1.0,113.30164509207349
38.656324986817,4096.0,4.149386613227531,1.0,115.41620613878686
45.599502610713174,6656.0,3.8572088979943433,1.0,228.77231227141885
16.24131322512893,2048.0,4.236814361133313,1.0,32.1900132853697
38.24143205855805,4096.0,3.1988276582161417,1.0,114.78384816262691
16.374271355730972,2048.0,3.7827684593274955,1.0,32.19982486352703
15.76918092301549,2048.0,4.208843896880434,1.0,31.124712432585667
36.95381489725997,4096.0,3.5772652872615343,1.0,113.08580164335709
14.659448523910013,2048.0,2.813084454627063,1.0,28.975634743218734
36.907014006786326,4096.0,3.982597503959739,1.0,111.13155640026349
17.322008835344214,2048.0,3.213450166432651,1.0,33.25852439655739
35.74757402449483,4096.0,3.1958422310389345,1.0,108.78563985269147
48.44002318304144,6656.0,3.116105152132748,1.0,225.81080470707752
51.68064956570326,6656.0,4.032278807676728,1.0,249.58454632012894
15.922899522115003,2048.0,3.3138623311773037,1.0,31.337075354322945
20.143731572754028,2048.0,4.208820460196797,1.0,38.51343521839038
38.47941713869233,4096.0,3.8893399515478175,1.0,115.83453058131775
45.43243703897042,6656.0,3.4352112739493315,1.0,223.25285328618938
37.66912516983712,4096.0,3.628830112064086,1.0,113.2941854006571
50.317461600949294,6656.0,3.405462662603393,1.0,245.47246025192428
15.60472007137414,2048.0,4.359051733758914,1.0,31.003567482454745
51.63049445702885,6656.0,4.308218738299032,1.0,248.3910335323742
16.106753843731543,2048.0,3.2495433096608455,1.0,31.57751309540511
51.00782610618515,6656.0,3.352735099599938,1.0,242.54716706150023
17.821971998348975,2048.0,4.098586365538337,1.0,34.93427425010853
48.1919374440266,6656.0,4.5348506816432055,1.0,233.83647073964738
19.55258618663828,2048.0,4.332300920699267,1.0,37.5537429753433
36.57961570975923,4096.0,2.935103555909936,1.0,110.851089053592
47.0380584634628,6656.0,3.3489475545369487,1.0,234.5852081910941
48.831655730172955,6656.0,3.4900927647242175,1.0,227.58807871690277
15.244743292636668,2048.0,2.8488101280503666,1.0,30.059248911523422
39.85138496928294,4096.0,4.976013124791678,1.0,121.20844403442739
51.80868623189682,6656.0,3.642690008277694,1.0,246.04905848953698
38.4937161059822,4096.0,3.7430998289490325,1.0,116.21923169261139
19.532021718032524,2048.0,4.213283616771572,1.0,37.397315775675224
17.350651014871353,2048.0,2.8799544337567,1.0,33.3360574316739
37.63716650806574,4096.0,3.723551090847339,1.0,113.68684688516919
35.9431022380695,4096.0,3.4149179678390746,1.0,108.59262919685304
17.10350683490427,2048.0,2.936911489157321,1.0,33.15205144938385
38.33464344724712,4096.0,4.2241432652419775,1.0,114.56335934362147
41.40044001952665,4096.0,4.452854653914262,1.0,125.64656476495516
36.68550843076957,6656.0,2.797839482033602,1.0,187.00939695120368
36.65555736608449,4096.0,4.571469217572639,1.0,111.6485154404476
36.575550390087756,6656.0,2.9691933296960147,1.0,188.6829750220653
37.07786544490792,4096.0,3.252053614672578,1.0,109.87804196130311
16.52480969060151,2048.0,4.467687399968191,1.0,32.484466680451405
34.821816431777236,6656.0,4.030381849950068,1.0,184.41349868347123
36.83064671973693,4096.0,3.2280949728220856,1.0,109.25594633627641
37.942675690073045,4096.0,4.511676457671841,1.0,118.01653080518261
16.755898672660436,2048.0,3.9408030861490126,1.0,33.003110485812165
35.29039385887169,6656.0,3.4008731601003572,1.0,186.8911679953235
38.935445113128495,4096.0,4.815936796265265,1.0,119.23487134656472
19.084912917489415,2048.0,4.443689879580121,1.0,36.76534091887589
38.36396288448882,4096.0,3.0689319105302637,1.0,114.17951057063007
50.64750811893393,6656.0,3.621625947067338,1.0,243.1120286919977
37.74775621370435,4096.0,3.981130437285441,1.0,113.56648735088629
38.67334886974907,4096.0,3.5056961803444486,1.0,114.35245211252578
38.11358272177096,6656.0,3.6124615525880017,1.0,200.223528928627
46.236300609906756,6144.0,3.008459685652262,1.0,209.1997847501429
39.34894023991114,4096.0,3.8218338831196506,1.0,118.15103573830746
36.67113827729611,4096.0,3.49316973756987,1.0,112.50377256132236
39.65061885780368,4096.0,3.390614767377971,1.0,118.94083897446241
45.960029745383885,6656.0,4.109519016065715,1.0,228.1409348500805
17.57473630474064,2048.0,3.9473116436332996,1.0,33.9026912991763
34.958317232016995,4096.0,4.696656442187016,1.0,107.97036012568086
37.87935867479311,4096.0,3.6351262150652257,1.0,113.47921705124944
38.97476765561157,4096.0,3.855612363254203,1.0,117.91598886633463
39.15223737700586,6656.0,4.672420374763339,1.0,208.28799443497624
38.96932403649029,4096.0,4.596049801141191,1.0,118.56702434473046
39.41205255555752,4096.0,4.719277298882863,1.0,118.4419446966464
38.281683106719875,4096.0,3.165370817777542,1.0,114.1627583852094
37.09895328138374,4096.0,3.510861412646604,1.0,111.28811248935276
36.65373886778389,4096.0,4.00389160309515,1.0,108.69935101579944
45.57104544436508,6656.0,4.270080406406869,1.0,229.8499858722766
37.611395189111406,6656.0,4.144513327762629,1.0,198.6664048036074
18.588638160808433,2048.0,3.9265867963442935,1.0,35.713860020791515
52.02572278422216,6656.0,4.055328570981149,1.0,245.02524030532442
37.963671352027426,4096.0,3.727008517960043,1.0,114.80029828335623
38.00973121956158,4096.0,4.420479948442945,1.0,114.99014617203173
38.18627390880358,4096.0,3.7087010636862217,1.0,114.6786028521882
49.73211220271663,6144.0,4.281614343614631,1.0,226.3972915949371
37.62947309309189,4096.0,3.9978814920589643,1.0,112.09366675294574
38.40140088004699,4096.0,5.267937968015059,1.0,116.48558413723248
16.548819580884565,2048.0,4.6071445336183325,1.0,32.646553701675984
16.953497640572476,2048.0,4.166087020284323,1.0,33.26132640161815
37.58571920551197,4096.0,3.1992852908140637,1.0,112.70050127380614
36.36205641080341,4096.0,3.2304529538393227,1.0,108.19452919398427
19.482480679077185,2048.0,3.90695687695857,1.0,37.217310445259855
16.844144752251715,2048.0,4.72652717325557,1.0,33.37358073960678
15.472655821730246,2048.0,3.6974974323929044,1.0,30.467799118760325
40.31438031356162,6656.0,4.36039383441975,1.0,208.17664433634087
36.84313692290246,4096.0,3.0825941718027234,1.0,110.69995379351363
46.98764511236235,6144.0,3.4612168116040314,1.0,214.1117565889987
48.025575818993396,6656.0,3.369307336041333,1.0,236.905756410038
38.80579460467017,4096.0,3.0092122789003417,1.0,117.56273899677132
38.41885295357485,4096.0,4.15435435589239,1.0,115.65006866327809
15.905706537204424,2048.0,2.5536171718368563,1.0,30.96801348315463
40.09693112416486,6656.0,4.658599891902272,1.0,205.6245447949119
46.72088904371901,6144.0,3.9757380818099826,1.0,211.69619766937888
16.18972909003573,2048.0,4.131928386205996,1.0,32.15133611360795
36.128157471296234,4096.0,3.1541910802055018,1.0,108.07860771274147
36.27599570942803,6656.0,3.7351131483364077,1.0,192.65399724188586
16.927709851569666,2048.0,3.8335025764950452,1.0,33.25089004101303
37.801352139785095,4096.0,3.9816488693622634,1.0,114.60051930869147
50.36698180846152,6656.0,3.856448717169487,1.0,244.18974819465458
18.60111570582767,2048.0,3.9922616389089334,1.0,35.838546024099934
39.299473381584846,4096.0,3.7336633093026332,1.0,117.81831250977152
51.39985589029553,6656.0,4.791663982312064,1.0,251.01285877303235
38.322733845600254,4096.0,4.04493189271913,1.0,115.1650220752407
38.32746180518018,4096.0,3.526489727477279,1.0,116.17262391331934
50.199517683784805,6656.0,4.4453453260725615,1.0,242.34208725056283
16.86508142287358,2048.0,4.381094938531794,1.0,33.23290193358369
15.54005363426752,2048.0,3.628500528933027,1.0,30.7769274264216
46.82815611376573,6144.0,3.127819109882221,1.0,209.66139852385993
46.2057410727044,6656.0,4.561263503307581,1.0,231.25665403589673
19.118815962740214,2048.0,3.902059923947171,1.0,36.59741882616739
46.94878831560703,6144.0,4.2023452183168,1.0,214.71830482897883
39.695938575170274,4096.0,4.196252950372313,1.0,119.48001553814416
39.50607774483685,4096.0,4.246004230287319,1.0,121.48069246028535
46.79404523320165,6656.0,3.4500784026577964,1.0,230.20351622385567
36.845658507966,6656.0,4.465958530996146,1.0,189.66598970752423
51.571167676000776,6656.0,4.143011560887391,1.0,243.05280805229498
38.25142707629901,4096.0,5.030796148885866,1.0,116.98697746010706
50.45793387732778,6656.0,2.676839886477231,1.0,240.3022172176962
36.887412976647546,4096.0,3.001166302815147,1.0,110.48258321506852
37.74551451184034,4096.0,4.407751681181946,1.0,116.74541125747322
45.834014125908666,6656.0,4.180166769469071,1.0,237.58221610911792
46.52681343478308,6656.0,4.941529167569378,1.0,238.7028045385908
49.07225797896318,6656.0,4.396746918388442,1.0,236.1728385769528
18.640187120068603,2048.0,3.3155935024137473,1.0,35.45018351185806
35.952763299525635,4096.0,3.2689032128685565,1.0,108.5673070073819
16.340049264288947,2048.0,4.584779967346455,1.0,32.57425824810724
18.80204701547535,2048.0,4.373132924513442,1.0,36.48523215496632
44.3999532134947,6656.0,4.2385446354845575,1.0,224.5530718465068
36.86674724596684,6656.0,4.333016436311502,1.0,193.3150127201429
35.62449116055771,4096.0,3.233801831509701,1.0,108.51097694382028
36.80403611779861,4096.0,3.4554501915492395,1.0,110.70397042621124
16.369215305980727,2048.0,3.687085675667923,1.0,32.32710224375796
36.496990077141106,6656.0,3.300060513422898,1.0,192.04088315041463
43.880308880023435,6656.0,3.0457827579481513,1.0,221.22123119751598
37.009397905304695,4096.0,3.78954587427489,1.0,109.33822924714809
