1.8106610774993896,10.021298524942337,0.4736542502751154,2
2.147189140319824,10.018823232819402,0.5443684974657031,2
1.7735180854797363,10.029815878723216,0.49227548862647363,2
10.281002044677734,30.07556218237999,1.368011248508573,6
8.925055980682373,30.086481641814245,1.451592952133876,6
7.979218006134033,20.06566010082972,1.052418389881526,4
10.103475093841553,30.07344655385018,1.3871058466492225,6
9.050526142120361,25.082206155066665,1.2488520301052584,5
7.6553261280059814,20.04238867648753,0.9583594747897162,4
2.0469861030578613,10.03074877603554,0.5631979150374671,2
9.826240062713623,30.08383368036508,1.3989052228345085,6
1.956725835800171,10.042873943726175,0.558104906519546,2
8.342995882034302,20.024735447415367,1.047703224132216,4
8.46203899383545,20.082842608075662,0.8944726954261157,4
10.144653081893921,30.080464810306676,1.430926037987555,6
7.6055872440338135,20.067738230445006,0.9820273435009041,4
10.311280012130737,30.069722419953003,1.554940274923995,6
8.224608182907104,20.072669244342563,0.9401268124125286,4
8.118730545043945,20.06780536728177,0.9351882834857126,4
9.278587818145752,30.103581698818648,1.4068047206722079,6
8.223491907119751,20.070227959533824,0.9004605178201321,4
9.88082218170166,30.080480002114815,1.3582348032612805,6
9.43288803100586,30.08746507766207,1.4236490299694635,6
7.601378917694092,20.067786566854373,0.913811738216177,4
9.991772890090942,30.07730652690037,1.5898036100029587,6
8.24220895767212,20.08386136318249,1.023095025218769,4
9.567547798156738,25.059730956192766,1.157410489640323,5
7.4837260246276855,20.052510955595174,0.8848467250542751,4
9.262566089630127,30.047838645989035,1.4108726983489204,6
2.7797629833221436,10.040310402537116,0.48503185639802143,2
8.099683046340942,20.028384687188506,0.9077035638738287,4
7.72976016998291,20.06529499358916,0.9991609585711081,4
2.7526979446411133,9.999134028023203,0.615141390098455,2
2.2565338611602783,10.018660441115117,0.5304703359482699,2
9.033252239227295,30.066020411281958,1.422593777429443,6
10.644230842590332,30.10307372777611,1.455326663615972,6
8.338333129882812,20.062751460118342,0.9344175931711338,4
9.235216856002808,30.09019040928498,1.4040969651820432,6
9.866816997528076,30.09127100490494,1.4766052589330416,6
8.692903995513916,30.10100119565744,1.4010768264214428,6
10.360044240951538,30.09489300000499,1.4575171208788649,6
9.696656942367554,30.093116331071325,1.5082714330552198,6
2.944563388824463,10.018452509942243,0.5173403989073322,2
8.35938811302185,20.0959262701163,1.019096718704415,4
8.010741233825684,20.03302147832127,0.8954763860540991,4
9.574635982513428,30.098071023181397,1.3956595507782925,6
8.379539251327515,20.091730887160573,0.9442886054167277,4
10.378702640533447,30.09156198727334,1.5233362041590148,6
2.2510881423950195,10.062549364715059,0.44275436178752203,2
7.87981390953064,20.058165626421854,0.9081700201671741,4
2.703584909439087,10.018100112298232,0.5932480545398227,2
2.366590976715088,10.04581205497922,0.4645768137864896,2
9.67143702507019,30.091118639870466,1.389996197584401,6
7.734210014343262,20.03135312639607,1.0276421234515918,4
7.262228012084961,20.017580603892018,0.8709284622193448,4
7.767273902893066,20.034437209895437,0.9703396850507862,4
7.814457178115845,20.02792996254881,1.0108680133103367,4
9.721687078475952,30.12743443321593,1.4777921671677359,6
8.141200304031372,20.057303531933506,0.9916870198409735,4
10.694532871246338,30.093774597251866,1.370459156469147,6
7.66191291809082,20.050143708304176,0.9191097799981036,4
2.2245731353759766,10.030438345041173,0.5228900236688613,2
8.21948504447937,20.087062431168903,1.0216652292632284,4
7.649287939071655,20.07391303351342,0.9814450860035124,4
8.332777976989746,20.07418596816099,0.9905773704901807,4
7.564001083374023,20.069825280430557,0.9424744107388587,4
9.551283836364746,30.076586086899116,1.5069100187654452,6
1.895826816558838,10.008913175203375,0.4969760781210779,2
8.10910415649414,20.05362757830147,0.8749563186130347,4
8.678387880325317,30.088805897869303,1.3698588762947121,6
7.94806694984436,20.079592452351946,0.9626592010376636,4
2.3180348873138428,10.066158209265334,0.5247520599948142,2
9.585168838500977,30.057005855310074,1.3570071711589082,6
9.540693998336792,30.119289973731213,1.4693272881697905,6
1.9044978618621826,10.054678862564348,0.5405323662218939,2
9.551695108413696,30.089676181104515,1.3968979585168886,6
2.249074935913086,10.065648674034595,0.48105751925052864,2
2.553966760635376,10.037122737799091,0.54984300471888,2
1.907128095626831,10.020848836639164,0.48834310257714625,2
7.816437721252441,20.06696952342703,0.9570661150002104,4
9.659862995147705,30.124183950590933,1.419175233900801,6
8.682499170303345,20.057705139166817,1.0702540456039846,4
2.071497917175293,10.042633742400259,0.54697481994419,2
10.294711828231812,30.10301680256788,1.4514455975979894,6
7.52985692024231,20.075007514264026,0.919269848701836,4
9.237241983413696,30.08163074539455,1.5287928553548087,6
2.123486042022705,10.067958512990053,0.5352643773024415,2
8.012616872787476,20.072485463703977,0.9693081771970153,4
1.8433730602264404,10.02779889177436,0.4782239290547007,2
9.750739812850952,30.085706889887884,1.4762722987303116,6
9.495562076568604,30.100457197310483,1.4671871859609809,6
2.3580820560455322,10.033571726125128,0.4860645599133404,2
1.9030060768127441,10.052675685771044,0.4967498218260641,2
8.264787912368774,20.03927920466813,0.9879927408350151,4
2.856146812438965,10.035323350992375,0.5803546035432188,2
2.5762269496917725,10.047518256089793,0.6234612461773943,2
1.8568651676177979,10.042545560235144,0.49676428647034654,2
8.528738975524902,20.074503537877344,0.9204018779233876,4
7.941715955734253,20.053322183462093,1.0023729337494294,4
1.6908888816833496,10.022040156929094,0.5472958278376339,2
7.913873195648193,20.060714557189698,1.0093801708721155,4
2.4757518768310547,10.01202579724847,0.5616037885689219,2
8.506529092788696,20.071736473383112,0.9749300658135347,4
2.3497507572174072,10.03131580130389,0.48376572574199317,2
9.818234205245972,30.08611219225849,1.455199586125058,6
9.526538848876953,25.08243248332806,1.1780997936293065,5
9.281490087509155,25.098403417514756,1.3045742018200646,5
10.802711725234985,30.10919967092192,1.45866310233107,6
8.516970157623291,20.050837249293874,1.0867649573740716,4
7.5206298828125,20.088139744291727,0.9756690928301965,4
7.882339000701904,20.02382653384953,1.0028191349655768,4
8.130381107330322,20.077784900393425,0.9847701254986527,4
1.7820851802825928,10.05185653185899,0.5718596858763831,2
1.9433300495147705,10.000931422735109,0.48568382738328836,2
8.449357986450195,30.078513962246436,1.5348877992831238,6
7.867017030715942,20.082728670203224,0.9296281014806513,4
2.0173959732055664,10.036192071795131,0.4835469965363226,2
10.01095986366272,30.098987455279726,1.5247080861055342,6
2.509857177734375,10.050316041679327,0.4337314146321708,2
7.668884038925171,20.073897897636925,0.9545948403675915,4
2.367814064025879,10.035048119563095,0.507068614186709,2
9.69014596939087,30.114407467706584,1.4599826153001862,6
9.684617042541504,30.0841280079856,1.4565395771797482,6
9.281173944473267,25.07368827223087,1.1608286456552626,5
8.004788160324097,20.057581823843933,1.0881663193951445,4
2.044811964035034,10.033009516377723,0.6004122070841217,2
8.020387649536133,20.07166102218757,1.0948003946021385,4
8.153717041015625,20.05696194864999,0.9901894356638432,4
7.95647406578064,20.051199283113057,1.0399617601297884,4
8.743820190429688,30.079582211671546,1.437645334766531,6
9.26175594329834,30.08750736463564,1.3293845509210112,6
8.363505125045776,20.039522289175682,1.0203269097589567,4
8.106021881103516,20.059409953696257,1.0930495256694512,4
2.400151252746582,10.038103293834038,0.5805429814183654,2
10.033854007720947,30.079197153735173,1.4518653108205812,6
10.467985153198242,30.09483356115611,1.4551400691147816,6
7.939281940460205,20.046749039581844,0.9541004794450644,4
8.13295316696167,20.08553783379918,0.97729825399625,4
2.3590731620788574,10.036949555943579,0.5957741268732323,2
8.265853881835938,20.024783885279604,1.0490861844337858,4
10.243314027786255,30.068816872387757,1.4244910744390915,6
9.47383999824524,30.067532986311125,1.4357553468064386,6
8.992129802703857,30.120122066510525,1.3400599466043168,6
9.361327886581421,30.113198909536607,1.5025695067163196,6
9.735912799835205,30.124343614353045,1.492706223739627,6
9.112690925598145,25.052190331131015,1.166005192841981,5
8.245508909225464,20.0338777526107,0.9709928660862285,4
9.639990091323853,25.08635620854379,1.2515939842607902,5
7.915918827056885,20.050259775052314,0.9941576342955496,4
9.063645124435425,25.053667618074996,1.180913772413773,5
1.8187570571899414,10.045510891618456,0.5651784500374899,2
9.988155126571655,30.090270387537416,1.4222007815528863,6
1.8565881252288818,10.061771418159944,0.5258808262937801,2
10.486222743988037,30.08305450745911,1.4685760550624327,6
9.712899923324585,30.0758865242748,1.403671112703061,6
8.022915124893188,20.04737873638961,1.0177664516108265,4
2.7163069248199463,10.053397910376765,0.6304466081668864,2
9.529427289962769,30.09312840147837,1.3879814236660408,6
9.685582160949707,30.081988219691596,1.324516503819291,6
8.191216230392456,20.029031637369346,1.0005223108842038,4
9.476538181304932,25.077237329143376,1.1083287879934545,5
9.903144121170044,30.116466189604626,1.4396913172266617,6
9.842966079711914,30.082763925222945,1.4536844943025895,6
8.532078981399536,20.068325348797018,0.9302791202796412,4
2.587944269180298,10.037771299293222,0.44558607359011493,2
7.81851601600647,20.03671322123429,0.9500624569804296,4
8.00943112373352,20.049198202562884,0.9954149536519248,4
8.072940111160278,20.066082487003264,0.9920287675608452,4
9.2616708278656,30.097521950556256,1.515426999288832,6
8.097340106964111,20.056938615717858,1.0332642742520033,4
2.39094877243042,10.053621102171688,0.5526298988136074,2
9.793458938598633,30.100718359372,1.4187220655417327,6
2.045729875564575,10.060102400667294,0.4905845006005667,2
8.55964207649231,20.081732441799804,1.0313400069326124,4
9.810673236846924,30.106203158657493,1.4351994774808752,6
9.577359914779663,30.10522425212895,1.4057876645101053,6
9.67776894569397,30.107712864122597,1.437442785663031,6
9.386779069900513,30.110187853176825,1.4441068610556949,6
2.6647727489471436,10.050922804276333,0.47418331138497105,2
8.453960180282593,20.018734106258773,1.0225653003972983,4
2.0409998893737793,10.021849419892582,0.5493795235086241,2
2.277614116668701,10.037112260217569,0.5551770996550909,2
8.43307113647461,20.07838376777702,0.9879411743928611,4
7.466203927993774,20.058259774297678,0.9236104117228904,4
8.896294832229614,25.060687005790065,1.1752633681285256,5
1.9247829914093018,10.008757927571109,0.4983190568194669,2
9.114986896514893,30.099909838427386,1.4388757070523968,6
10.246674060821533,30.11487376740428,1.5062126473433015,6
9.671142101287842,30.08449166120026,1.4002720393857997,6
8.208497047424316,20.06563985078761,0.9437556663659191,4
2.377748966217041,10.02433084394589,0.556055153791284,2
8.487588882446289,20.067982789582217,0.9453049119190081,4
9.502843856811523,30.077811996712455,1.482486821972738,6
2.0698859691619873,10.033158473932325,0.5663489748149767,2
8.458669900894165,20.062639841537205,0.8930947742775173,4
1.9203708171844482,10.001427113568887,0.4286673674920819,2
9.886051177978516,30.11814367860614,1.4226290658436378,6
2.735236167907715,10.047560789966731,0.46078641690231215,2
9.108893871307373,25.08828348475652,1.1619720746881637,5
2.650764226913452,10.018593728767044,0.5784274699221228,2
7.812577962875366,20.078099932291735,0.9391755115726745,4
1.8992187976837158,10.055046556701722,0.5189249238599858,2
9.152549982070923,25.05592726600571,1.2428621955461299,5
10.188974142074585,30.10674671431083,1.4088056817719221,6
2.0326714515686035,10.020084574714264,0.512340559283228,2
2.179658889770508,10.038149959686418,0.45282624854897147,2
2.815058946609497,10.019257013926893,0.547838800838296,2
8.17274785041809,20.041929980656334,0.977067601451309,4
8.856840133666992,25.049884419007064,1.3646215629760805,5
8.255004167556763,20.03675108354073,0.9405866178686454,4
9.58397388458252,30.061834847112433,1.4292175011895714,6
7.842894077301025,20.048124163893174,0.9667924776224054,4
9.895556688308716,30.092793073321495,1.4778754195798136,6
9.640229940414429,30.089793325448465,1.4561789384678951,6
2.0449039936065674,10.04811472466541,0.4013676155028355,2
9.065586805343628,25.08111428866875,1.2381915859829467,5
9.185842990875244,30.072339260858758,1.4756843881469774,6
2.503709077835083,10.033726427185847,0.5380677974181213,2
2.049474000930786,10.01809186275723,0.4245729929120321,2
7.798540830612183,20.073642205538917,0.9770524761152304,4
8.460530042648315,20.081240894466756,0.9960153759486419,4
8.238453149795532,20.038737410776907,0.9645361906932498,4
2.884550094604492,10.026783156279008,0.5054412161574966,2
9.066796779632568,30.072395926185195,1.2835210135745454,6
7.873313665390015,20.066781182488658,0.9157104614192791,4
9.8040030002594,30.087581058715397,1.388890042057425,6
8.626596212387085,20.056097862913592,1.0376420368784554,4
8.889594793319702,30.090397621479767,1.3933966768650075,6
2.1594879627227783,10.022428615941212,0.5858245339097159,2
8.191093921661377,20.065060723754364,0.948875923073117,4
8.29069209098816,20.019221616819742,1.0486958735661491,4
7.50222635269165,20.029944742571573,0.9135623300656269,4
9.683359861373901,30.07659051570089,1.4178995666279584,6
9.465759038925171,25.08469858093713,1.1499939994645858,5
2.5527870655059814,10.041117852679228,0.5294745755527889,2
9.405972003936768,30.082275563788606,1.4021312184388315,6
8.910448789596558,20.08516740529151,0.9821067614071687,4
8.38045883178711,20.04665417414639,0.9121784792145711,4
10.04163932800293,30.127961773405072,1.4780568265541751,6
7.884737014770508,20.059251149592075,1.023750046390421,4
9.3282949924469,30.08833305596523,1.4132622355715532,6
8.737704038619995,20.049302936886384,0.8977677952084853,4
1.9920949935913086,10.046774767158558,0.4364970683145341,2
9.715106010437012,25.120637502852578,1.3250143583847305,5
1.8947551250457764,9.994792771287079,0.4300338541639568,2
10.520236015319824,30.112540061173487,1.453865785211001,6
1.67048978805542,10.041370119636314,0.47556110142631747,2
2.0726871490478516,10.013675956937508,0.4996014283479582,2
9.263400793075562,25.073256287957022,1.1122153266407644,5
7.839314222335815,20.070600822446924,0.9787579846044926,4
8.113187074661255,20.058132418472034,0.9172023136988632,4
7.97295618057251,20.060992613719247,1.0427277344253811,4
3.0847549438476562,10.06803225878823,0.5325677098414712,2
9.884899139404297,30.082768870035054,1.4292660648255116,6
8.230723142623901,20.08923861697464,1.0992083460857294,4
7.778987884521484,20.058502715509672,0.9057542117673469,4
1.864511251449585,10.023952173870388,0.5262804451566694,2
7.908597946166992,20.062608211996043,0.9004853865479858,4
1.9594440460205078,10.029471221236758,0.48523168438946807,2
8.432273149490356,20.064610851765558,0.9901534039476492,4
8.091578245162964,20.06701573728168,1.0359510120726017,4
2.2361810207366943,10.055126821125157,0.5394820823067116,2
8.70596194267273,20.033502258001405,0.8805814193097234,4
2.3948862552642822,10.034416189069198,0.4844742361156941,2
9.356369256973267,30.127178694264018,1.4087675927113668,6
1.986525058746338,10.036876102381875,0.5204761317567055,2
7.813205003738403,20.083516118609328,0.8966477483442398,4
1.8828508853912354,10.034453558555679,0.4948149903419776,2
7.491039037704468,20.042660140720507,0.90728000708952,4
2.4499130249023438,10.019548416229522,0.5874597608015294,2
9.605415105819702,25.116883958469344,1.253149974436776,5
8.019503116607666,20.089423931588268,0.9534142598458538,4
8.050380945205688,20.080559932670134,1.043961294405983,4
9.757705926895142,30.062727522240586,1.3974098409882716,6
9.354094982147217,30.05600145411023,1.3881539204052145,6
10.046818971633911,30.07636725503854,1.3823853849814083,6
7.751385927200317,20.039823602399785,0.9292255902653616,4
2.0459110736846924,10.016748121750359,0.5600265770924628,2
2.5829977989196777,10.035264339869261,0.5368068664267607,2
8.226435661315918,20.084476439136175,0.987817512864372,4
2.55820894241333,10.024949596774718,0.5095451188359184,2
1.5529727935791016,10.050250291493722,0.501075767408093,2
9.524440050125122,25.065770463822606,1.1311641719412266,5
8.538440942764282,20.10211918209788,1.0396021371635253,4
7.959605932235718,20.050335487683824,0.9090572902836475,4
9.890598058700562,30.081384145006954,1.3935945707081931,6
9.644351243972778,30.103864467173942,1.4687232199603506,6
2.334904193878174,10.067694864989218,0.5051283980459456,2
7.900820970535278,20.05055367460468,0.930325809120125,4
2.234814405441284,10.043739697454114,0.5273144232042148,2
2.187211036682129,10.045485929400357,0.49377129548456256,2
9.359453201293945,30.092489251997506,1.4311585205457111,6
9.014277935028076,25.108637522000105,1.1486196076141788,5
9.504339933395386,25.11498201047854,1.1776261660555725,5
10.089612007141113,30.101319607860315,1.5398322699924938,6
1.9394559860229492,10.0316612014317,0.5351503020181236,2
8.009012937545776,20.08857660079278,0.9584424757286742,4
2.2060160636901855,10.041189784520197,0.4720878610279906,2
10.319326877593994,30.089964408271584,1.4567253082240228,6
2.8290700912475586,10.051679595174239,0.4877457858031247,2
8.655223846435547,20.058706292626184,0.8396823155533026,4
7.950247287750244,20.05188641070053,1.020164155702077,4
9.64135456085205,30.08194569704781,1.4688406822545879,6
7.943418979644775,20.034862284568867,1.0467556936594087,4
8.150949954986572,20.04902891293131,0.9744208406094833,4
8.1004478931427,20.051878563019265,0.8623612814315531,4
8.095654010772705,20.04417896555994,0.9682731526204366,4
8.153414249420166,20.05619553012318,0.9045217227998915,4
8.504443883895874,30.098869141026956,1.514193650475817,6
2.330641984939575,10.01800119875044,0.5756227459711614,2
9.86033010482788,30.086487948320645,1.4168789009535991,6
9.835940837860107,30.089877812105122,1.4157926782648982,6
8.434037923812866,20.074157038649712,1.1189752301291964,4
9.748472213745117,25.10111228634094,1.3031801539851502,5
2.6249682903289795,10.041942335819305,0.5019687344223728,2
7.940108060836792,20.054098610296133,0.9736965552724076,4
2.025944232940674,10.027363972643913,0.5055939888730062,2
7.486665964126587,20.068703074546782,0.961803325687251,4
7.693471908569336,20.028801992398208,0.9105712543508672,4
9.553595066070557,30.069934659880282,1.495806170254388,6
8.07147216796875,20.025181824433574,0.9624733348676151,4
8.391471862792969,20.049848390785467,1.029917290025018,4
8.215684175491333,20.07798668610348,1.0518326206783848,4
9.383961200714111,30.129643446354073,1.4668560162069655,6
2.4596469402313232,10.056116529045187,0.5788488301290787,2
2.1370670795440674,10.04404083385683,0.533246200117079,2
8.260464906692505,30.10264772237163,1.3360292328346626,6
2.4142370223999023,10.014365242737362,0.5627578954654399,2
1.7354590892791748,10.031487600313246,0.47682047250046544,2
8.148910284042358,20.067295942241824,0.9912464690256452,4
2.107499837875366,10.037231609307252,0.4916835557058012,2
2.3532748222351074,10.017170870100054,0.4422021159553965,2
9.012532949447632,25.04427454684492,1.239332137846289,5
9.132007122039795,25.09507078174871,1.241980597360881,5
9.703834056854248,30.10478315288897,1.3662021768967518,6
2.4647600650787354,10.02719712416248,0.4484138134616181,2
8.976300954818726,25.072770580513698,1.2964331459313996,5
1.9640638828277588,10.035891954732818,0.509595857555345,2
8.006012201309204,20.08442533590556,0.8695881454924338,4
8.727507829666138,30.107115612240673,1.332307602725039,6
10.274927854537964,30.083926697273984,1.4583380015570506,6
9.933859825134277,30.099132743488553,1.4161676554892773,6
7.708494186401367,20.08186400307252,0.9114134820930575,4
2.5299570560455322,10.065340034741839,0.4939117756750335,2
1.9307668209075928,10.02241442605412,0.4472967443631114,2
10.661298990249634,30.095397328803337,1.4056465208726328,6
2.381538152694702,10.054878846647163,0.5048710447642991,2
8.619494199752808,20.053678223205065,1.0718391657592632,4
10.113990306854248,30.05070735666946,1.3033729365821565,6
2.1024041175842285,10.027369095340681,0.500168738882483,2
2.063575029373169,10.032207476112605,0.45839611305328165,2
10.38716197013855,30.103889011178293,1.4692519782172293,6
8.673094272613525,30.10172373775809,1.3467591762296087,6
8.045135021209717,20.049536371082507,0.9243700872192557,4
2.271328926086426,10.036170235572495,0.3733320666130973,2
8.096971035003662,20.047366586160923,0.9078164388315684,4
8.077987670898438,20.03578446615822,0.9788012692755013,4
7.890786170959473,20.07360336437144,0.9666181290413651,4
9.160660028457642,30.084370178427037,1.4655520747285047,6
8.295548915863037,20.04964872897257,0.9295276310112364,4
8.235888004302979,20.059205030354104,1.117609737405938,4
9.580801725387573,30.09486758208986,1.4131088499320292,6
10.014023065567017,30.112830910721243,1.4692409434367917,6
8.284552335739136,20.059888928934516,0.9598016211052599,4
8.190773010253906,20.06545287447907,0.9156617635604237,4
9.356344938278198,30.10357834337386,1.4853536514153962,6
9.15839409828186,30.043077038728946,1.434946193361315,6
9.36425232887268,30.086105890819894,1.4134586759786358,6
8.345025062561035,20.0454986554689,0.9560935286101223,4
2.6485378742218018,10.043598076995018,0.593110828703045,2
8.15442419052124,20.057008903592177,0.9634411215362823,4
10.011831998825073,30.11864325029682,1.4017047625898122,6
9.157519102096558,30.094509015303082,1.4625184440257049,6
7.503546953201294,20.04351067516165,0.9116610506268682,4
2.1797659397125244,10.010822516634665,0.5890554788837665,2
2.9540529251098633,10.066611097561625,0.5028783950173156,2
2.6442229747772217,10.005629638886067,0.5257913032488619,2
2.9467880725860596,10.026544466783486,0.5136664402254605,2
8.296092748641968,20.066558549321915,0.9451875235275136,4
7.802170038223267,20.092527288611677,0.9524869446053235,4
9.44624400138855,25.056480453573627,1.1017632727525708,5
8.877755165100098,25.075455189561325,1.1917500781265429,5
9.593747854232788,30.1096491976886,1.397019148175345,6
2.409574031829834,10.04316410515877,0.4270700633151073,2
10.052083015441895,30.114055727982088,1.3875568918689893,6
8.436086893081665,20.04951962630029,0.9287946621001437,4
9.90585708618164,30.08628222224254,1.4985726149308272,6
8.874845027923584,25.073681568511823,1.1906494860079009,5
2.9374570846557617,10.028865858472308,0.6235069328655631,2
2.24114727973938,10.011397412367707,0.5191277532876112,2
7.933765888214111,20.092825729840655,1.032882885697996,4
8.359574794769287,20.07209828924354,1.0063674493474453,4
10.636749029159546,30.10242598390485,1.456507078283116,6
9.938725233078003,30.139664449199394,1.3957180530432716,6
8.136476039886475,20.05089645978244,0.9837754415902925,4
9.683634042739868,30.06323306899555,1.4847250423881677,6
9.723550081253052,30.09815517770107,1.5247121292338444,6
2.7571299076080322,10.048095468187464,0.5911260591875314,2
2.2238190174102783,10.044125424996253,0.5259929342507693,2
7.518932819366455,20.05338595658023,0.9844472819072172,4
2.1947121620178223,10.02019522431033,0.5682342467008837,2
7.479089975357056,20.05969709696971,0.8492527491720263,4
2.4269089698791504,10.050584739063673,0.49294088510030787,2
8.220891952514648,20.054656427451516,0.9243735454354777,4
2.941728115081787,9.98786022674454,0.5245972160052825,2
8.986333131790161,30.105374713591754,1.3915450006524142,6
2.4056339263916016,10.035740260497239,0.4311994390368287,2
7.578813076019287,20.058576581876054,0.9466990016905573,4
7.924576044082642,20.067880590459737,1.045155505228252,4
8.369590044021606,20.085036600183336,1.0501776894581871,4
7.545675754547119,20.061812017837532,0.9406914775579254,4
2.5155868530273438,10.04051558064921,0.3861590244995326,2
10.271940231323242,30.068093802150557,1.418685019845316,6
3.0279629230499268,10.058439790702971,0.4992597113435512,2
9.489625692367554,30.101920985128416,1.4567061466411606,6
10.136275053024292,30.057603724474646,1.4134860436415293,6
9.384902000427246,30.095902250526834,1.441643559648307,6
7.919132947921753,20.054948988621597,0.9373822599212168,4
9.966856241226196,30.102595689433116,1.4071742381607175,6
2.961812973022461,10.048714842791398,0.5246336632831333,2
7.869496822357178,20.086673270948094,1.0193066934100259,4
9.23252820968628,30.094581562759835,1.393085785306811,6
7.97712516784668,20.088648509024978,0.9192484328045047,4
8.308286190032959,20.056257948911867,0.9971664416343053,4
2.4545018672943115,10.017964382478688,0.47446037869337665,2
9.416998147964478,25.056296152011093,1.0877823239467408,5
7.338551044464111,20.05938286011147,1.006859418300056,4
8.308793306350708,20.040018388536872,1.000001391250784,4
2.167480230331421,10.012885663462296,0.44477560941173355,2
10.486266851425171,30.12428894731731,1.363578832737502,6
1.9043138027191162,10.051894053908326,0.4362109424944033,2
10.284866094589233,30.05972948987633,1.480344766129071,6
8.421887874603271,20.066741299675456,1.062636131212806,4
1.856675148010254,10.028233091657537,0.5457013284704181,2
8.542687177658081,20.048976879907702,0.9864050198783898,4
2.1393096446990967,10.064460003777311,0.4404751121410569,2
7.602383852005005,20.06364357454103,0.9619854982413605,4
2.397408962249756,10.031159621819834,0.5087850113923722,2
10.069679260253906,30.06554644922252,1.431891919933397,6
7.710586786270142,20.06742819578068,1.027630465903527,4
9.010565042495728,30.077318138389565,1.341095046409431,6
8.824893951416016,20.073917997380217,0.9957972725252557,4
7.679854154586792,20.066339780683837,0.8767291663305297,4
10.37299132347107,30.080702634142817,1.4989093764272432,6
1.9957778453826904,10.034646801135686,0.5213378608958203,2
8.301831007003784,20.06969373816835,1.0282884788608793,4
9.56616497039795,30.087803951090617,1.3784101694522812,6
2.786893844604492,10.01205300995188,0.43306740045393227,2
7.9220380783081055,30.091656437334436,1.3446244667511746,6
8.386338949203491,20.065357717126695,0.9669663463786525,4
8.404419183731079,20.032265652676227,0.9691790262119424,4
8.365469932556152,30.09305957413366,1.3949281687309174,6
8.924947023391724,30.133900089472288,1.4331577822060193,6
2.3494558334350586,10.016278849574816,0.5515519475729691,2
2.106684923171997,10.026697030240257,0.47750089560755105,2
9.42540192604065,30.10482908370876,1.3873508387687696,6
9.978528022766113,30.094919047788814,1.4986482031962174,6
2.372488260269165,10.022767350749273,0.5195879332401312,2
2.5054850578308105,10.032007580645672,0.5026027829679005,2
8.909963846206665,30.10073668802616,1.4257838166016872,6
2.1521029472351074,10.03588176045916,0.5020115812200858,2
8.502863883972168,30.08135624956237,1.2936984436674193,6
1.7605509757995605,10.02596959320967,0.5240925750590296,2
8.382629871368408,20.055259736507427,0.9929911230819615,4
7.6961588859558105,20.06028195363033,0.8610030269962344,4
7.921814918518066,20.07002027052693,0.9832938906703333,4
9.87678074836731,30.12280693332611,1.3913245327049097,6
10.145347833633423,30.092800067157253,1.4822867696236863,6
8.539628028869629,20.070839532442264,1.0183958688838828,4
9.720900774002075,30.139911088318573,1.404591658918115,6
9.622611999511719,30.11039325343534,1.4284086989575744,6
9.641860008239746,30.104751734211764,1.507344177762343,6
2.0944669246673584,10.018325567616419,0.5261715919525451,2
1.9986648559570312,10.011296472574156,0.48590797386765994,2
8.140268802642822,20.057545087728432,0.9120507501833566,4
9.14751672744751,30.086624480746114,1.4103974013779885,6
8.590611219406128,20.051696048390937,0.9635208059069647,4
1.908013105392456,10.047759572196853,0.4582497785488641,2
8.025110006332397,20.04410433830674,0.9928694639299336,4
9.664538860321045,30.051083622020126,1.4634799343575997,6
7.938261032104492,20.08673934741193,0.9506083959503075,4
8.060396671295166,20.073176815478767,1.0123345975823588,4
9.849608898162842,30.11805363037662,1.5732485833351286,6
8.344767093658447,20.08413389108518,0.9215495536417765,4
1.8433210849761963,10.032732015765813,0.4544978177496516,2
8.187201023101807,20.07580380198572,1.0157836422436095,4
9.636409997940063,25.059905530016042,1.2351385309479304,5
9.551450729370117,30.134229220304693,1.4394495448397107,6
8.11648178100586,20.042562743154875,0.9202594318516327,4
9.977162837982178,30.107035587133343,1.3426780948525612,6
2.2291419506073,10.037740859468283,0.47163169892036416,2
2.5690360069274902,10.00652950280453,0.47142918139061485,2
8.167927980422974,20.061281489435924,0.9628277397185585,4
9.883777856826782,30.106432132855637,1.4012876854681258,6
2.305874824523926,10.046230502053358,0.5861591594364043,2
9.53458285331726,30.100037563242672,1.4076086078720675,6
9.07378602027893,30.06737046252713,1.3432126075157607,6
2.3094091415405273,10.011509036845997,0.5324724125390682,2
2.3527297973632812,10.032188486671929,0.4817788514897716,2
8.641266822814941,30.11433024710621,1.3466415127057216,6
10.210301160812378,30.109897940978538,1.266674633895284,6
8.437605857849121,20.037085871223336,0.9534828202890087,4
1.557675838470459,10.033202568789012,0.4675340976478922,2
7.777618169784546,20.06381665667295,1.004206297511264,4
7.952063083648682,20.065994043552152,1.056242825435555,4
2.518723964691162,10.051382720046131,0.4558047399873876,2
7.755226135253906,20.064571801605076,0.9325750461771033,4
8.060853004455566,20.090837517185076,0.9957881382986309,4
2.1183149814605713,10.040764199297683,0.4702798463453137,2
2.122589111328125,10.02069014835552,0.444178313172382,2
8.543383121490479,30.105633415040668,1.4698465083853236,6
9.646358966827393,30.10391681084436,1.3373237446504576,6
8.085992097854614,20.06552815167899,0.9768051957110454,4
2.0142059326171875,10.01269894110264,0.5518004921248565,2
10.285053968429565,30.083472368547447,1.3982751574948535,6
7.9584808349609375,20.027369791992463,0.9596647891860857,4
8.35866117477417,20.04977622051142,0.9196615107803816,4
8.191426992416382,20.080055476967527,1.0354489739424588,4
2.470432996749878,10.03482444188095,0.5397960641026427,2
10.336542844772339,30.109279790715114,1.5186788196122805,6
2.331451177597046,10.062679610567027,0.42352920675910755,2
10.237655878067017,30.1133759248564,1.4303726727235817,6
8.962941884994507,25.083280708820865,1.1740573626027377,5
2.3086907863616943,10.00651689327517,0.5519555558456859,2
9.297199010848999,30.093026457123177,1.5147802081802615,6
8.129869937896729,20.07014908721643,0.9419074553505605,4
8.244840860366821,20.05597782459063,0.892855317931396,4
2.34673810005188,10.04918678031029,0.49425595944083967,2
7.935363054275513,20.033833984005295,0.9366991491331937,4
7.185306072235107,20.049059372449012,0.9169187800303591,4
7.723627090454102,20.050667411698125,0.9006243536582109,4
8.33558201789856,20.03144095110379,1.0301826188825445,4
7.649781942367554,20.07023264039272,0.970684681125852,4
1.90602707862854,10.023707367093824,0.4241983471259637,2
1.8833072185516357,10.0222073963273,0.5154440057473444,2
8.411454916000366,20.02536280401027,1.0412772845754876,4
8.682905197143555,20.068939230714946,0.9687985038426821,4
7.77842378616333,20.076068861585078,0.9213678817090286,4
11.139692068099976,30.080952077820385,1.484544717713307,6
8.01755404472351,20.044880254336896,1.0675263421096621,4
9.993921041488647,30.102420179594183,1.4145199209483046,6
8.90160584449768,30.109318579103917,1.5232812524072812,6
9.40989899635315,30.081853473406856,1.4792466154797708,6
9.233052015304565,30.099158204948985,1.4197598936641573,6
7.792386054992676,20.071268393524928,1.0851181834912225,4
9.476014137268066,30.09995849761265,1.4692420789092988,6
8.11388611793518,20.039540081101897,0.9686115841915679,4
8.100361824035645,20.066468511158973,1.018344009866474,4
10.723291158676147,30.086537093585047,1.404880371043519,6
