7.071062803268433,65.21218606234562,0.27899168861879936,1
7.9927239418029785,65.18588582352318,0.2586818969837777,1
1.5773570537567139,65.19667022021032,0.22569648067051634,1
7.780656099319458,65.21819361955052,0.31259811327693066,1
6.934872150421143,65.19678171684316,0.23937015786237065,1
1.504321813583374,65.23924281931826,0.2989039614248605,1
2.2739830017089844,65.2372647989236,0.21236944224109583,1
8.47797679901123,65.17397688022166,0.32339880532322957,1
9.026816129684448,65.22277893801758,0.2552223190614828,1
7.275186777114868,65.18386460426281,0.251374277888354,1
7.7599241733551025,65.24822514870411,0.3100293242468512,1
7.194195985794067,65.2465491173145,0.3631812587444595,1
1.8315858840942383,65.23418725857448,0.333761128945657,1
7.666018962860107,65.1979975270887,0.19627927657345678,1
2.1681618690490723,65.17118340708411,0.38872093548483794,1
8.089091062545776,65.19229432422662,0.2800281222655511,1
8.273605108261108,65.19612751301179,0.27207304360949497,1
7.495537996292114,65.22306818813836,0.26242528199461057,1
7.51019287109375,65.19982336032504,0.3019925066929965,1
2.4087958335876465,65.21612462853105,0.31254897550538113,1
2.0605850219726562,65.16748627456994,0.3265764929052241,1
7.780388116836548,65.21014468474758,0.2628523914359349,1
8.77792477607727,65.20931612710785,0.23433508656507274,1
1.4879319667816162,65.18280076264614,0.20932548895652175,1
2.466810703277588,65.19579706203952,0.29243856588616446,1
1.5920519828796387,65.22357016900976,0.29547488283945117,1
8.955182790756226,65.23523561828105,0.2800424037022817,1
2.5606558322906494,65.23945737718822,0.2825259390605605,1
7.497146129608154,65.20628505594101,0.370338908364064,1
8.360904932022095,65.16878415310383,0.2767794789628004,1
7.7434327602386475,65.1944921557388,0.3089515964257472,1
2.3748128414154053,65.2485503429563,0.3200907606464214,1
9.0800039768219,65.17035066328572,0.23278653646505015,1
7.634836912155151,65.23848000446469,0.26291241397798576,1
7.95933198928833,65.2181642652043,0.27704704811678754,1
7.882411956787109,65.18558328539933,0.32760270638158984,1
7.034124135971069,65.1733081762842,0.30965895713880826,1
7.613318920135498,65.22619641422256,0.23491896039714627,1
2.2672879695892334,65.2117099128657,0.220099611976868,1
7.606022834777832,65.20449214605094,0.24066508374440349,1
2.381312131881714,65.17293777000319,0.28211707776590467,1
1.8093271255493164,65.21278779580464,0.34611320021377867,1
7.172064542770386,65.21790197247871,0.32059919585662683,1
8.735874652862549,65.17656347366453,0.2721769874099154,1
7.976094007492065,65.20859681977961,0.33622008201661024,1
7.625530004501343,65.2124922933386,0.29532753535213097,1
8.417635202407837,65.17079645333307,0.26312007501224727,1
7.529202222824097,65.21490374373076,0.3418171688721372,1
8.036303758621216,65.16146277110762,0.23995009068857862,1
8.516862154006958,65.15288796401458,0.280269343275048,1
2.2354869842529297,65.21636615046137,0.23438884860172743,1
8.579599142074585,65.19564118063552,0.2600580732388292,1
7.981503009796143,65.19110995162686,0.2967273687430243,1
7.689075946807861,65.22131639131001,0.2593057266236426,1
7.127057075500488,65.23764156618307,0.23408652961790877,1
7.62155294418335,65.1685285690359,0.2971208545914857,1
2.0190489292144775,65.19928612014506,0.24698693202241467,1
1.8424499034881592,65.20774858335457,0.19538750019942866,1
8.028661012649536,65.2185514897387,0.2549765232936399,1
7.263591766357422,65.23393101889346,0.20735907400703263,1
8.867852926254272,65.24006059310969,0.29593721378092974,1
2.0899598598480225,65.24430057892057,0.25308754448273646,1
8.759499073028564,65.2100359773362,0.3423280373334975,1
2.2222440242767334,65.1668103891154,0.3254282633539877,1
7.173188924789429,65.22464884685724,0.26766554661524167,1
9.143752098083496,65.18645058739473,0.2563859031271882,1
8.444402933120728,65.20018437621503,0.3062460217939779,1
8.667037010192871,65.18242678636035,0.24726709128661728,1
6.824818134307861,65.17956407484812,0.3662328837230374,1
8.744026184082031,65.20227902131211,0.25814166225552726,1
8.750985860824585,65.20962677950507,0.296542931710823,1
1.6344490051269531,65.19548449147828,0.2580964760311562,1
2.003120183944702,65.24528733307014,0.1711336781816138,1
7.468609094619751,65.22977387900808,0.21867681431543595,1
2.526479959487915,65.21207578244204,0.21034652531596182,1
7.197806119918823,65.21153079392451,0.20874710884445427,1
2.2020747661590576,65.2388121172247,0.33380320119364837,1
9.084099054336548,65.17679093920697,0.32227382186935616,1
7.3784520626068115,65.16465017004437,0.18909207093780495,1
8.123791694641113,65.21627087690615,0.24581698787468448,1
1.976207971572876,65.16693835272886,0.22903738178394223,1
8.718924045562744,65.2157022756588,0.2883717147745236,1
7.678267002105713,65.19771797317208,0.2718739474669839,1
8.869997024536133,65.21253668331777,0.3213241782742486,1
1.904567003250122,65.1875558881147,0.2343584033843964,1
7.996076822280884,65.15905794754885,0.25192860140137663,1
6.8979408740997314,65.17023219923826,0.29443068562670655,1
7.552954912185669,65.2246700294371,0.31441160673915514,1
2.121220827102661,65.18437207660509,0.26707363310563986,1
1.8471388816833496,65.20006415671271,0.2551786049391828,1
7.348602056503296,65.21902205092523,0.28527367965896033,1
9.056474924087524,65.16711804150907,0.30885176703835854,1
7.300693035125732,65.25196180807546,0.24301606559783395,1
1.9479382038116455,65.1839195384259,0.36250052518232045,1
9.205132007598877,65.24751641665333,0.35730313559413684,1
1.8543648719787598,65.2457169251032,0.23947561746403195,1
7.967597961425781,65.22306088417037,0.25452934329648513,1
2.3311030864715576,65.16591968512947,0.3210274467900114,1
9.14818787574768,65.15548138806294,0.3268632085524666,1
2.282726287841797,65.22132294375689,0.32278425677764866,1
1.8942770957946777,65.2114397265554,0.2565903488627536,1
1.959501028060913,65.18294673600117,0.2923436789258979,1
7.53415584564209,65.16993725653839,0.2837686145191172,1
1.8927459716796875,65.20830781290584,0.23457590614449825,1
7.695096015930176,65.2071064600617,0.32873819463962034,1
7.405739068984985,65.19318281475498,0.25813936406647275,1
1.4095282554626465,65.1941482564293,0.18594152995386282,1
2.271646022796631,65.17666864860352,0.19773368985188466,1
7.473154067993164,65.19449901198875,0.2720032729468421,1
8.365658044815063,65.26045391091935,0.26157956423776635,1
7.124327898025513,65.24368806464688,0.1634826155686498,1
2.1782240867614746,65.24450807001948,0.3060425305236464,1
7.24078893661499,65.24333777959001,0.25575792007967674,1
8.242585897445679,65.22606101955033,0.15059472182097305,1
7.129307985305786,65.24784045905606,0.21414674640675407,1
1.4902558326721191,65.20917675427111,0.278148705745716,1
2.370347023010254,65.22611454927475,0.2268019673783066,1
2.2908239364624023,65.16820617179134,0.2724198515267572,1
2.187757730484009,65.18829512549786,0.29035104304287646,1
2.248627185821533,65.21581774509698,0.2724127283765775,1
8.5957510471344,65.19717864856452,0.2684324784837731,1
2.4560792446136475,65.16768393071047,0.32586242238415397,1
7.282835960388184,65.191669181893,0.23080362568280402,1
1.7370460033416748,65.20596521742142,0.26657472387946923,1
7.440699815750122,65.15022582017568,0.30716263649002534,1
2.2821879386901855,65.17313571858881,0.21007197807521236,1
8.040446996688843,65.21738821164183,0.1556779920810973,1
1.7654409408569336,65.19376262314225,0.24611849544494022,1
8.512493133544922,65.22845227809356,0.18448606861918138,1
8.146991968154907,65.21076426653327,0.2343184684645397,1
7.649359941482544,65.1856160336948,0.12490577801980879,1
8.132014036178589,65.20917753660838,0.23626538519538706,1
7.173336029052734,65.20734497006433,0.1884920187974273,1
6.985815048217773,65.17285811884551,0.31517029798827,1
8.260809898376465,65.22334473896021,0.22159958281379658,1
7.359842777252197,65.21291813340572,0.3102520125291549,1
8.008584976196289,65.18422840287795,0.36632269269354434,1
8.852222919464111,65.2117332269787,0.2357512288032433,1
7.433459997177124,65.19716587079871,0.22007646706122935,1
7.045460939407349,65.23678052781082,0.2580429470483925,1
8.123218059539795,65.16972461386217,0.25861392335440764,1
8.68081021308899,65.23592921761272,0.26573159612772185,1
8.568180799484253,65.20928325269307,0.2890193330070659,1
2.1112418174743652,65.23883292109018,0.34995231289214923,1
1.827333927154541,65.15866783777427,0.29649704657710546,1
1.8470861911773682,65.24404511657038,0.23797472095570868,1
7.363115072250366,65.19603617702566,0.32150692818409266,1
9.073498010635376,65.19183908126735,0.2590762615600725,1
8.124755144119263,65.22521495828056,0.1960783389578583,1
7.281529903411865,65.24184444552957,0.3012537076364117,1
7.065622091293335,65.25656509006166,0.42825155456274544,1
8.103134870529175,65.1550792309509,0.38170395861042594,1
8.250109195709229,65.2143401298421,0.32962700525669814,1
1.9323060512542725,65.25196553407005,0.254711841282466,1
2.0499610900878906,65.21482972373161,0.23685654313517937,1
8.429379940032959,65.21451809016943,0.2598354032630575,1
1.5333752632141113,65.22902201030846,0.30154640470309324,1
7.523705005645752,65.19830192613657,0.265371286846461,1
7.79773211479187,65.18151400325758,0.2535955304230704,1
1.6751956939697266,65.16772188896209,0.2737612172285524,1
7.2306859493255615,65.20585675081041,0.25077397323878725,1
2.2457871437072754,65.21062825406828,0.1205158921508859,1
8.301987886428833,65.17517732002455,0.27776360831504415,1
7.86208701133728,65.19094076392551,0.25403807797611283,1
8.636102199554443,65.20053183429864,0.29227777723965315,1
1.7835791110992432,65.19152235256603,0.23589534111458926,1
8.218916893005371,65.19459668352128,0.22262925679224965,1
8.643572807312012,65.1361718077389,0.27784786513030113,1
6.916185140609741,65.20775795987615,0.18667240911555144,1
7.652750015258789,65.22748049865774,0.2808762449804274,1
1.78537917137146,65.18311083324349,0.1969036939399568,1
1.7044050693511963,65.18438578505906,0.25143466781079743,1
7.97455906867981,65.2146215114274,0.2776572168160134,1
7.394972801208496,65.21425927935286,0.19746787419645193,1
7.281261682510376,65.2354551149401,0.2421766808308291,1
7.613266944885254,65.17963309833318,0.31410771697926443,1
2.448307991027832,65.21494089469448,0.259424147782552,1
2.103433847427368,65.18315725247392,0.32785232641534734,1
6.984821081161499,65.22559997982287,0.2813280776656154,1
7.992994070053101,65.18470331919181,0.24434757169266852,1
7.978914022445679,65.1992252586181,0.219828443965082,1
8.025820255279541,65.17016915528393,0.22879802528660187,1
7.785294055938721,65.19389993218984,0.23683533055403982,1
1.4245319366455078,65.1799243944968,0.22568029738389814,1
8.310065031051636,65.25957628161618,0.3688787777526801,1
7.463832139968872,65.1988258050431,0.2703717167390948,1
7.8731749057769775,65.16427157050362,0.2322046311131528,1
8.563738822937012,65.20841065504383,0.32966626015847195,1
7.924335718154907,65.20373697247476,0.24058483084234442,1
2.37036395072937,65.18860784568511,0.2980938893301896,1
8.795271873474121,65.18478263256426,0.22888220108877322,1
7.432696104049683,65.20511660351559,0.27522261819558275,1
7.9506988525390625,65.20788068564916,0.29553276384129745,1
1.671799898147583,65.17307193353776,0.3099187870935112,1
7.798341989517212,65.15148903001217,0.25697743960020636,1
7.287491798400879,65.16811316809887,0.3252393076656143,1
6.65303897857666,65.17584646746506,0.24361614597778236,1
8.90094804763794,65.19973614236226,0.26224512576558984,1
2.315272092819214,65.19868921530878,0.27576755786589824,1
7.274978876113892,65.18614873571605,0.1919668806983705,1
7.4266321659088135,65.24206304157958,0.28560861502052937,1
7.779680013656616,65.21041136534751,0.21980687037141264,1
8.805275917053223,65.18363100851242,0.2643395300603552,1
7.288975954055786,65.23207490479345,0.2881639944359687,1
2.367237091064453,65.17427967884802,0.21924647597360694,1
7.50783109664917,65.2465408380356,0.21330880215177675,1
1.4250149726867676,65.22155890441819,0.23682609726727497,1
8.606765985488892,65.22795024054648,0.2593747282444627,1
2.0553619861602783,65.22944457425034,0.23525267474685843,1
7.024451732635498,65.14441322835034,0.3013173397478984,1
7.6948018074035645,65.22976997505657,0.24545619910347505,1
7.6784467697143555,65.21238213812045,0.18996886511676597,1
8.564965724945068,65.18614639905749,0.25165042357546924,1
6.878804922103882,65.24357860775727,0.27919840638763666,1
9.061169147491455,65.23819288990535,0.31046621070123936,1
8.775629758834839,65.1994960439173,0.212603076986808,1
8.647907018661499,65.19228611914006,0.2833682230320162,1
8.553051233291626,65.2124699453396,0.27151546240280194,1
7.215144872665405,65.22605475687762,0.23981721873502673,1
7.830903053283691,65.17304017217228,0.15693504647862774,1
2.032717227935791,65.1782053432408,0.33793173657130693,1
8.227434158325195,65.24387267602745,0.3035209829805854,1
1.8765969276428223,65.18926342606954,0.21322740757219966,1
6.923229217529297,65.17016102361768,0.2355026034051364,1
2.189743757247925,65.22378617367602,0.33479932516135,1
7.4525792598724365,65.21742885205109,0.2817848667480496,1
6.92914605140686,65.18257189324953,0.2792277155914345,1
1.9723010063171387,65.21809851598871,0.2525841705064558,1
8.358812808990479,65.22349238549852,0.19562320351142243,1
8.902881145477295,65.1834578785319,0.25615735772760057,1
7.617387056350708,65.18336856205794,0.21189801568926053,1
7.810230016708374,65.21520981289193,0.2326349430255544,1
8.764034748077393,65.22158422907074,0.3211878738596906,1
8.505675792694092,65.16716127699006,0.3004143910816681,1
6.815373659133911,65.21434184181231,0.19999941321468473,1
7.26726508140564,65.21515888214898,0.33225099775147615,1
7.245975971221924,65.21651772878475,0.28233552169720466,1
7.165152072906494,65.183093324188,0.23256494504201988,1
7.707731246948242,65.16902950426221,0.22785620328938616,1
7.912662029266357,65.22998677626563,0.3583517232266191,1
1.8349359035491943,65.17756769401511,0.24853287802734136,1
1.8121588230133057,65.22953074740727,0.2695257107084574,1
1.9966058731079102,65.23979203600679,0.2717205795450661,1
8.594712972640991,65.22164849097122,0.2217380874783767,1
1.477696180343628,65.19526358196762,0.18075997337201605,1
7.502142906188965,65.21798949736608,0.2658912942357936,1
9.058489084243774,65.21124498362705,0.31676603420220883,1
7.500895261764526,65.22852922140676,0.30545356911012095,1
2.0676870346069336,65.2054850042168,0.19264398433189894,1
7.384342193603516,65.14179636283272,0.22846059228526222,1
7.901371955871582,65.19259861426886,0.33030218594562255,1
1.6842029094696045,65.16317876893365,0.33528802465505414,1
7.061997652053833,65.22050834932324,0.2654358784764471,1
1.5581400394439697,65.23287853640453,0.23411631921090723,1
1.7553417682647705,65.20455417317687,0.29166885438725687,1
7.296817302703857,65.17885019325028,0.3378619149928505,1
8.774737119674683,65.21431097345632,0.20544739848845894,1
8.35666012763977,65.16670372097438,0.3200832649534211,1
1.832453966140747,65.17814523514836,0.31631604378792605,1
8.512419700622559,65.24720019760362,0.2216011315345577,1
7.652098894119263,65.1741072628174,0.2738480382481492,1
8.725242137908936,65.22081474541417,0.3310654404157832,1
7.719277858734131,65.20889742552583,0.3246376246179442,1
1.8172039985656738,65.24450905870582,0.25287958299031266,1
6.485846042633057,65.20822145434445,0.3265209874251201,1
9.042655944824219,65.23357040043288,0.22196562845209658,1
8.035211086273193,65.16336936563079,0.3382749324611444,1
8.676503896713257,65.22266953798577,0.29748895120412705,1
7.2092978954315186,65.1447044129941,0.24048914882172756,1
8.104714155197144,65.22676129995885,0.31902350941722885,1
1.9707791805267334,65.18568424341282,0.33830040798004,1
2.163684844970703,65.21581839707461,0.21789756728198945,1
7.106296062469482,65.20603265487622,0.22285064772045415,1
7.358807802200317,65.18156615988515,0.2552885802885595,1
8.848015069961548,65.23169516904187,0.2497280743267562,1
2.638339042663574,65.23297743788825,0.2676867854471821,1
1.60294508934021,65.20433011708901,0.23264507642282908,1
7.210387945175171,65.16439694728291,0.23646576693939317,1
8.785084962844849,65.2300403367434,0.20925349651547612,1
6.871596097946167,65.15324025893612,0.27949444473871976,1
2.109160900115967,65.19710410481333,0.33842976542746417,1
7.453348159790039,65.2248433293533,0.30161132523014045,1
7.878806114196777,65.19409184434197,0.2930751560527961,1
7.179955005645752,65.1957005771727,0.3134978246418654,1
7.739799976348877,65.23494949785508,0.2876397690484163,1
7.193873167037964,65.2140490499444,0.3460912927604605,1
1.7598721981048584,65.16758623859587,0.22203251868637494,1
7.316985130310059,65.20102893791982,0.21578170612258993,1
8.718024253845215,65.21895694091596,0.2606640364536872,1
8.32394003868103,65.2266682459066,0.2784928178676138,1
8.540467977523804,65.14504832540005,0.29764636112840775,1
7.450337886810303,65.2207288359946,0.25012120674298094,1
7.504965305328369,65.18530404106073,0.26789469458888365,1
2.634106159210205,65.19828996868729,0.2565118617897333,1
7.568953037261963,65.17865689734163,0.2271272785610634,1
7.86830997467041,65.16385780517335,0.2658328006419084,1
7.142213821411133,65.17655367591236,0.2145539097190526,1
2.7279629707336426,65.170958779066,0.24689701563191307,1
7.214170217514038,65.22151163420908,0.31685164349005157,1
7.537447929382324,65.20443790813765,0.2650379079990437,1
2.045454263687134,65.1868879681236,0.30250053195642895,1
7.85627818107605,65.17966562346886,0.3711953892689279,1
1.5400700569152832,65.20193811653574,0.22558358691100222,1
2.3221120834350586,65.21546020866232,0.2675796709565906,1
8.480739831924438,65.20617734601522,0.25032583108641776,1
7.556575059890747,65.20829876961326,0.21268741041655118,1
1.7908930778503418,65.15836510021312,0.327916119485135,1
7.183104038238525,65.19613808876866,0.3197459045858393,1
8.042170286178589,65.19705469661797,0.22921834645798836,1
7.251538991928101,65.18584979729977,0.26004250171276216,1
8.07686972618103,65.1795079829851,0.35662402244693675,1
1.8936519622802734,65.18565794783656,0.32671318461710286,1
8.293778896331787,65.17363864881386,0.20575716237284575,1
7.339820146560669,65.19483704708591,0.30302581138118184,1
8.547976970672607,65.22537292110123,0.24088568131819485,1
8.15151834487915,65.16951878323985,0.33128839096153256,1
6.914907932281494,65.2386513243295,0.3080948253994863,1
8.23743724822998,65.1885549107212,0.20855019495657848,1
8.465317010879517,65.18839747291504,0.21769013079649785,1
8.133371114730835,65.2275372318115,0.28679490882344066,1
7.858262062072754,65.20246307262757,0.286753148985514,1
7.26289176940918,65.22614980839533,0.3128632793518121,1
7.163232088088989,65.23261576879605,0.20581810806953016,1
6.761178970336914,65.22587900250814,0.19712407260897755,1
8.372071981430054,65.19074572715841,0.35608680892057065,1
8.915021181106567,65.22038131700135,0.33512492151743717,1
1.9007937908172607,65.197924136416,0.2549924578693774,1
7.799420118331909,65.21768050492449,0.27355037639702084,1
2.356947898864746,65.19158704979066,0.2763335777517318,1
1.8439419269561768,65.2316675018755,0.34650022199514097,1
7.447947025299072,65.27495436461854,0.2363946987308646,1
8.258260011672974,65.16545276101198,0.32287632071338046,1
2.0282351970672607,65.24467495088246,0.2288899343371718,1
2.3447020053863525,65.18368638050728,0.2336952373876934,1
2.389500856399536,65.21583268304545,0.2227145162065043,1
7.093734979629517,65.25199218791701,0.24943819762185512,1
7.082558870315552,65.21168345363532,0.25887967624568836,1
8.010644912719727,65.18438092204502,0.3012298680792411,1
8.234646081924438,65.16415895250222,0.3424275021627776,1
7.875607013702393,65.1881910033977,0.308885163685577,1
7.077627182006836,65.20698376029988,0.23489324749646573,1
7.376377105712891,65.24911782597763,0.31241275104971444,1
8.646972894668579,65.21577719971235,0.30383645992685177,1
8.45194411277771,65.21582069808214,0.3271086499888245,1
7.725996971130371,65.19948418650726,0.2783265884822949,1
2.3427271842956543,65.16463570182191,0.20125429059025735,1
7.2486162185668945,65.14346311229698,0.23830394488910053,1
7.2460479736328125,65.21925476455597,0.26409839668401053,1
7.237818002700806,65.21285637434366,0.2961504688275683,1
1.9921448230743408,65.21140554249008,0.30322522109984085,1
2.44803524017334,65.1491562010068,0.23610349685136306,1
8.894320964813232,65.16949008074349,0.14054657387460692,1
7.032829284667969,65.17113484319032,0.35086609619771647,1
8.109545946121216,65.21532056864397,0.3190443831082367,1
7.662321090698242,65.17670561059053,0.2064304281700154,1
7.582967042922974,65.16124832222697,0.352579551376895,1
7.362206935882568,65.19725650820743,0.34906109288498444,1
8.88681173324585,65.19457528828471,0.2532919526062667,1
8.310040950775146,65.152304990121,0.24654463497857254,1
6.925068616867065,65.20451642518597,0.22712195463117463,1
2.0933830738067627,65.15649309797801,0.31227015006299813,1
7.135559797286987,65.15360872744463,0.285656914237578,1
7.214349031448364,65.22569847388682,0.256206914310046,1
2.42976713180542,65.15589530515462,0.17065862976053012,1
1.893982172012329,65.21052968223707,0.25073768860391,1
8.737663984298706,65.19899014462082,0.25988511368816114,1
8.481544971466064,65.2042630828124,0.19471662987342703,1
8.300939083099365,65.22261375624312,0.349550455396787,1
7.299255132675171,65.1997282415973,0.29059551839304437,1
8.610682964324951,65.19407104147263,0.2548664234140778,1
7.919128179550171,65.20258187485676,0.2007791910692326,1
7.466731071472168,65.18428857832102,0.22733490569494358,1
1.7174229621887207,65.17095025379976,0.24590189731230339,1
8.365983009338379,65.2122217402649,0.2661235199746732,1
8.30406904220581,65.22560925076105,0.25035490634003543,1
8.511800050735474,65.2196788937228,0.25085559257134415,1
9.029543161392212,65.19730745188184,0.18789373376522112,1
2.3154947757720947,65.22560201755559,0.3218948945842287,1
2.799638032913208,65.17598583102223,0.27433728057749696,1
8.21316409111023,65.15051695533369,0.22502991155858343,1
7.25223708152771,65.20939098913394,0.37236125342882387,1
8.81487488746643,65.162691640671,0.24811614311954033,1
8.177386045455933,65.20642235612411,0.20983860640865348,1
8.30831789970398,65.2140972993302,0.25934730197950095,1
7.24447226524353,65.1885041091225,0.23470121855567289,1
9.201669931411743,65.19387131116045,0.3316064077481306,1
2.3287267684936523,65.19322213488213,0.29323207603385487,1
7.777706861495972,65.2054078073303,0.23829047286774943,1
2.307252883911133,65.2146876032374,0.2702759458577027,1
7.608979940414429,65.23237917178214,0.2767181409253313,1
8.200067043304443,65.16798479061904,0.2526810963579116,1
8.220233917236328,65.22143650059438,0.2403786913302987,1
7.656890153884888,65.16298124271296,0.23018932949699866,1
7.572467803955078,65.17906345823587,0.31285353590688003,1
7.988267183303833,65.22044575431251,0.27368891713924665,1
8.321370124816895,65.20926955886739,0.30810571147673704,1
6.701988220214844,65.17684351213855,0.2567911184064524,1
7.364541053771973,65.23543672350812,0.1900943824047831,1
8.477801084518433,65.21244673587417,0.36188956204587264,1
8.35549807548523,65.21275000349513,0.35457580009970774,1
8.158293962478638,65.16854202150441,0.19394070814813646,1
1.7100419998168945,65.15003444691025,0.26504338279708445,1
8.808032989501953,65.16775051062787,0.2746743981292505,1
8.53066897392273,65.20877476820235,0.2643269603043827,1
8.368056774139404,65.18297168625544,0.3299942493185464,1
8.71369981765747,65.18042205106859,0.2669170861046385,1
2.383915901184082,65.22827420702285,0.23061675469347293,1
7.803086042404175,65.2317049645168,0.3082206752903056,1
1.7674381732940674,65.17319185689712,0.27174282022669394,1
1.5121431350708008,65.20392980041693,0.27525961750981387,1
7.7220659255981445,65.20663636572915,0.2876547198937749,1
1.9018816947937012,65.17385000893358,0.278349122771659,1
7.8647990226745605,65.22420868646095,0.20868610495203163,1
2.0456321239471436,65.20857457960774,0.3952305082329296,1
1.9425549507141113,65.19157108546075,0.2476202551256263,1
7.818601369857788,65.20282171103612,0.2940678183612422,1
7.058241128921509,65.14443283924176,0.3014119407139275,1
7.072016000747681,65.17724040544059,0.2035953314049465,1
8.614167928695679,65.1922736461894,0.3131024194541564,1
7.982384920120239,65.16217210343642,0.3123658564718488,1
7.4438252449035645,65.25090951582844,0.3087325153080509,1
7.061614751815796,65.19377951116066,0.3122883497728247,1
2.371222972869873,65.18216627490347,0.371543541064974,1
8.271047115325928,65.19800098714748,0.3005893787630612,1
7.324257850646973,65.17136975547002,0.2855053776551379,1
7.087299823760986,65.19875392821687,0.3134720242253752,1
7.601139783859253,65.19483557648573,0.23366259210495605,1
1.7825736999511719,65.23207237575012,0.167949612413561,1
8.015573978424072,65.22680750087297,0.3186318844739032,1
7.458578824996948,65.2051892710441,0.23483782154666186,1
7.634286165237427,65.18992237967481,0.2544443289774616,1
7.736161947250366,65.2414509788589,0.27013890343561736,1
8.53938889503479,65.1533058785302,0.3362462041072866,1
1.6941149234771729,65.21845057879031,0.2979722570842158,1
7.0632500648498535,65.18353500991539,0.20580592891923538,1
7.20420503616333,65.24114077643979,0.3450128154620147,1
1.84303617477417,65.19950042743467,0.2121229488844992,1
2.605393886566162,65.19905503786737,0.367340215057637,1
2.4044029712677,65.20646755602057,0.24884688375196662,1
8.22992730140686,65.15518629503396,0.3663455077541347,1
7.59911584854126,65.2136990933596,0.2927718584722106,1
1.6775240898132324,65.16990034911767,0.1460371436869149,1
1.7800078392028809,65.19043727701754,0.3348386884603144,1
1.614997148513794,65.16583686820836,0.252730879119182,1
8.371141195297241,65.1998765086668,0.21832768367690006,1
1.5706241130828857,65.23571279586962,0.21118344801067235,1
8.294183731079102,65.21680691654112,0.25205701735786346,1
8.227720975875854,65.21367572343044,0.25886867651224676,1
8.024422883987427,65.20282869532998,0.3184101569945622,1
8.420756101608276,65.18103539087,0.2889543684284985,1
2.4418251514434814,65.21876721059587,0.29330354329500796,1
2.7644569873809814,65.22772916382094,0.28750716782226576,1
2.6588222980499268,65.21834983852388,0.3350322412021718,1
7.487694263458252,65.28524054274631,0.2570570886421566,1
9.057902097702026,65.19179126824423,0.2907106890092976,1
8.587175846099854,65.26551827284419,0.3545762390034323,1
7.93314790725708,65.20492686826978,0.29913485472831736,1
7.717336177825928,65.21669890359996,0.34847783519241615,1
8.141058206558228,65.16747232341996,0.28640912916256633,1
2.2684130668640137,65.20684356388621,0.2334248745060376,1
1.979802131652832,65.19871874641466,0.27944291003570126,1
7.61525297164917,65.23617667179494,0.33772304724773183,1
7.264120101928711,65.2064394345097,0.2650249944421171,1
7.4759721755981445,65.19596554142905,0.23997111653975675,1
7.091420888900757,65.16954538258203,0.2974839272374748,1
2.1167609691619873,65.23008526027019,0.25894842995267087,1
7.455084800720215,65.20813632204272,0.33929577299738345,1
7.128274202346802,65.15790156009619,0.2926744829386175,1
2.577349901199341,65.18818592814326,0.2703279519283439,1
7.1123130321502686,65.26285405577038,0.35767424662390285,1
2.4104340076446533,65.21628422993943,0.26046356969750595,1
8.226441860198975,65.22850699377625,0.23826175435449667,1
2.331427812576294,65.23387698944771,0.2747152589601782,1
7.170425891876221,65.21853327785809,0.29404649455256315,1
1.7634611129760742,65.17796055925511,0.2760963538059195,1
1.7708959579467773,65.17292913709404,0.21894895249170146,1
1.4511778354644775,65.22567094407789,0.2770248280732658,1
2.216616153717041,65.23572847233568,0.2779509523668436,1
1.4270961284637451,65.20795800550822,0.18109231366309103,1
8.265523910522461,65.17014600900113,0.26105810675730223,1
7.083877086639404,65.20621839369718,0.22601165075128388,1
9.181904077529907,65.22947553904991,0.32514259617905766,1
1.8802330493927002,65.20511539294165,0.2765493537435948,1
2.1352930068969727,65.23232985683943,0.20326312803571117,1
8.376267910003662,65.20021040656108,0.3225521563630505,1
1.72371506690979,65.20656110402604,0.23261346262624755,1
8.079426050186157,65.1552580419808,0.2933445858632041,1
1.6619110107421875,65.17763741384904,0.23272827560939888,1
8.893950939178467,65.17746312937197,0.308007310348226,1
1.9801297187805176,65.21554631397437,0.18402876792551953,1
7.368462085723877,65.16076375268236,0.25796770438320354,1
2.385150909423828,65.22400787957413,0.35168250068331985,1
2.1635630130767822,65.2355485899069,0.24135875814600233,1
2.1731059551239014,65.17820631457295,0.2648771900646809,1
7.522819757461548,65.23475703637286,0.28494538318868223,1
6.99129319190979,65.16651786170416,0.2641207894612229,1
2.0746707916259766,65.17832566189439,0.2728980548352111,1
1.9124910831451416,65.19675228861998,0.302231700798105,1
2.306638717651367,65.24155129739192,0.3467480095353705,1
7.6189329624176025,65.19814848096466,0.3323104403594563,1
