7.4306800365448,50.13668423485702,0.32093951729250536,1
2.786198139190674,55.17099912657381,0.5387950175563336,2
8.46791386604309,50.15361530676693,0.25051274475321145,1
7.610828876495361,50.14281857662927,0.1743961290571552,1
7.498141050338745,50.17541260126728,0.23241871252050694,1
8.670005083084106,55.16146323743237,0.47738294627664735,2
2.2110230922698975,55.19216618483302,0.5227306625805055,2
7.381944179534912,50.14735320249917,0.2660726907197964,1
2.16569185256958,55.17882339026864,0.5329893319166646,2
7.883864879608154,50.163127434482426,0.2773126161868753,1
7.291161060333252,50.139055526828955,0.2742717095544309,1
8.299783945083618,50.15381882870316,0.29705366614552425,1
2.0109360218048096,55.1528237978056,0.4768111037668993,2
8.363518953323364,50.12207335693446,0.2955089653763828,1
1.9695401191711426,55.174034489715744,0.49271441015979867,2
7.021176099777222,50.11526745612231,0.30039853562289354,1
1.8944509029388428,55.17518177960616,0.45743586624375043,2
2.547924041748047,55.165019070262474,0.5723029349411473,2
1.954531192779541,55.1489325351287,0.5042760077880573,2
7.294049978256226,50.188719999600664,0.2851151964687383,1
2.7313332557678223,55.16066579178509,0.48779413016394657,2
7.998225927352905,50.14699711244046,0.26227019387934053,1
1.755946159362793,55.15134379185754,0.5114224706189519,2
7.8804380893707275,50.18441562587026,0.2965538021230925,1
2.8530311584472656,55.16824965017612,0.5246733970273749,2
7.332312107086182,50.15127524389016,0.19509147890707867,1
7.3833229541778564,50.13610542691766,0.3004170168887276,1
7.442827224731445,50.14722034796667,0.25661695890495234,1
7.409371852874756,50.1358802473599,0.236687038386394,1
7.254678010940552,50.18373884175027,0.26665739908871366,1
7.707137107849121,50.157035984197705,0.20753758842690645,1
7.593618869781494,50.15381466646002,0.1811631321317147,1
1.987333059310913,55.205017874551515,0.5171874927674134,2
7.0858659744262695,50.19356267749159,0.20184320842456305,1
7.782057046890259,50.13572600780771,0.3153232907062992,1
7.198555946350098,50.10813113121385,0.30058485493216963,1
7.727964878082275,50.14733445321949,0.2064851690610614,1
7.461842060089111,50.13180432563529,0.2705490027178297,1
1.9350228309631348,55.14727263045766,0.4940370503338557,2
8.363622903823853,50.12976646179884,0.27495267296110665,1
8.302513122558594,50.13459299115757,0.20113981663980393,1
2.1093459129333496,55.12757875597599,0.5562000653932301,2
8.823521852493286,50.16303926864959,0.3192296556484032,1
1.7460458278656006,55.16292664755373,0.47851039518024563,2
7.324150085449219,50.16051845087744,0.41225228090201,1
6.894985914230347,50.12271539210098,0.34896770211460976,1
6.986228942871094,50.15261460719321,0.3680025548028398,1
1.6864838600158691,55.198047682485665,0.5131555944092254,2
1.7583980560302734,55.14893471795371,0.41800669379491595,2
2.2817389965057373,55.185862787543904,0.5108579708147987,2
2.095283031463623,55.215287969331854,0.5011805527919861,2
7.579169034957886,50.14845267063141,0.22141951088288256,1
7.194916248321533,50.18374501655835,0.26150722145861893,1
7.197550058364868,50.17136717136681,0.260373587636345,1
9.10266900062561,55.18104682389574,0.45800245956252555,2
7.037521123886108,50.176006116159236,0.22700183126122375,1
6.869560956954956,50.136470294135464,0.3223065835424705,1
2.790249824523926,55.19560960153989,0.5883716233633552,2
7.802842855453491,50.1461571948569,0.2780022126454769,1
7.891907691955566,50.17431825749037,0.21215957581271105,1
8.412596940994263,50.162305352707335,0.24617328135123667,1
2.452195882797241,55.14429845093329,0.41856281439753124,2
7.732181072235107,50.11234376990482,0.3238886768437033,1
7.127079010009766,50.18859775821126,0.2829347587251036,1
2.137850046157837,55.19170168065614,0.5069733401436655,2
8.625887870788574,55.18374206430168,0.5110668957675081,2
1.9516029357910156,55.15883248991989,0.5337059331069558,2
7.843201637268066,50.162662826281405,0.24360313079890422,1
7.193892002105713,50.16878192962682,0.3055470624367672,1
7.151555061340332,50.169213160588754,0.26022105741288293,1
7.505284070968628,50.12584825400623,0.2543268243019451,1
8.699136972427368,50.17497970850864,0.2891573977433067,1
2.039821147918701,55.170613288841984,0.5088331028035272,2
2.6740987300872803,55.15759261620521,0.49630100048842896,2
9.03890323638916,50.12149687522798,0.32296612201384156,1
8.671125173568726,50.155307051320094,0.26558475571721835,1
6.975709915161133,50.16714124610601,0.2330032739763399,1
7.354302883148193,50.18904703096804,0.21062125963346068,1
7.238767862319946,50.16921978051002,0.2628483726395147,1
2.0575480461120605,55.128433047010844,0.4506314938069411,2
2.732607841491699,55.17817248253812,0.5861776801764953,2
9.180691957473755,50.17613628578181,0.27455275882160984,1
2.437680959701538,55.197723069344285,0.5320490562837373,2
8.571118116378784,50.154889872349095,0.2393568226487398,1
8.924354076385498,50.14824318052345,0.2832035609544179,1
9.081707954406738,50.14445051994442,0.41648502688545436,1
3.153554916381836,55.19549393679374,0.544112611732578,2
7.2274510860443115,50.15624089400862,0.21595289105177976,1
8.214452981948853,50.1341941699436,0.2559309822956364,1
7.780400037765503,50.16516217721245,0.25332150311805346,1
8.51102614402771,50.151082751294624,0.21258641358868136,1
8.603963136672974,55.18755744169589,0.5021357920665168,2
6.769017934799194,50.18403984457288,0.3089361869337085,1
2.3040969371795654,55.176110329282764,0.5861340029603984,2
8.748903274536133,50.18884357242719,0.30476498327021695,1
7.6562700271606445,50.17906993411174,0.34690063758100087,1
8.848429203033447,50.173084238791944,0.2979076064039264,1
7.6968300342559814,50.14175566049073,0.3249359940068223,1
2.2957539558410645,55.20012287190682,0.5408562817499284,2
2.4721128940582275,55.15599424976246,0.43961626400024534,2
6.889302968978882,50.140114411140345,0.24847033258481815,1
1.8781800270080566,55.15312274917149,0.5412656855654351,2
8.19834303855896,50.15671918197576,0.27962014074777913,1
7.374006986618042,50.149932514332875,0.3465812261789857,1
8.108109951019287,50.1184098885046,0.2980380268874396,1
2.449547052383423,55.146020769588546,0.5450282387258355,2
8.905570030212402,50.18316579617965,0.25904743704112354,1
8.388198137283325,50.160760849859635,0.2451111721808848,1
8.357909917831421,50.13521594526017,0.249387892290736,1
8.60023283958435,55.16330924229108,0.46838907208890573,2
2.0147361755371094,55.18378305439981,0.5660847539258645,2
8.273360967636108,55.16560524762496,0.5635377046477175,2
6.995851993560791,50.12476926060665,0.22267196081797497,1
8.424510955810547,50.12107912866092,0.3192006085636717,1
7.259325265884399,50.15437366132454,0.2752979536180495,1
7.8563361167907715,50.129409471399335,0.2195976550602253,1
7.215512037277222,50.086879127904325,0.24695182003584548,1
8.030596017837524,50.17724266893682,0.2902823915668883,1
9.31466794013977,50.130725176303756,0.31260756149315705,1
7.235167026519775,50.16972008230084,0.2467599674264616,1
8.480529069900513,50.14496077946265,0.27657873964985025,1
8.387526988983154,50.163420234625725,0.20060574910848725,1
7.384720087051392,50.14668343603026,0.35329985338178227,1
9.347959041595459,55.18756183701684,0.6174630597662438,2
7.476751804351807,50.177099960179234,0.2899852086255437,1
8.587580919265747,55.16977104906215,0.548149237801244,2
7.492779970169067,50.19215582263497,0.2706489997551266,1
8.260884046554565,50.140615927587184,0.3277850385154729,1
2.4836227893829346,55.157892616125295,0.4635080828304192,2
2.003814935684204,55.19103235092388,0.4873577650889078,2
7.174926042556763,50.17549609740253,0.3157702888693916,1
1.814513921737671,55.13629271868027,0.46976292038636747,2
8.488104343414307,55.178675538833396,0.4280367231023505,2
1.866239070892334,55.17381489667637,0.523962220786513,2
8.225998878479004,55.167426459656646,0.5314500090309242,2
7.712585926055908,50.16586915946599,0.22856870022431708,1
8.167960166931152,50.1264992634123,0.2682610001917505,1
2.4016330242156982,55.1789711186814,0.5752272575044078,2
7.852041006088257,50.1860739390015,0.2585382149083215,1
2.7659151554107666,55.12877059981476,0.5438764933474862,2
1.8882269859313965,55.183306954887456,0.4812329057312725,2
7.166370153427124,50.12225333153612,0.2812403329286989,1
7.4521448612213135,50.214935062330966,0.30864360520568956,1
7.147461175918579,50.13291672551193,0.22810587049078587,1
2.519639730453491,55.17363465662308,0.41990317820080497,2
2.5890018939971924,55.14915759116943,0.48523247845766426,2
7.242044925689697,50.135321389794726,0.14476349469497007,1
7.906438112258911,50.143545474739064,0.24133568265069838,1
7.342703819274902,50.1691569183176,0.28262067501266114,1
8.809702157974243,55.19225641687349,0.6085835330741305,2
7.244646787643433,50.142295228871866,0.31413994254795813,1
7.380597829818726,50.13713964130625,0.2551049032522432,1
9.112029075622559,50.149000499925755,0.2704259623310495,1
7.160189151763916,50.11343090282007,0.29696914897995075,1
7.360186815261841,50.16712739939198,0.34029908099315337,1
7.1048760414123535,50.157931813218816,0.23369988807017755,1
8.552299976348877,50.17901442538192,0.3176091346894201,1
8.477171897888184,50.14317788649974,0.18607869008826494,1
7.333322763442993,50.18448922183176,0.30615267140505265,1
8.733025074005127,55.11682079190351,0.4815639785886662,2
9.462302923202515,50.14802204553216,0.23966833378719876,1
7.365321159362793,50.16864283314391,0.2183305049337857,1
8.769785165786743,55.14147709942899,0.5122428756221669,2
7.697854995727539,50.132922714246725,0.34898890406140143,1
1.6823339462280273,55.16852742861401,0.4010232380983806,2
8.673901796340942,50.175131530977055,0.29514378595145013,1
1.935654878616333,55.177819971180924,0.4375409662058827,2
8.570086240768433,50.15719963775341,0.27815356428369065,1
2.1043777465820312,55.16809716365042,0.42145294724557497,2
1.992616891860962,55.150963314459304,0.5171702931407357,2
7.620584964752197,50.176629425097445,0.2985640395491937,1
7.9711220264434814,50.17066868640547,0.24374311315535763,1
8.34764814376831,55.20991317533635,0.3568431687930822,2
2.2168381214141846,55.13858392421114,0.47808526053987993,2
8.789712905883789,50.11791752981769,0.26048152305844996,1
8.320641994476318,50.142329121301145,0.2528107425830484,1
7.304719924926758,50.169803437341116,0.2631273295380596,1
1.953528881072998,55.14708548091344,0.49773317252647775,2
7.351674795150757,50.1232318429141,0.2982118300484144,1
7.273658990859985,50.135088858820424,0.24024036352151787,1
8.611615896224976,50.127413472407476,0.20894644739669974,1
8.636584043502808,50.16052230835044,0.24894004238320788,1
7.046667098999023,50.12620176360831,0.2990749137397809,1
7.522729873657227,50.16438164061366,0.29611659424025083,1
8.911837100982666,50.180454471567685,0.22949961680915074,1
8.957278966903687,50.15420588475424,0.2878189704633435,1
2.239423990249634,55.1682638946624,0.48908593057379546,2
7.600925922393799,50.1647675258523,0.21425828599809899,1
8.400812149047852,55.19836440231543,0.5570283476276436,2
7.646707057952881,50.152714859718024,0.23773964482188262,1
2.657356023788452,55.13331373851865,0.5277502898347703,2
7.599960088729858,50.095539193729735,0.24513510036357544,1
2.531622886657715,55.172238991183306,0.499959247854886,2
8.507724046707153,55.185560756068725,0.5970367479821986,2
1.8643970489501953,55.18991807653053,0.4728185973102797,2
2.5902903079986572,55.14694499813176,0.5701286320429324,2
6.909030914306641,50.1687976707027,0.3012173265200527,1
8.525686979293823,50.149632068656594,0.3217732706102944,1
2.8111979961395264,55.17422826367577,0.5818619335461224,2
2.5993428230285645,55.19412038049495,0.5598079397653521,2
8.203677892684937,50.20307039232743,0.325366969999683,1
1.9027047157287598,55.154967613169816,0.48679459286881455,2
8.52280306816101,55.15574075861241,0.5104233482213816,2
7.948447942733765,50.142384430369574,0.21344349518962374,1
8.85863709449768,55.16270562491847,0.552714452779659,2
7.340487003326416,50.126749437083205,0.263936905833828,1
7.293857097625732,50.14651961158833,0.2302231249531399,1
2.612560749053955,55.15587227543761,0.5244485941981203,2
2.3356688022613525,55.17079707989427,0.522601553391242,2
9.055235147476196,50.141758698386724,0.24321152813404778,1
9.042294025421143,55.20015910991012,0.47962778153182034,2
1.9936730861663818,55.161940061386304,0.5646821811388554,2
2.2115731239318848,55.15169193952493,0.536109920607677,2
7.080813884735107,50.20432083710161,0.27030755222800135,1
8.420047760009766,55.25347410933792,0.5005864625721238,2
7.738195896148682,50.17604102154979,0.2818765404438346,1
2.1506357192993164,55.17495009454848,0.5022735779291634,2
2.4685168266296387,55.19884018892847,0.5311201061492502,2
8.659686088562012,55.204987021142884,0.48874980849231475,2
1.9241890907287598,55.17045153659233,0.47901519939600645,2
6.929150342941284,50.16105497702128,0.22856200416578748,1
8.818680047988892,55.179073650674525,0.48377117532662883,2
7.124238729476929,50.178322546070575,0.31597351371477056,1
8.12685489654541,50.1969939412504,0.2719586070171084,1
1.8050739765167236,55.202401007366724,0.4198050653197186,2
8.264195919036865,50.111007988606595,0.2855508478999508,1
8.397186994552612,50.12931411688293,0.2689206797042958,1
8.961745262145996,50.13127014607998,0.22012044038153158,1
7.553874254226685,50.13643452381101,0.3076248295163717,1
2.663163900375366,55.14282891834188,0.5000341612619287,2
7.834200143814087,50.1499630468045,0.2947574978702319,1
8.644637107849121,55.151107834325,0.430443608518007,2
2.076986312866211,55.172587623797085,0.44979773552829405,2
8.13582181930542,50.17839272820747,0.25783103795987994,1
8.070317029953003,50.20158247991186,0.2525608223549791,1
8.971879005432129,50.13683656212899,0.2733968060916516,1
7.457350015640259,50.18369857572355,0.34395682399320227,1
7.719534873962402,50.142143878554506,0.25827951521437204,1
7.6653289794921875,50.14822744904225,0.2664521489394525,1
2.547271966934204,55.206972228895744,0.5279386415783451,2
8.522714138031006,50.1317291967571,0.2666230496696445,1
8.247936725616455,50.14982556373286,0.22230279215670024,1
2.1741199493408203,55.152132500239,0.4102135916272911,2
8.42599105834961,55.15643395419495,0.49929042579648053,2
7.0328688621521,50.19092718000837,0.21616943276648126,1
7.629808187484741,50.154887610396194,0.17910335444397502,1
2.0496392250061035,55.168986616240986,0.47111618075952044,2
8.559287786483765,55.1665741633178,0.4835384970183787,2
2.1619508266448975,55.151647237774796,0.49144153464632284,2
8.945539236068726,55.18847634347412,0.5864139068046788,2
2.0730409622192383,55.182359364098645,0.5039628388212178,2
2.1952221393585205,55.18996996924787,0.5058031497796915,2
8.338034868240356,50.13214306314888,0.2526746280350349,1
8.751896142959595,50.12326826966079,0.23183381134020972,1
9.144532918930054,50.18569857117495,0.25400559307236625,1
8.314971923828125,50.146915058325675,0.3129105963572331,1
2.0085301399230957,55.16699942846678,0.5178819184725789,2
7.288527250289917,50.140364855606904,0.2458321111010017,1
2.929960012435913,55.16748408653168,0.5564606771688421,2
2.5732028484344482,55.20985800995487,0.48098275288787284,2
8.9081289768219,50.16031471948278,0.3042437992146641,1
8.999645948410034,50.13300615138126,0.24788602016880065,1
8.567353963851929,50.148468359781205,0.3820651759023335,1
2.5130739212036133,55.14965648366716,0.4603118038913079,2
8.213325023651123,50.14898888831771,0.3422118908838936,1
2.6930770874023438,55.189783554557884,0.4852982320906624,2
8.12601900100708,50.17094761790141,0.1361770194890476,1
8.09511399269104,50.15814519434126,0.3239702747132697,1
7.855859994888306,50.17628815512451,0.19846974225545633,1
2.167402982711792,55.190535546475964,0.4348058454605731,2
1.8559551239013672,55.17454727069447,0.5014364458789748,2
9.173771142959595,55.14795659356879,0.5288681605790585,2
2.1029891967773438,55.181906500948884,0.4206742144580794,2
7.684711933135986,50.16191406573296,0.2808284302697593,1
7.617048025131226,50.150342945504924,0.25104095661211645,1
7.144073009490967,50.13122025147749,0.32091408493228996,1
2.185408115386963,55.15818417589027,0.4500369802904207,2
8.949239015579224,55.15615173974304,0.40908732665597314,2
8.85545301437378,55.180341952694015,0.58929046480918,2
7.956618070602417,50.13849289438357,0.32279530044838545,1
8.483958005905151,50.19017112709728,0.3316744306488819,1
2.6551802158355713,55.16807266454213,0.5233319341138315,2
8.471243858337402,50.15931193541598,0.24244571214668229,1
2.6068832874298096,55.182117263422775,0.4644561597444056,2
8.40198826789856,50.14959410287602,0.23658207695103034,1
1.925968885421753,55.19594384398091,0.5458828632844576,2
9.155103921890259,50.156089389828004,0.2700359914845445,1
8.240488052368164,50.14264967390615,0.2588804543308124,1
6.912178039550781,50.21007582132467,0.3099308075007376,1
7.041456937789917,50.144302921173626,0.22728808715961096,1
8.831154823303223,50.114539179613416,0.25919213261804686,1
7.342763662338257,50.18800649150229,0.3220779313442624,1
7.462348937988281,50.17124224469258,0.1958533423227669,1
2.5281100273132324,55.19082997879674,0.5021187758725099,2
7.177513122558594,50.183010454148615,0.22212910083874332,1
8.570799112319946,50.20251955204929,0.2794467176737576,1
7.3055338859558105,50.184899608911515,0.3759065192885811,1
2.5205891132354736,55.180553489232686,0.4255741690493149,2
7.856330156326294,50.143382242260074,0.21241924929708964,1
7.134809970855713,50.12435256529957,0.27168714193880433,1
7.744117975234985,50.18796226504331,0.25682075116187913,1
8.48314118385315,50.11695364948659,0.26657027487373547,1
7.375836133956909,50.15673605248142,0.22695972026073075,1
9.233822345733643,55.17187102415901,0.5229717928012304,2
7.4557411670684814,50.11356630153958,0.2930169483285363,1
7.4821858406066895,50.149544482305316,0.3118809621931234,1
1.8508689403533936,55.19507638110379,0.5466242579764058,2
8.648016929626465,50.161256746351555,0.31962373269323785,1
2.061668872833252,55.17159847676398,0.4959137915488305,2
7.241525888442993,50.15388785645669,0.24024733451012587,1
8.63615369796753,55.15099554740513,0.5334088520127788,2
7.924484014511108,50.191112530778724,0.28598483459582774,1
2.2273712158203125,55.188673146280806,0.5155544976768394,2
1.8670730590820312,55.18549838433754,0.5091200258257281,2
8.284811973571777,50.114970298277356,0.2742118746166382,1
2.049855947494507,55.148711478606565,0.469367504428993,2
2.6364500522613525,55.15330739455754,0.5937557362478654,2
9.089762210845947,55.16134102959036,0.4817857099212087,2
8.517210006713867,50.13240325055107,0.2901417100293159,1
7.9392991065979,50.1391904047013,0.21280072367310887,1
2.2528300285339355,55.14466522024476,0.5247044730828684,2
7.256460189819336,50.13179246460343,0.2215129329293894,1
1.7620189189910889,55.12748286988256,0.4170114616480782,2
2.2194409370422363,55.10983343822479,0.4412067237285804,2
8.706482887268066,55.18909888101388,0.5252540752416376,2
9.757511138916016,50.17927212123768,0.3560021456476994,1
7.5877368450164795,50.15091449577345,0.2320924210713255,1
7.07981538772583,50.138097119287295,0.2723750368519902,1
7.422634124755859,50.17613083566852,0.2895042813741328,1
7.3858959674835205,50.16575911759063,0.31354303714394277,1
7.901801824569702,50.15237117666288,0.20737110195785807,1
7.415990114212036,50.16148428839988,0.2409405188003588,1
7.266414165496826,50.14720467571382,0.1921577463077444,1
2.366776943206787,55.19446795586482,0.4871692253120231,2
2.3015100955963135,55.12769829801039,0.5858205036593548,2
1.7477781772613525,55.18029619127433,0.5066608814845223,2
6.845696926116943,50.19411066694092,0.2237327819908886,1
2.3568499088287354,55.1309596744635,0.5264219681783116,2
7.4206321239471436,50.17541129617022,0.22001266637006955,1
7.3480870723724365,50.10985132783178,0.3252043154602539,1
7.98005223274231,50.12184849982415,0.34429710404574276,1
2.0386619567871094,55.150722566709824,0.5357741110356757,2
2.570241689682007,55.130039327776515,0.4643966731924292,2
8.829043865203857,50.164563197874756,0.18456800091442555,1
2.1068968772888184,55.17005030622522,0.6271630932942617,2
8.449141025543213,50.17054247822689,0.31826775660381257,1
6.979104042053223,50.13674564394371,0.3090201086267847,1
8.608889102935791,55.19905633757475,0.4160686165745674,2
1.9077119827270508,55.17126030217018,0.501517171765329,2
7.670995235443115,50.16892226365411,0.28184085247645735,1
7.307250738143921,50.13645805718212,0.2900004950284213,1
2.15686297416687,55.18793755067214,0.4703061649348741,2
6.798091888427734,50.151107950409965,0.2881086449294349,1
2.793548107147217,55.17955433952263,0.5370863220436377,2
1.996581792831421,55.19119665305983,0.5321121626287062,2
2.8242111206054688,55.22154253119561,0.5052358350482089,2
6.91515588760376,50.1525326489746,0.2766444457238023,1
7.636897087097168,50.16317605665068,0.25383360511779174,1
2.408687114715576,55.18148834900793,0.501775049775653,2
7.374892950057983,50.152176547051326,0.27475053805979405,1
7.585883140563965,50.138645507103426,0.2597913974770211,1
2.665783166885376,55.16412697400211,0.4834518188475391,2
7.209029197692871,50.19345803249232,0.2572704536897157,1
1.9720048904418945,55.18568810215589,0.4628752086261331,2
7.3186609745025635,50.153471636966074,0.2831665006769968,1
7.46893572807312,50.155216693611045,0.1925120121039653,1
8.800512075424194,55.18010867437457,0.4598981014127687,2
7.1487720012664795,50.18245149650748,0.2308412311846883,1
2.7030839920043945,55.16222066296993,0.5280150918188526,2
7.392375946044922,50.20057939193151,0.24647076585325406,1
2.858839750289917,55.17601486704962,0.5856841269115675,2
6.88293194770813,50.14967285347889,0.25230939977502287,1
1.8011541366577148,55.16762758824611,0.48990237881731913,2
8.719273805618286,55.16294421458752,0.5132728266128971,2
8.621349096298218,50.14668651861542,0.21041327539743135,1
7.241997003555298,50.215594971985915,0.22561982752862142,1
8.612070798873901,55.22233211802215,0.41872935780390264,2
7.249263286590576,50.13485483109945,0.3078954133513943,1
7.81524395942688,50.130656857997614,0.2577052753707201,1
9.133533239364624,55.21353198972181,0.42729496883882456,2
7.426842927932739,50.13458008527168,0.3283017431902552,1
8.216200828552246,50.17350295551775,0.25286286768067195,1
8.296106100082397,50.15394537862367,0.36683794641332307,1
2.047842025756836,55.16102687945468,0.5339671594490469,2
7.725402116775513,50.185026125463345,0.18806776588861415,1
7.186934947967529,50.142148059268436,0.31152001888273084,1
8.477569103240967,55.14994886454372,0.3979097516131117,2
8.858129978179932,50.17656646423324,0.2045545822512049,1
2.2595419883728027,55.159387496141086,0.4207547142820689,2
2.0522828102111816,55.15751588352261,0.45373638727684873,2
8.932614088058472,50.18783840198363,0.24994853919591412,1
7.483429670333862,50.13752255372215,0.3117160702541704,1
8.014577865600586,50.145598027506416,0.22953203248629797,1
8.498281002044678,55.14136678210706,0.44694093959310344,2
7.166205406188965,50.126336260900246,0.31699683096189607,1
8.694120407104492,50.192016199326055,0.2969659187457054,1
7.108191967010498,50.179717130347655,0.21899010711578204,1
9.087775230407715,50.1280581354696,0.28009137585815624,1
7.296427965164185,50.14959937331513,0.1426183435861823,1
7.0386810302734375,50.15179098738924,0.26529029379848,1
7.218506097793579,50.1040162817649,0.30714959432706584,1
2.484722852706909,55.24763191798579,0.5380188290312728,2
8.756425380706787,55.14682880267857,0.5264080004878947,2
6.870260953903198,50.14723630376216,0.22558056641716265,1
2.76910400390625,55.18586163794843,0.5668094678808585,2
2.093569040298462,55.168879593253266,0.4499227806300723,2
7.2196080684661865,50.13649562782149,0.23806960375798242,1
2.2520179748535156,55.170513789618795,0.502413355962893,2
8.87963080406189,50.13122282130996,0.3417021473997234,1
7.2558369636535645,50.15949181182646,0.21779506805120158,1
1.9106810092926025,55.153411688748314,0.5236220308074788,2
8.665884733200073,50.16197148145142,0.29035322218363624,1
7.362887859344482,50.13825065929693,0.2916349571558056,1
9.4433012008667,50.1079591456115,0.31903159130392106,1
7.484755992889404,50.112665944872774,0.18628839021779403,1
8.033622026443481,50.11237532228901,0.14659724338970065,1
7.703780889511108,50.15435123843592,0.30792402319973383,1
7.042421102523804,50.15567410937259,0.36111761345245286,1
8.795858144760132,55.16074220331772,0.5129974599498555,2
1.9234981536865234,55.127473444191,0.47331719465543454,2
2.2579939365386963,55.173098986313065,0.3119332628718466,2
1.8948829174041748,55.18743879641674,0.46594233200099744,2
7.76320219039917,50.16017559920371,0.3329872875645872,1
8.173392295837402,50.116796035413856,0.25403428111454396,1
8.026943922042847,50.11617838848555,0.24858530367168125,1
6.937692880630493,50.13148475128848,0.30832647327659535,1
8.981342792510986,55.19977035269013,0.4863227067726619,2
1.8136088848114014,55.19315220128635,0.5120537077972922,2
2.087775945663452,55.17346092270015,0.47832696504461725,2
8.897412061691284,55.13124780904126,0.568020707539368,2
7.443566799163818,50.19515816992395,0.28599654029022414,1
8.201080799102783,50.14234303789045,0.2657023059445828,1
7.668452024459839,50.12389107314526,0.26608480875459145,1
7.421312093734741,50.15159821990498,0.24491154108743382,1
9.163833141326904,55.17532239955384,0.39752312248422617,2
7.7114222049713135,50.18545111548568,0.2207045381261794,1
7.008203029632568,50.12614428046344,0.3507378664367413,1
8.34296178817749,50.10677667577482,0.24102331835752566,1
8.74299168586731,50.16620039965095,0.24332511673696136,1
7.350971221923828,50.1491528217046,0.33382144130913355,1
8.448791027069092,55.1831680879076,0.5543020234172662,2
7.566598892211914,50.140245059090326,0.17101669079077264,1
7.133754014968872,50.17953551617926,0.25686019145164324,1
9.069712162017822,55.17788774014473,0.567977364446886,2
8.738777875900269,50.13110419537918,0.2772224081733057,1
7.66612696647644,50.11808325219047,0.2983892623253932,1
8.199816942214966,55.17181541254429,0.5916163848263579,2
7.643542051315308,50.143136583295636,0.21438142204609695,1
2.5749258995056152,55.20306291819319,0.5353970415851428,2
6.632125377655029,50.149071167280205,0.2775185940932923,1
7.5496978759765625,50.15906729198261,0.3093595588649555,1
2.177000045776367,55.162633477138236,0.4896664763196945,2
8.90213418006897,55.171095968299134,0.4732620673691586,2
8.914799213409424,50.11658588723632,0.2994197876195757,1
7.312253952026367,50.148659753986955,0.2284727562562694,1
7.395557880401611,50.150942050130006,0.17928059521717862,1
8.736404180526733,50.13978678027169,0.34208171481712596,1
2.4966211318969727,55.155244238414504,0.4964719539446331,2
8.561890840530396,50.17092174483673,0.3045872892296003,1
7.601579904556274,50.16776305229497,0.297726679397181,1
2.6086831092834473,55.18689552385843,0.5628409421405208,2
7.2291998863220215,50.18457742283926,0.2590482631081321,1
7.209348201751709,50.112885881783114,0.2807120894509883,1
7.876811981201172,50.12347876081867,0.2930023762255889,1
8.48098111152649,50.125812977538466,0.3339625860862573,1
8.734699964523315,55.200973157379046,0.4347818431276935,2
7.497580051422119,50.16695106690656,0.20828660077471478,1
8.42545771598816,50.19966915610263,0.25954757131629724,1
2.0263850688934326,55.187942922883266,0.5167267959568277,2
9.004951000213623,50.15337115508311,0.3372847216174475,1
9.327596187591553,50.19549645359692,0.22848220149898735,1
6.687068939208984,50.14914391371243,0.25357943621390067,1
8.02442193031311,50.14552016494506,0.3141982588773175,1
2.0888099670410156,55.16870785256441,0.4921031642032657,2
7.598756790161133,50.13850246802253,0.22346736854195592,1
7.228779077529907,50.167714573943336,0.25669349482928594,1
1.923560380935669,55.200632763241,0.5230039717815305,2
7.741282939910889,50.150977499778456,0.3107843522320154,1
8.22098708152771,50.104078634650136,0.28780550107884106,1
2.0035719871520996,55.186159511277936,0.389131160216334,2
7.450714826583862,50.159336134894744,0.37868405248368875,1
7.519635200500488,50.14312989091296,0.2690239475397021,1
7.319114923477173,50.124353328633184,0.26523334900290274,1
7.277598857879639,50.17316212517742,0.2719363016955484,1
2.7942769527435303,55.202387099068616,0.571934446203738,2
6.7117040157318115,50.126794907390945,0.2798407598443275,1
8.208924055099487,50.1192350036236,0.2656350647871884,1
8.326251029968262,55.18488005217549,0.39713164482231034,2
7.2599170207977295,50.15678979781863,0.2691192672720109,1
7.0775721073150635,50.16260364064088,0.2791723881427099,1
8.48556113243103,50.1257738743071,0.30538205621547665,1
9.213049173355103,55.13709042384729,0.5314724679200428,2
8.06862497329712,50.15586667713298,0.25498724424952873,1
7.242286920547485,50.12391079415951,0.3118560374263027,1
8.58872127532959,50.11989401558214,0.3196278950035358,1
8.929280042648315,50.14392416776537,0.27023858990360294,1
7.494518995285034,50.16446877717697,0.2960376753626033,1
7.170392751693726,50.13697705416609,0.27949338457423717,1
2.5236730575561523,55.18141306539936,0.5273895882132111,2
7.09866189956665,50.12453470019913,0.38821362099991963,1
2.7780838012695312,55.21114684906291,0.567280362607707,2
7.163527011871338,50.16230397680985,0.19066334813248728,1
7.094375848770142,50.16347308947261,0.3387723043930043,1
9.169753789901733,55.12915977504009,0.5260978201661805,2
7.230242729187012,50.2205451281733,0.27398466955756084,1
2.70320200920105,55.16562785275448,0.5076874205384477,2
2.005845785140991,55.20859996563771,0.4179012988866183,2
7.6222758293151855,50.13969354713576,0.2563384595768975,1
2.070399045944214,55.161020569527736,0.49597549459195645,2
7.634711265563965,50.132163202793386,0.2807637328448304,1
1.7543842792510986,55.177366468607374,0.5426441900013474,2
8.292582035064697,50.17405244672492,0.3917990377234811,1
8.543889045715332,50.13961397040593,0.3140363716045218,1
6.923672914505005,50.14457633285723,0.22960348464434183,1
6.978510141372681,50.17600559931145,0.3301951806360613,1
2.643019914627075,55.188920780094854,0.5456984960492047,2
8.863981008529663,50.147903082370696,0.28798529618303936,1
7.4700071811676025,50.15342649274447,0.2653171207706388,1
1.9449400901794434,55.18311505905063,0.4812306092551149,2
9.225048065185547,55.17880443846309,0.4637962336373006,2
8.404195070266724,50.15445268829156,0.21488908823264355,1
7.210003852844238,50.15083500938117,0.2241021604713636,1
6.746565103530884,50.17517628452093,0.333877634090487,1
7.774367332458496,50.15948564639004,0.2759861774975824,1
9.214005947113037,55.21247636222101,0.523971461597214,2
2.6018409729003906,55.18145214868538,0.49304786072447376,2
7.555053234100342,50.13845491245898,0.2085728678673079,1
7.458561182022095,50.15566385744887,0.2341409302154964,1
8.059508085250854,50.170958125483615,0.287336155038727,1
7.5165581703186035,50.17407346191528,0.17745142192258984,1
2.24863600730896,55.19721446937579,0.5348694436764854,2
7.293171167373657,50.161362162252985,0.25710706660217086,1
8.443933010101318,50.160119768880705,0.3002653577237484,1
8.877794981002808,55.16210537630797,0.5174210475636858,2
6.9641547203063965,50.17995830657699,0.24199930407308165,1
9.202951192855835,55.21595965339448,0.44978626286404677,2
6.861067056655884,50.15129068321078,0.2535698897954267,1
7.955012083053589,50.141780606802605,0.29426686669706803,1
2.456450939178467,55.204054759196445,0.49583673085002256,2
8.269371747970581,50.133457659893544,0.3143097337663169,1
8.554476022720337,55.19775996473416,0.4238070424431376,2
7.37133002281189,50.16520351829384,0.3187486762451499,1
6.869749069213867,50.175202816908,0.24119373335148192,1
8.87949013710022,50.1750411754596,0.25043565372040155,1
9.281190872192383,50.13453386245921,0.28181449833572164,1
9.03767704963684,50.156858358630956,0.22975666545234713,1
7.1803436279296875,50.16256081756084,0.2945317552061985,1
8.036386013031006,50.15488022068217,0.2825297377445301,1
8.491444110870361,50.146891680421,0.22410397919506075,1
2.297415256500244,55.180708878908156,0.5037982192475794,2
7.051138877868652,50.125518541267546,0.25613234347707653,1
7.79881477355957,50.12154883383862,0.3143197454986633,1
1.8457119464874268,55.14539668971467,0.43390745613651804,2
7.851040840148926,50.18525675110514,0.26744186559590516,1
8.322642087936401,50.14665866044629,0.24274302203687456,1
8.219447135925293,50.147212139575,0.26424138303254063,1
1.9385509490966797,55.14025121727052,0.538157789875288,2
2.128740072250366,55.15081427475105,0.4295045350816028,2
7.838269948959351,50.11572123395226,0.23168765604149247,1
2.4402029514312744,55.146059437233504,0.5377377933868287,2
9.235753059387207,50.17049932925356,0.24919777511139288,1
8.282857894897461,55.169724054857895,0.4922830528595085,2
2.7452280521392822,55.17098325757281,0.46755085605788227,2
7.781830072402954,50.20074311130884,0.2955375674847382,1
7.661728858947754,50.13069010571815,0.355073947953264,1
6.715209007263184,50.143252676963534,0.24584090419253896,1
2.3485379219055176,55.21549665346761,0.38522264794136507,2
7.160224914550781,50.188267555881,0.24666788732267747,1
2.6184189319610596,55.161425173956545,0.560702778909929,2
2.586045980453491,55.16935208747614,0.6326215049389192,2
7.315907955169678,50.200450897319854,0.27383971548878483,1
7.091833829879761,50.16040102699723,0.23036458983505156,1
1.8893020153045654,55.18264743371458,0.4958283939531536,2
2.5184147357940674,55.168020165410724,0.48327175392942956,2
8.84216594696045,55.13877354080624,0.48618782556323814,2
7.828823089599609,50.15403428253441,0.28590903078590735,1
2.261518716812134,55.178640412346766,0.4950774839903308,2
2.6890008449554443,55.136487626703484,0.5235550287589276,2
7.9066948890686035,50.192413551013345,0.31275269143492196,1
7.921337127685547,50.155089551071086,0.38542597228417885,1
1.7187159061431885,55.17209342776285,0.47046469569842453,2
7.76451301574707,50.14935622695785,0.3128664823125821,1
2.1238811016082764,55.18696576710851,0.5024877302865502,2
8.400114059448242,55.203858913270025,0.5929760764350549,2
9.084996938705444,50.13290949716522,0.35943746757986644,1
7.267939805984497,50.14844771022933,0.23188483390428877,1
1.8399708271026611,55.17346046772278,0.38213196680663575,2
9.042478799819946,50.16784628270297,0.2344254611911274,1
7.551084995269775,50.11790040312186,0.28014552307820845,1
6.860275983810425,50.172547984830615,0.309284070758083,1
8.815284967422485,55.19188537567166,0.4825036239186935,2
8.210685968399048,50.13187569118406,0.24377813578024066,1
8.18952488899231,55.15679056440641,0.4363652344277651,2
8.488754272460938,50.08215603778355,0.19832144126755358,1
2.5248730182647705,55.1718380228199,0.4500340027028157,2
8.54800796508789,50.174197861303476,0.28337164343038745,1
7.569599151611328,50.1629816911571,0.30264783103936455,1
2.7881317138671875,55.15519099988629,0.5292510198410821,2
2.6684091091156006,55.128453198676894,0.4068447840391008,2
8.052787065505981,50.18068526079955,0.2362480787849372,1
8.351607084274292,55.16136925475405,0.5366054699757077,2
8.878473997116089,50.1973364860534,0.2521666848435374,1
7.495779275894165,50.163271683451086,0.20851719929257062,1
2.2642338275909424,55.14068728038687,0.4940657670544686,2
7.0006020069122314,50.17695825690626,0.2899485876091128,1
7.278774976730347,50.162793452152236,0.24170823747600098,1
1.974203109741211,55.137244805497964,0.51922554166978,2
8.220177173614502,55.18129004775324,0.5026787095092664,2
7.401324987411499,50.17169380945794,0.29793763871979606,1
7.16156792640686,50.098929810821,0.25243345201399003,1
2.6849801540374756,55.17177831090293,0.5204518995789693,2
2.5674521923065186,55.118012709376536,0.5584298924317761,2
7.454381942749023,50.14679901666716,0.28771649418951284,1
7.718989133834839,50.11846103145463,0.2597838114427979,1
2.0814061164855957,55.17472035364203,0.49280172213803686,2
8.824307918548584,50.16681592045496,0.22235862569029896,1
7.7208850383758545,50.17572737420774,0.2906145443544109,1
8.690531015396118,55.182744939292235,0.5311990533175938,2
8.447026014328003,50.18035412937445,0.15728040087195297,1
2.234592914581299,55.13753465982377,0.41803985440962294,2
2.4098761081695557,55.13646246743443,0.5142696269708612,2
9.522483825683594,50.1600693936272,0.3379378573152563,1
8.225643157958984,55.16312993970692,0.48195005460165163,2
9.096711874008179,50.190404839287424,0.3333560640953148,1
7.4077842235565186,50.15371427567197,0.23726167824814157,1
8.672529935836792,50.175235349251466,0.31209700212838115,1
9.020362854003906,50.156198997238036,0.23708472862719376,1
2.584329128265381,55.16431094850966,0.4385047115077906,2
7.54895806312561,50.14044700490874,0.2432745240936391,1
2.1809260845184326,55.1704454714888,0.467039211140848,2
7.406201124191284,50.17846369728453,0.14495054090630127,1
7.8872230052948,50.138380221243104,0.18867845812588963,1
8.84182596206665,55.18238303330809,0.543069876052427,2
8.41875410079956,50.113377702598164,0.34144051113202845,1
7.141590118408203,50.11513700061703,0.361322786234734,1
8.48441219329834,50.15906895614914,0.2804964623627398,1
8.632065057754517,55.19679552820122,0.39557261462914395,2
8.340396881103516,55.18724583942174,0.43168800469481516,2
7.398753881454468,50.14938530373022,0.2736089494786104,1
2.2052860260009766,55.16980840533906,0.5092836812069116,2
8.136270999908447,50.17074367490964,0.30962977785169116,1
7.725397109985352,50.1811932044519,0.2868611622232761,1
2.6227822303771973,55.16154341148748,0.5414958542192098,2
7.570513725280762,50.17660852121715,0.19900922564536105,1
7.773007154464722,50.1658475848794,0.23843598473897804,1
8.15337610244751,50.16786128504752,0.2876662519297845,1
8.473620176315308,50.14419589162185,0.2486831170460182,1
8.07126498222351,55.16749122141858,0.5080054531291348,2
2.1201088428497314,55.1783199299906,0.49986721588665123,2
7.464767932891846,50.141989840387,0.2715993548352475,1
8.098797082901001,50.129947909541805,0.32312166229964884,1
1.9733092784881592,55.188735967472944,0.5299404014270352,2
7.471438884735107,50.1651215746698,0.29062317300423346,1
7.474261045455933,50.13843153807241,0.2671771354164784,1
7.523430824279785,50.13272917824104,0.331732079853977,1
9.123266220092773,50.12817730649118,0.2824481199205833,1
7.769842863082886,50.1719522716802,0.3307277731805037,1
1.9572780132293701,55.171209342388934,0.4657121887473814,2
2.3139960765838623,55.15068272335245,0.5024943743343591,2
7.530390739440918,50.1683913090633,0.24795665255580218,1
7.0244951248168945,50.15764164899409,0.3300725000142586,1
8.476816177368164,50.200547024870104,0.29965567973958757,1
2.1657729148864746,55.14571141896016,0.5012576125368982,2
7.171149015426636,50.161439105139564,0.2941149367004779,1
7.280781984329224,50.14771978886355,0.2630717776663784,1
7.2339441776275635,50.178268739623334,0.27848096847553394,1
7.673946142196655,50.12848049834269,0.21044518703555068,1
2.4615180492401123,55.129848483455454,0.5600857093830163,2
7.793813705444336,50.136357532406294,0.32371423352533935,1
7.303139686584473,50.13113443458076,0.2668172745903106,1
7.549478769302368,50.155013597630436,0.32936426652747836,1
8.57918095588684,50.13226986612963,0.2537688399259838,1
2.2195329666137695,55.15479816274052,0.509289463638949,2
8.790271997451782,55.186406432546576,0.4999731609917849,2
1.9174621105194092,55.138318403640184,0.5086312710410357,2
2.8156652450561523,55.13216049980382,0.5674636021238435,2
8.545898914337158,50.11699787349123,0.261754347093617,1
2.3279500007629395,55.12006307737865,0.480935402392081,2
7.409019708633423,50.1758838807851,0.1759712336915458,1
7.427901983261108,50.15918651876257,0.2986220467860962,1
7.125113010406494,50.14553156551006,0.27728440683294053,1
7.677836894989014,50.12185738125417,0.22302438085038304,1
7.999589204788208,50.15996839051258,0.2574221867118852,1
7.896471977233887,50.12208464249372,0.244435188300175,1
7.606253147125244,50.17769911989828,0.2732656041196943,1
8.683605432510376,50.10837606185134,0.23070884602088004,1
2.5072999000549316,55.17329173340327,0.617451342781506,2
8.240313053131104,50.12328600486308,0.35533590274908494,1
2.3983731269836426,55.180096754321134,0.5323267851781124,2
9.073774099349976,50.11821470541771,0.2978500357074609,1
7.611809253692627,50.155625080528,0.3096270150487761,1
7.365587949752808,50.18285742371223,0.25550469513519575,1
2.1440677642822266,55.15381611154278,0.5204392156125701,2
7.028418779373169,50.104616534613726,0.2719967005461059,1
7.795994997024536,50.1333127260829,0.29632596329058575,1
8.301647901535034,50.162860099522206,0.23029831438294024,1
8.148810148239136,50.174842718981644,0.33525063508216957,1
7.470523118972778,50.155600692848566,0.27442465091499363,1
7.368660926818848,50.19652319615845,0.27608280977175725,1
2.5117897987365723,55.215128183891835,0.6609162408920684,2
9.453720808029175,50.13972112747844,0.3642676029952803,1
8.273327112197876,55.167574093610554,0.4961990658848591,2
1.724442958831787,55.15302054679144,0.42398925068842674,2
8.41940689086914,55.16681758458848,0.5229609399111168,2
7.446881055831909,50.15969091880612,0.25281451783996506,1
7.771953105926514,50.18973152169776,0.3371159877318087,1
9.108645915985107,50.18892013487544,0.18575969448993157,1
7.318218946456909,50.08788099342188,0.3354138178015011,1
2.0549609661102295,55.18653603890977,0.4899608262910353,2
7.389974117279053,50.17623194175201,0.23003629126891276,1
8.58635687828064,50.140507430001605,0.27035890018433456,1
1.849045991897583,55.17848855127942,0.5063864196217058,2
1.8476390838623047,55.16151491758725,0.4486084726727746,2
7.115566968917847,50.13815659350705,0.247618299376817,1
7.827131032943726,50.15479725090939,0.381732940615641,1
2.6051220893859863,55.13743410565222,0.5477173962818829,2
7.607972860336304,50.19685706192889,0.29147384869200693,1
2.260516881942749,55.140368554138725,0.5238485031825121,2
8.427747011184692,50.12598385254315,0.3014581692488043,1
7.064211130142212,50.20070799654747,0.2643634843267489,1
2.2544431686401367,55.1915697108318,0.46627135333125735,2
8.422390937805176,50.12886277956626,0.22449807755998583,1
2.070042133331299,55.14581947719499,0.506526944736704,2
7.341397047042847,50.13525794776314,0.23706901734154442,1
2.2755329608917236,55.14102047977682,0.5634725519849973,2
8.789078950881958,55.181341973694614,0.5572268022286404,2
7.040799856185913,50.17460600230401,0.24268954849094795,1
7.771677017211914,50.1332877228141,0.30219411433904486,1
9.031839847564697,50.15062103970562,0.26375096363178774,1
8.631103992462158,55.19867229820941,0.5494689508936015,2
8.057826042175293,50.160301875765846,0.2530001375093786,1
8.500651836395264,55.182846703056185,0.5115341841337668,2
1.5421779155731201,55.2272755124753,0.40293140928251325,2
7.584953784942627,50.13546186127598,0.2605624732973526,1
8.356595993041992,50.16436145565814,0.2069724168594067,1
7.298688888549805,50.14146727915919,0.24653663570113724,1
7.997469902038574,55.148571191766464,0.4491756590318703,2
7.124575138092041,50.13841629374211,0.279450986968107,1
6.547388076782227,50.170203814525635,0.23200643565814383,1
8.792863845825195,50.13893339072844,0.30007767552151143,1
8.469089031219482,50.16051102113927,0.33974798006087714,1
2.3531649112701416,55.203329748482915,0.5665026557102528,2
1.7833647727966309,55.193513449237265,0.460351398080456,2
2.1932199001312256,55.16049009838129,0.4329510819645409,2
7.219685792922974,50.16198557699793,0.21776697667440098,1
8.715528964996338,50.14818059467602,0.19841533875887246,1
8.026464939117432,50.16616847984222,0.19819835883136955,1
7.281811952590942,50.114069609019054,0.23557457773582277,1
7.258467674255371,50.16877599504613,0.21099861184128918,1
2.1206228733062744,55.14972645540435,0.40942385911894486,2
8.50416898727417,55.129098890279,0.5118304569059013,2
9.094194173812866,55.114237084180445,0.5559921826234945,2
7.035751104354858,50.16197592754068,0.24798633904337058,1
2.5691640377044678,55.14431452441138,0.5385944405205516,2
2.677973985671997,55.188254916739425,0.43470757191861886,2
2.311113119125366,55.16895597945842,0.4542199726018744,2
6.325130939483643,50.14192310493092,0.25972486651734056,1
7.506983041763306,50.15158985503468,0.23069557409416788,1
2.752936840057373,55.16626234071908,0.5193767613381874,2
7.76472020149231,50.18985418452992,0.34438178682729087,1
6.983119010925293,50.189580873079485,0.28593819395180275,1
7.796940088272095,50.168455914421976,0.3054051299108153,1
7.3384850025177,50.14211910332746,0.25436876054238544,1
2.2211482524871826,55.19444461957967,0.5041796465334478,2
1.8671460151672363,55.18326856300575,0.4813235057017078,2
2.20898699760437,55.21371712935508,0.4631922029924492,2
7.6935648918151855,50.115683851767564,0.3660425146133941,1
7.9605700969696045,50.122771964809516,0.26665614514252545,1
7.276201963424683,50.1696647422874,0.26929178256258174,1
7.715589284896851,50.15263310562724,0.3004270545278538,1
2.1859209537506104,55.206272865043225,0.5432640051054696,2
7.231990098953247,50.1615615995221,0.2646872724053712,1
2.2884953022003174,55.125475886295824,0.5109011295583235,2
7.667699337005615,50.18403953132683,0.2112639059531332,1
2.899674892425537,55.2020614137264,0.5226756557124841,2
7.603863000869751,50.15970472057529,0.20721169981718238,1
7.180743932723999,50.13426164520558,0.25367483372243255,1
9.668242931365967,50.155135714133074,0.23704440048582154,1
2.1624529361724854,55.174120370684896,0.4646176064025692,2
7.64902400970459,50.146521000035136,0.30177765846556515,1
2.681472063064575,55.19800319127647,0.5072965580595336,2
2.188910961151123,55.172258217111484,0.5356873948011535,2
7.667747259140015,50.16160130817034,0.2415282578963646,1
9.070761919021606,50.161588057374935,0.30923737625933345,1
8.437634944915771,55.214968628895974,0.42699992030882716,2
8.450073957443237,55.186762072039535,0.4938370785916652,2
1.8052268028259277,55.171100398825544,0.5285136064102822,2
2.670461893081665,55.140359130459146,0.5075664806358686,2
8.84235167503357,55.2102738059758,0.4548361751338412,2
2.2666008472442627,55.183470332975084,0.5670178277546272,2
8.902130842208862,50.16219887660419,0.21823594753096798,1
8.841499090194702,50.13569768033132,0.23301267628254788,1
8.005725145339966,50.20098179851051,0.24679237166500498,1
3.0963828563690186,55.18147636806842,0.5722578217691595,2
7.660346031188965,50.154568747732604,0.19268225020592988,1
7.318327188491821,50.13809082945108,0.3113045286217509,1
9.051560878753662,50.11628573675156,0.24404398294136453,1
8.097435235977173,50.14385074356748,0.29645854350494993,1
8.244669914245605,55.19311265652217,0.41527999317565145,2
2.5345280170440674,55.173093190120824,0.543355481468,2
7.417490005493164,50.17870070135787,0.2886965216689134,1
7.488378047943115,50.157729867047095,0.3857098726887752,1
7.068396091461182,50.18647228475648,0.25225171327046786,1
7.627765893936157,50.15066472906414,0.2433977021733709,1
7.44140625,50.14460864309332,0.284787799508521,1
8.162895202636719,55.20505461821962,0.46335855418472666,2
9.114388942718506,55.19945648043438,0.5216793701445198,2
2.1686010360717773,55.12108961628626,0.5239445641760254,2
2.919232130050659,55.14072621367475,0.5503597969333516,2
7.329047203063965,50.15932104928647,0.3165538602509518,1
8.46453309059143,55.17209030028268,0.4851901929058815,2
8.644888877868652,50.139561199148105,0.18365702860022137,1
1.6763880252838135,55.202090509011676,0.45477331226727497,2
8.127177000045776,50.16356376078094,0.3224410627345207,1
6.8806397914886475,50.15535577807261,0.24864355276408323,1
7.3173980712890625,50.146153134866665,0.28501810843832326,1
7.164083242416382,50.15398044639917,0.24682160169587147,1
7.960172891616821,50.11901971593022,0.29694813658117647,1
6.705708026885986,50.18139327028139,0.33396982544633796,1
1.7221381664276123,55.143591610708214,0.46213187949452605,2
7.013447999954224,50.15297832383674,0.3062684278481124,1
8.751246213912964,50.144174187581406,0.1879416605987855,1
9.437465906143188,50.09903038482807,0.3301541291032959,1
1.5298960208892822,55.15902169958724,0.5219855090855816,2
8.412760734558105,55.17974341292534,0.4800843431434566,2
7.585505962371826,50.16704622321072,0.2542483018882142,1
8.12912106513977,50.13372865219954,0.23462434551286893,1
2.313060998916626,55.14888790649965,0.5365084585096227,2
7.00235915184021,50.128412442243174,0.29085748124857996,1
2.706915855407715,55.18450352403802,0.5162025930648497,2
7.720378160476685,50.13781829169294,0.25440987992678116,1
2.8280580043792725,55.201460952940096,0.5269398664035032,2
2.6377921104431152,55.17234216587877,0.4956010326010132,2
7.316282749176025,50.16500988009676,0.32243555792246165,1
2.7754507064819336,55.14865267919539,0.4165699263581478,2
2.1946747303009033,55.19228805995236,0.4211513879510146,2
2.502349853515625,55.16058656444879,0.5616564570109819,2
8.716394901275635,50.15128235550157,0.30086599150258825,1
8.773475170135498,55.14322703067388,0.5159052894860159,2
8.158041954040527,55.2189673902077,0.5376614532687729,2
8.180218935012817,50.12087282475686,0.2695305547490184,1
7.199233055114746,50.15697337230283,0.28667027918896415,1
7.666551113128662,50.1299418108097,0.3107387996928444,1
7.763842821121216,50.18414466278048,0.29072227734673517,1
7.323552846908569,50.157232430197844,0.22249425700292208,1
8.652936935424805,55.12871509418064,0.545142050775069,2
2.2503437995910645,55.20539694304332,0.5378660592151399,2
2.2318899631500244,55.140095271315005,0.43055546683227686,2
2.236419916152954,55.16501570940165,0.46732375740417115,2
8.543145895004272,55.16728493245818,0.5669905243207545,2
7.471526861190796,50.14067723104122,0.251709456539658,1
7.1315367221832275,50.17057938212628,0.324941968903267,1
2.2485239505767822,55.20823033803555,0.5746577167869676,2
8.961230039596558,50.14327710500756,0.3105293536930984,1
6.982944965362549,50.12371841641738,0.2111211774475793,1
1.9783649444580078,55.17056592591747,0.5687836268718115,2
2.3127071857452393,55.17360656471609,0.3958562663855686,2
6.554070711135864,50.1615710657385,0.21652965729959028,1
2.509056806564331,55.1865894173667,0.4976124779188512,2
1.5949738025665283,55.16713647472937,0.6013730005326556,2
7.075441837310791,50.167873620569544,0.20906725612434118,1
7.483304023742676,50.13076423476003,0.2486380284486741,1
9.226046085357666,50.15846467291011,0.22163654508522612,1
7.576820135116577,50.18693490302482,0.28015534787844315,1
7.992311000823975,50.15800874055566,0.24705132580915445,1
8.113433837890625,55.22185786999423,0.5252785978565937,2
9.140254974365234,50.14075779101594,0.32419589346660455,1
2.744886875152588,55.174179722382874,0.47794715054209835,2
7.44124698638916,50.13582531047384,0.2905944606189311,1
9.018211126327515,50.16258519676994,0.17613760866084754,1
7.136234998703003,50.20537935330247,0.27907395315452965,1
2.5125598907470703,55.13281807128928,0.5035670023380979,2
7.25943922996521,50.124015804646255,0.2549378095262167,1
8.416378259658813,50.17195898873726,0.2561009977331034,1
2.2921860218048096,55.17942935433797,0.5421340821829526,2
1.5916690826416016,55.14589053317999,0.4582946550899908,2
2.6784350872039795,55.168014746027836,0.5412962120551021,2
8.610342264175415,50.10214241128942,0.24420037978216388,1
2.1002631187438965,55.159865387107885,0.4874995006413665,2
7.279619932174683,50.17098190625207,0.290133782132719,1
8.87965202331543,55.19939756645915,0.5687156644369327,2
2.374640941619873,55.16725801487619,0.5405671569004928,2
7.20366907119751,50.156435116229524,0.3650785692852212,1
2.017671823501587,55.13161990322963,0.46842639494088245,2
2.0366289615631104,55.17433935118653,0.4294404240489748,2
8.544571876525879,55.164103214435265,0.42177007627855845,2
6.853271961212158,50.133198701766425,0.2485722673991593,1
1.8904187679290771,55.135961638022444,0.4368227899048196,2
7.2346930503845215,50.15379926375456,0.30949705903673747,1
7.1209328174591064,50.145270147005185,0.3345827724533631,1
2.423748254776001,55.17092954022123,0.6285733608367133,2
8.973288297653198,50.16585563728361,0.35817093944905665,1
8.894099950790405,50.149491021017454,0.3814623704407827,1
7.4342992305755615,50.21215239659581,0.29019628661069363,1
8.252168893814087,50.154700754700045,0.30305479284172454,1
2.7588210105895996,55.17783569567372,0.4926799600499028,2
1.7935469150543213,55.14559712965712,0.46350209042311347,2
8.028768062591553,50.15588734189275,0.32370535654434324,1
7.746196985244751,50.151828795900094,0.30206347271142286,1
2.722615957260132,55.14366811483058,0.5367614971594362,2
7.355082035064697,50.125693146517015,0.1741790908091683,1
7.509428024291992,50.14727856321713,0.25235748289398635,1
8.385387897491455,50.13515446354708,0.2344750098326014,1
6.83797812461853,50.170466099576835,0.23307482395332052,1
7.115811109542847,50.1543168215097,0.22593634918495917,1
7.072985887527466,50.18654474045988,0.29176811704755035,1
7.581890821456909,50.17292330332755,0.221095471347396,1
2.178295850753784,55.17600363039613,0.4687408990236513,2
1.9289898872375488,55.18432383455692,0.5235821962866625,2
2.3627467155456543,55.149749289208906,0.47151553561548554,2
7.885134935379028,50.133595949294474,0.26693288491241896,1
7.999876022338867,50.154032789641086,0.34145798793439,1
2.050415277481079,55.15236103122037,0.49750791014336787,2
2.391066789627075,55.18125247515846,0.4937089927397862,2
6.98721718788147,50.09815367618899,0.2642435041378228,1
7.1654627323150635,50.178023082766,0.36648026953364615,1
8.15608811378479,50.158478153500226,0.29819460269927955,1
8.595880270004272,55.14982530358734,0.6047841178573489,2
9.35205078125,50.16298943705532,0.2390326406475099,1
7.433829307556152,50.14394594799782,0.19229664776868496,1
7.105936288833618,50.14673693140767,0.3123378860808172,1
2.289422035217285,55.15493122427083,0.5232959845613648,2
7.625708103179932,50.17589937728982,0.3163464153829305,1
1.8196232318878174,55.184824702994455,0.5514969754849818,2
9.270879030227661,55.163766328656635,0.45167096954204683,2
7.6098058223724365,50.14460224630682,0.36968462946721065,1
7.149986028671265,50.16083949537064,0.1322721910241957,1
7.182655096054077,50.140182357970055,0.2520804000541869,1
8.514416933059692,50.122795770055056,0.2309985390248223,1
8.569933891296387,50.184166573405655,0.2755439787155112,1
1.800616979598999,55.143093873144046,0.44088275548711087,2
8.001111030578613,50.17610443935823,0.28083358598503044,1
8.099411964416504,50.14645240888144,0.2074711952240016,1
8.245703935623169,50.13620049969488,0.2941277084949246,1
1.7712690830230713,55.08968179832003,0.5373365431383563,2
8.686240911483765,55.206597843023864,0.4891387299920359,2
7.440255165100098,50.14421989293747,0.3188297704673659,1
8.897333860397339,55.18997486117495,0.5953932215534918,2
7.866611957550049,55.1705931430314,0.5172343515437199,2
6.792239665985107,50.172294394846105,0.21499736273901726,1
7.778836965560913,50.17235497718257,0.22543674963698554,1
7.957482099533081,50.18909304947749,0.24076633243588325,1
8.911520957946777,50.169497773163556,0.2155905083244271,1
7.3901190757751465,50.21602160157909,0.2531242750821735,1
2.765820026397705,55.13840269790067,0.5109632618498998,2
8.491405963897705,55.169716446879306,0.4757109100666521,2
2.550719976425171,55.15796863231874,0.5807693624136558,2
6.913864850997925,50.11792175917045,0.3119285734201088,1
7.587683916091919,50.13581271822528,0.29566503434102365,1
7.827107191085815,50.15520575544989,0.31685713142997696,1
6.954477787017822,50.14129000876753,0.27587311909100487,1
7.744331121444702,50.17525709276476,0.19824788469018534,1
7.105175018310547,50.15840997393855,0.2296071801869529,1
7.462909936904907,50.18483175627496,0.2361668479849427,1
2.085146188735962,55.157232202622374,0.520768705936584,2
8.880299091339111,55.16495832566605,0.496796983163865,2
8.218064069747925,55.18542679485423,0.48120728030444565,2
7.369158029556274,50.12213336053627,0.28018435750629467,1
2.2844979763031006,55.19334157983025,0.5730309706693755,2
8.386481046676636,50.138709353602295,0.2539092484450047,1
8.726362705230713,55.172385120884336,0.5158340320600034,2
1.8662691116333008,55.14535958655308,0.5015100880497912,2
8.629851818084717,55.20031699583453,0.601532083979174,2
2.0843920707702637,55.168517839952365,0.5977637310651442,2
7.5169641971588135,50.13551083553086,0.24456843163945144,1
7.552254915237427,50.141841843577986,0.27501093195138937,1
7.979786157608032,50.14690181421149,0.2970623087942102,1
8.103953838348389,50.13012643380681,0.26021906316919513,1
2.4785451889038086,55.161406774086956,0.5272312117320943,2
8.233551740646362,50.16736556134134,0.3522457926224046,1
8.17025876045227,50.15399807581128,0.3456381665448066,1
7.488502025604248,50.146222617017735,0.25950962876769795,1
7.319364309310913,50.17154274526314,0.23961683920942164,1
8.536054849624634,50.16092011066051,0.3532157483948019,1
2.073330879211426,55.14611707059896,0.5294737318790795,2
8.12891960144043,50.158231451315835,0.3813448612184317,1
8.30806303024292,50.19672118660922,0.19415314155836844,1
7.866328001022339,50.13902471792582,0.2998145209885553,1
7.535200119018555,50.143643432087295,0.23211206625791553,1
1.8604021072387695,55.207916624784815,0.4321707341325836,2
7.307559013366699,50.162572276875274,0.24761537721534385,1
7.082597017288208,50.16242510280549,0.24787755367822564,1
3.0148110389709473,55.16023376688813,0.46475273686232416,2
7.378221750259399,50.12628695223425,0.30742418996606924,1
2.117486000061035,55.21957977384307,0.503843115855616,2
2.462455987930298,55.20539859078028,0.4374110194044304,2
7.263653755187988,50.12028673307482,0.30978036326401664,1
7.6767189502716064,50.13026168536221,0.34989654205548276,1
2.1505589485168457,55.13433242760008,0.3957769138414969,2
8.88762092590332,50.138349131518105,0.25354508516847374,1
2.7479398250579834,55.159326487233514,0.5696608712508988,2
6.98653507232666,50.10036459651703,0.17617445280724325,1
2.3479020595550537,55.16025299732998,0.489945381675002,2
8.490092039108276,55.16684675048919,0.5021419723750931,2
7.680005073547363,50.179137873325146,0.25711566847987755,1
8.487810134887695,55.19349837606385,0.48486406646791397,2
8.597332954406738,55.160465718402776,0.4863350184407791,2
7.285457134246826,50.15905150919358,0.29370712288042,1
8.930185079574585,50.1395238572787,0.2594593197185936,1
8.901414155960083,50.18007080085731,0.30339791215950507,1
2.0721616744995117,55.21743080446882,0.4788796700318473,2
7.150923728942871,50.14981603492555,0.2284902671436066,1
7.5514349937438965,50.218069751860284,0.24871735407298912,1
8.56023621559143,55.167472681895774,0.5440600775774501,2
7.678670883178711,50.15985924011483,0.29690410038487675,1
7.3724870681762695,50.11896330584847,0.202671795907729,1
8.78065299987793,50.1387727250942,0.277610467332281,1
2.611138105392456,55.17420084844884,0.4650794836227884,2
2.1341960430145264,55.140224725363794,0.5152901996218304,2
6.895784139633179,50.15773293378116,0.19568960556982407,1
2.113499164581299,55.18271847273858,0.540743493897393,2
2.10231614112854,55.17453538373157,0.5019345506472466,2
8.11084794998169,50.21067700410202,0.27998652933179036,1
2.3551828861236572,55.16252198047397,0.5414888537473395,2
7.049518823623657,50.20702172235942,0.1677871929371167,1
6.97945237159729,50.17267207867128,0.24471903286047283,1
7.289068937301636,50.176213346782944,0.2980792836948219,1
2.0009069442749023,55.19418663214481,0.4876910634206392,2
6.982405185699463,50.1731336467243,0.23684871592239076,1
2.681049108505249,55.18813097575779,0.5351931188487717,2
1.9624121189117432,55.160606803402004,0.5288718169134865,2
7.427889823913574,50.172226129229045,0.33060429762064514,1
3.1141140460968018,55.1950403642261,0.630762725693333,2
7.456697225570679,50.159890097876485,0.34182968167978534,1
8.73811411857605,50.16791762910796,0.29863046262285536,1
2.8358731269836426,55.135080775562734,0.577672446025999,2
2.509176731109619,55.15090707893062,0.5235096830669046,2
1.9225201606750488,55.18739432617502,0.5002645283991822,2
2.153014898300171,55.17686431728378,0.47710364537145245,2
7.823586940765381,50.13882860822848,0.3045288435518526,1
7.43445086479187,50.171193454371796,0.23682951760154586,1
7.237658262252808,50.1389223893891,0.3097852687021005,1
1.9232518672943115,55.15408060598602,0.5014151315432185,2
7.684044122695923,50.14709518454566,0.33955171210764373,1
7.673253059387207,50.1597821970169,0.3299283169941096,1
7.818886995315552,50.11945710064521,0.39106161742051504,1
2.2726240158081055,55.178697954499555,0.5026505660011915,2
8.786016941070557,50.13262775857904,0.29545226404072544,1
6.827830076217651,50.155174536206374,0.25250916416367386,1
7.5468902587890625,50.12924275068316,0.205747099009952,1
2.624602794647217,55.182452485174146,0.5442569985005895,2
7.241435766220093,50.13546365022863,0.24009135548101712,1
2.110795021057129,55.17813775210704,0.45349614304489316,2
8.645277976989746,50.180348734036585,0.28215231741832897,1
2.016957998275757,55.18134513257975,0.45446295515557245,2
7.268892049789429,50.11479193317411,0.3204523362457358,1
2.5252671241760254,55.16415018856747,0.4368468547645864,2
7.663214206695557,50.16399785921985,0.24571392996081157,1
7.6138060092926025,50.14825261081259,0.3181028477315922,1
2.399336814880371,55.15263254902183,0.4738309282572178,2
1.9975149631500244,55.186727282083794,0.4480917303628782,2
8.390414714813232,50.14319442279526,0.2798026334806083,1
2.0154149532318115,55.13071400955688,0.5471293479837236,2
7.977592945098877,50.134610162674434,0.20930018642800502,1
2.490441083908081,55.171705217799726,0.4494136991724177,2
7.161843776702881,50.17303555098601,0.30452163447792796,1
2.0915229320526123,55.155485003899976,0.4722700079921421,2
7.322456121444702,50.132313992734126,0.27536713897628773,1
9.176110744476318,55.103930752441954,0.5019437632439891,2
7.0120978355407715,50.14174156844486,0.17930889010968454,1
2.1050338745117188,55.13870030919261,0.5527742960308296,2
6.9599690437316895,50.12030381449739,0.22148469178270153,1
2.0395030975341797,55.171425813945625,0.41476800975638595,2
9.085952043533325,50.167257520199485,0.19244368789951788,1
2.4359002113342285,55.1613436084876,0.5834145886037939,2
1.9656398296356201,55.149071299769545,0.5464479438988803,2
2.1481080055236816,55.14881736842169,0.5159689086115727,2
2.1605050563812256,55.19399334091823,0.5886510112046046,2
7.624957799911499,50.16399656166242,0.2919497044735246,1
7.550013780593872,50.171068150257994,0.2674807298650321,1
8.206459283828735,50.14130754957543,0.3069509131842144,1
8.5839262008667,50.131957280234644,0.31401369809289803,1
8.483718156814575,50.11725519229701,0.13401870920981052,1
7.096122980117798,50.152553420208875,0.2217119968732722,1
8.406841039657593,50.15190078288059,0.2828821373529373,1
7.187989950180054,50.147972986709725,0.25369601435684525,1
2.152756929397583,55.17563482448776,0.4858446371140337,2
9.294086217880249,50.17923597763471,0.3152864874228671,1
2.340193033218384,55.20472418416588,0.5426653738213616,2
7.56192684173584,50.1750599329459,0.18842086198899302,1
7.2160539627075195,50.12219985465199,0.29883027926668493,1
7.212508916854858,50.14993884449395,0.32212387164222955,1
2.6686959266662598,55.15980131093342,0.4275201609910327,2
1.8002641201019287,55.16019767563401,0.40172772655356714,2
8.537710189819336,55.220347536796936,0.49752610487098514,2
7.249252796173096,50.17793323300767,0.3110265275403672,1
8.754342079162598,50.12763294363538,0.2994325076353048,1
2.655855178833008,55.13464085139354,0.5330953633277026,2
7.213571071624756,50.20023941202111,0.2589985159025,1
7.089861154556274,50.1496348390815,0.2561416788858042,1
2.8290858268737793,55.14318750242106,0.5728421247682094,2
7.329659938812256,50.12136594738493,0.3054545083621693,1
8.692234992980957,55.17904335463076,0.5490618022002665,2
2.524641990661621,55.175218605885476,0.5117716860830899,2
7.387295961380005,50.15754636961096,0.2702533539968117,1
7.223119020462036,50.181990974399724,0.3371631176597474,1
2.1893067359924316,55.18105332895948,0.48039482042503945,2
2.8559978008270264,55.14706472729435,0.564515879973422,2
9.346360921859741,55.185786164108826,0.5607601407895355,2
2.144535779953003,55.13315266757002,0.5306079810083644,2
7.057982921600342,50.16839060883754,0.18515115322309023,1
7.137708902359009,50.18643637708332,0.28756605324763357,1
7.7666707038879395,50.13535626817497,0.20710425700024876,1
8.561280012130737,55.17776075159394,0.5600392184602703,2
8.063501119613647,50.17740501151949,0.24309916405380155,1
8.703469038009644,50.13419510228082,0.2326388265214672,1
8.571570873260498,50.17574009836447,0.25944515181092104,1
2.9775497913360596,55.1833523422339,0.4361060067645781,2
2.342378854751587,55.180239649812485,0.5038322658698742,2
7.415756940841675,50.163299030270075,0.24248692214975465,1
2.655089855194092,55.195876968987655,0.5974201807612991,2
7.4384849071502686,50.12566496485647,0.15118577917239764,1
7.215173721313477,50.16228643589302,0.1963112739468339,1
7.576656818389893,50.16198167642827,0.2907572365725811,1
1.6553590297698975,55.17626351356352,0.4755433230208337,2
2.422481060028076,55.168993714159086,0.5159131138412307,2
1.7911911010742188,55.18247172436712,0.5550377846538572,2
9.038145780563354,50.16048036614964,0.1760403817882541,1
8.447758913040161,50.16578140558351,0.18312242114492291,1
8.243629217147827,50.16276744812754,0.2659451140081519,1
7.785769939422607,50.16055748286555,0.27645441372724805,1
7.185219764709473,50.11464869800355,0.30372073428490715,1
8.980257034301758,55.18974224744947,0.5626758506732106,2
7.539575099945068,50.12907354696781,0.21590685749703667,1
8.679841041564941,55.15880197239222,0.4486257603742258,2
2.272341012954712,55.177292009383436,0.4978476792972528,2
8.158046960830688,50.1918844706609,0.2984691828310926,1
7.739763021469116,50.145811570223884,0.225125545858804,1
2.0378897190093994,55.169517852998034,0.4811339936124951,2
7.367100715637207,50.15371293916302,0.22667797104629828,1
7.326181173324585,50.127377653636934,0.26375589505330016,1
6.686908960342407,50.139789961166784,0.2429476657215152,1
2.5040159225463867,55.18734569500906,0.5310867708901741,2
8.456449031829834,50.16823644724622,0.31011902788731227,1
9.151756048202515,55.13759971867039,0.5413869856602946,2
8.541415929794312,55.16503518264556,0.4569248015264972,2
7.224422931671143,50.17062062623015,0.23694100129151882,1
2.095723867416382,55.145309555838494,0.4460808077305486,2
8.760547876358032,50.19358298246919,0.1878648084028543,1
8.897121906280518,50.16937817112124,0.348787921294088,1
7.388062000274658,50.15309909357416,0.33641186440903365,1
8.354366779327393,55.16211297655239,0.48848293386242003,2
7.016401290893555,50.142018506971134,0.17446780831835254,1
7.225044012069702,50.1886514980938,0.2617939255409371,1
8.195667028427124,50.167049324704855,0.21395983831052978,1
7.504249095916748,50.15377006826758,0.327377869822006,1
2.7158498764038086,55.12969345365336,0.5458506614249323,2
8.422575950622559,50.11307393716923,0.2530487983841708,1
7.3435938358306885,50.13208399105755,0.24191534608891357,1
8.226970672607422,50.17286635780536,0.27174654256863673,1
9.012298822402954,50.14770134571269,0.24758657221399055,1
7.5029520988464355,50.114741330411974,0.3048272063068725,1
7.679955005645752,50.15771537468472,0.2173837475936118,1
8.035298109054565,50.12238003683834,0.28327964835304903,1
6.845556974411011,50.17404001480692,0.20437044338431942,1
7.479331731796265,50.17197524711997,0.3801597637335983,1
7.518029689788818,50.112537676432424,0.2705943074443274,1
2.4557528495788574,55.18872968616476,0.5594506704868616,2
7.364792823791504,50.15102017200344,0.28151959486543743,1
7.969047784805298,50.134977024879525,0.30067787210233654,1
6.924736022949219,50.14476791673616,0.28005573623224955,1
7.0183069705963135,50.15074080785276,0.20968072862331505,1
6.929340839385986,50.16595267975964,0.23890227341158835,1
7.271513938903809,50.160596066857195,0.2488847010515848,1
7.364230155944824,50.152997504930795,0.24238357845696484,1
8.32930588722229,50.17993720989236,0.26498691052979473,1
8.503241062164307,50.145437491652245,0.30674605182272585,1
2.142767906188965,55.206457012231226,0.4524713111890909,2
7.285053968429565,50.16670741172039,0.24754251692233734,1
1.8680672645568848,55.14036975976761,0.5363154011557795,2
1.7556400299072266,55.173869978823205,0.46783236524474414,2
7.39987587928772,50.19663284799361,0.19917062891538956,1
1.8788361549377441,55.20224643535706,0.46608998336949947,2
8.137447118759155,50.17056985385335,0.3104998115064021,1
9.660809993743896,50.17632780866719,0.2533748494165642,1
8.000958919525146,50.150825411211514,0.20057420006148538,1
2.551283836364746,55.16892749871734,0.4487938074047069,2
8.468171834945679,55.18369675150322,0.489947230009117,2
2.0126936435699463,55.163214576319376,0.45332003147821864,2
2.839000940322876,55.12402636767363,0.5594085221475624,2
9.182001829147339,50.15745977643054,0.23097800831872117,1
2.071751117706299,55.17604134786477,0.5627395843849821,2
2.0449306964874268,55.15727384277257,0.4412329976746212,2
1.9611320495605469,55.1325567869368,0.5221343887714209,2
8.785873174667358,55.17046476568524,0.5100527602879694,2
7.363269090652466,50.1690853242334,0.19221975133310515,1
8.186844825744629,50.12172889404102,0.2148932936341345,1
9.437900066375732,50.11698663971734,0.32549243699850255,1
7.498682737350464,50.138869645782165,0.2462505807482481,1
9.084441184997559,55.14711316619312,0.533094892364296,2
8.227712154388428,50.14207256952814,0.34980075015599943,1
2.038861036300659,55.16909776408649,0.5141388219751006,2
2.441777229309082,55.155965724371676,0.44238542985203255,2
6.883443832397461,50.19856146174852,0.19039989466504714,1
7.424324035644531,50.1202632419937,0.3229393339319938,1
2.121791124343872,55.11784326336042,0.5543408243714512,2
7.07153582572937,50.14291288858904,0.2463195109569562,1
8.818418264389038,55.138597317984846,0.5230285514421132,2
7.1888649463653564,50.14793877268135,0.2960210540506338,1
8.905099868774414,50.15280014865233,0.35025440633792393,1
7.664151668548584,50.146090908410315,0.23957091683537254,1
8.302194833755493,50.18058543661358,0.24021356768119725,1
9.05078387260437,50.11297426388208,0.26561337806073376,1
8.689809322357178,55.199571315037566,0.5087460696335899,2
7.160070896148682,50.120793824953346,0.2920708854477156,1
2.752112865447998,55.14114366617433,0.5550802659912031,2
7.537271976470947,50.17317320214855,0.22774430848425198,1
8.427570819854736,50.19693303194282,0.26397422762377565,1
7.000666856765747,50.09673621411197,0.24337437261942974,1
7.256496906280518,50.116343756277686,0.3216391799707751,1
8.59041714668274,55.15682841003192,0.4971460497852488,2
2.0775856971740723,55.18513828391861,0.5403655208268676,2
7.6852381229400635,50.17555300165455,0.2805203443907636,1
7.123375177383423,50.20773614107344,0.3045463929940692,1
7.189269065856934,50.18614589969697,0.2182018116185006,1
8.271536111831665,50.161988885359484,0.28891533057644975,1
8.543490171432495,50.117959549192456,0.2806095268029255,1
9.093332052230835,55.19276766356468,0.4938046991365165,2
7.117503881454468,50.18942354155325,0.2612857000857091,1
7.78608512878418,50.20432360355581,0.2851251577073908,1
7.908960819244385,55.187879006659,0.4784389778598688,2
1.763232946395874,55.13930849309453,0.5309592250425883,2
9.077280044555664,50.198280069738836,0.24772238238647984,1
2.117196798324585,55.18364285761077,0.5350382276674627,2
2.39367413520813,55.177376069553226,0.5610214595048739,2
8.436110973358154,50.14564626146681,0.2328663879258366,1
7.208568096160889,50.15612144776266,0.31121619297978237,1
7.455158948898315,50.148195410079786,0.21979178901032115,1
8.392173051834106,55.1283006411704,0.41896017701971383,2
9.067277193069458,50.103656795675775,0.3018812964103687,1
1.6483638286590576,55.16559238171852,0.48495393812437865,2
2.3914151191711426,55.110587399485965,0.4603340517606111,2
7.56424880027771,50.1402399517155,0.23383276376960632,1
7.709473133087158,50.139266348586624,0.2763586567194989,1
7.372372150421143,50.20023924449724,0.32252317598109653,1
2.4606270790100098,55.1330800225157,0.43313172972867015,2
7.690506935119629,55.16857286526782,0.4530475727301083,2
7.287724018096924,50.16880561181609,0.24281253624107266,1
2.6235198974609375,55.19834988448554,0.49419491028518087,2
8.617641925811768,50.17597723708038,0.3182390370743779,1
7.640830039978027,50.143136621773245,0.2699372799473121,1
7.508404016494751,50.13734580015122,0.1988191997096917,1
8.778127908706665,55.193215370265214,0.4026147369202431,2
8.455659866333008,50.186565502620105,0.24757489640514926,1
7.647114038467407,50.16709261403402,0.3784479616674844,1
7.063133239746094,50.18635391432396,0.2523763179426642,1
2.119569778442383,55.17723531384882,0.4860958117031917,2
1.9508590698242188,55.177382822284365,0.5296887180973464,2
7.687989950180054,50.11667383732647,0.30099855334692077,1
1.9733262062072754,55.190202178761886,0.5467735960088203,2
7.428241014480591,50.13258335237455,0.2723574598072211,1
7.532395839691162,50.135117643146955,0.2408228950949039,1
7.551265001296997,50.13598660084778,0.23683719840878428,1
7.350450038909912,50.12121050586595,0.3147674024561279,1
8.850670099258423,50.147293227671184,0.26812566248808656,1
2.303133010864258,55.16665576864346,0.4437070662416821,2
6.91759991645813,50.127565342324765,0.22473011062818687,1
8.428375005722046,55.17118747467765,0.4963629295621266,2
7.671820878982544,50.202140912219875,0.27687667533880755,1
2.292965888977051,55.203692710116805,0.5390921235916897,2
1.997359037399292,55.185580385739655,0.446634278227802,2
8.743138790130615,50.15841383594035,0.2543160119765164,1
8.352665185928345,50.17144928948055,0.26258948782392566,1
9.00193476676941,55.20181355732438,0.5124458897403337,2
2.7309179306030273,55.14176174982973,0.539195603236397,2
7.615198135375977,50.17987290981779,0.21664870044875478,1
8.775684118270874,55.18361244642841,0.4691862075568138,2
2.09856915473938,55.18354638358251,0.5095708864290824,2
2.575969934463501,55.20651946943121,0.43162746744605773,2
7.604491233825684,50.19313899531936,0.23600894046055776,1
2.183695077896118,55.18519705206025,0.5769030552244334,2
7.325398206710815,50.18115902830747,0.21650437108642656,1
7.906757831573486,50.13970167490461,0.2702667094609016,1
7.597095966339111,50.17143887522913,0.21951309230114494,1
7.145855903625488,50.137309167109585,0.25191762799678463,1
2.871772289276123,55.170305182758156,0.6169740530686527,2
8.781157970428467,55.169695235002884,0.4882380435232464,2
7.3806939125061035,50.121248815265574,0.23924968132620225,1
8.468684911727905,50.17982648794027,0.32159637073093783,1
2.222628116607666,55.188332497947734,0.5361148964071507,2
8.090697050094604,50.18021645486083,0.3316134851186162,1
7.596006870269775,50.17090376652819,0.23609042838535538,1
2.6416304111480713,55.19020259070149,0.44299903735417046,2
8.84732699394226,50.152797569540326,0.24695987201337005,1
8.387354850769043,55.108697946495546,0.45594374996615594,2
8.478027105331421,50.14640904340323,0.29418761429292273,1
7.121567964553833,50.16247161403218,0.30515861719057547,1
7.624564170837402,50.1692008730427,0.3016749078057438,1
2.196852922439575,55.191135884238946,0.5512192021667984,2
8.388750076293945,55.1791799509463,0.46349790317992257,2
8.203680038452148,50.165165848166524,0.2711332624711161,1
7.285037040710449,50.1496267899585,0.26771772747094835,1
8.398078918457031,55.18250180243673,0.6288475752210414,2
9.03324818611145,55.14054394164417,0.5258830486658009,2
7.831452131271362,50.16592799757569,0.2749210953371509,1
2.2569568157196045,55.154228107108,0.4477809992678631,2
1.6138665676116943,55.19288973360787,0.5052937714128203,2
7.1666460037231445,50.14605234871215,0.2603964449792534,1
8.447814226150513,50.172523904640656,0.19780025912534321,1
8.35021185874939,55.179451176931664,0.4564797908877337,2
7.682178974151611,50.17578836499478,0.22409661900213504,1
2.212374687194824,55.1180125585277,0.5320416617664474,2
9.151216745376587,50.16040282286553,0.29342740749989926,1
2.027292251586914,55.15171847305603,0.5049139521805991,2
7.297211170196533,50.168897771704366,0.2860937519070161,1
2.188777208328247,55.21646674538333,0.5693059417886936,2
8.32235598564148,55.13853773449479,0.4574794247404691,2
8.570119857788086,55.15275856030728,0.5354671873186094,2
7.788318157196045,50.17762977265139,0.2163973153204185,1
7.050046920776367,50.146974524651505,0.22590294318368254,1
8.48190426826477,50.19493874826254,0.24044122049762742,1
2.50700306892395,55.15620423057254,0.4119865033022356,2
2.202883005142212,55.19980538714479,0.5075810329249972,2
2.3057961463928223,55.19910479802418,0.4483184940060431,2
2.4091639518737793,55.137164902345425,0.5136343462963727,2
2.4330811500549316,55.17464978472953,0.49077111116109173,2
8.762011289596558,55.17039875686972,0.5308484600805373,2
2.007169008255005,55.2010901854533,0.594017667423496,2
7.04737114906311,50.15251937802354,0.2754868198591434,1
8.771237134933472,50.148901407311826,0.2569235812649184,1
2.0818188190460205,55.193708659909035,0.4722513947380331,2
2.288357734680176,55.16779459287535,0.5063978731938246,2
7.7876198291778564,50.16251693649881,0.3139376742685484,1
7.016324758529663,50.15063693592582,0.22841922872845785,1
2.1180260181427,55.16756230435676,0.491133665859272,2
7.9116151332855225,50.164547183484785,0.2540820232221692,1
8.085701942443848,50.17321912891585,0.245263015977692,1
7.415842056274414,50.15071305645766,0.296287270420515,1
2.008772134780884,55.114717110086296,0.5115554783167482,2
2.6459829807281494,55.15671341150683,0.4702902923930508,2
2.558128833770752,55.162431760769444,0.44979106328706986,2
7.185059070587158,50.14442998059679,0.22305976223940663,1
7.594204902648926,50.13234338464481,0.3078454138273013,1
8.162369728088379,50.10244591518083,0.22221484308446518,1
8.141801118850708,50.154934994669205,0.26638522262995035,1
6.816758632659912,50.184134320901016,0.17330690548679392,1
7.443857908248901,50.10349653345708,0.3077159921574299,1
7.2503132820129395,50.161145763524004,0.28016099661166133,1
7.803901195526123,50.13818000887906,0.29270962678089946,1
8.54327392578125,50.14353684918767,0.218443199075366,1
1.6668422222137451,55.14621731919248,0.4331734711898916,2
9.041280031204224,50.157228533021666,0.29055150311653516,1
8.557651996612549,50.18044897759022,0.23463316221992275,1
9.136388778686523,55.15532390453092,0.5168887013592571,2
8.916746139526367,50.136514472398474,0.3199089382023761,1
8.741137027740479,50.158643958009264,0.20976395066097878,1
7.781235218048096,50.180633052671475,0.23530124327249813,1
2.77897310256958,55.19717590572347,0.5497156004288326,2
2.1823790073394775,55.18447531900448,0.48070887908445714,2
2.36336088180542,55.19720897165295,0.5504348804537826,2
8.548066139221191,55.13968485267178,0.5227391154470054,2
2.385540246963501,55.13861844334218,0.48369631154147696,2
7.448596954345703,50.15130958410066,0.3032299753573874,1
7.4127280712127686,50.15793686215775,0.264917738106623,1
8.793664932250977,55.18228119315667,0.5467954546272644,2
7.2596001625061035,50.13735575138545,0.20700528364352633,1
8.11238980293274,50.15898655175327,0.28401707482210403,1
8.82065486907959,50.14609535221387,0.30040515807404466,1
7.279460906982422,50.13390462657584,0.30826693987068887,1
2.1041018962860107,55.16312709972698,0.4930144272010458,2
7.709533929824829,50.16555712499461,0.29695613227790973,1
8.436360120773315,50.17419638545975,0.2162373475926921,1
7.651898145675659,50.139676541344336,0.2652282745637406,1
8.150810956954956,50.14587491386103,0.24264310501481706,1
1.835963249206543,55.17336118892627,0.44504510295238703,2
2.4746198654174805,55.164594003532386,0.4632240714104606,2
8.166836977005005,50.18996773001239,0.42646591539615025,1
8.428543090820312,55.194759268644525,0.4834190969277932,2
2.1644561290740967,55.16406983870819,0.5394467335368917,2
1.4313838481903076,55.1778519275606,0.4079002095534976,2
8.353695392608643,50.16205807096783,0.32905524244809303,1
7.339660882949829,50.116840314432686,0.3643191557756992,1
8.587532043457031,50.13705237676254,0.29900083991040854,1
2.162806987762451,55.21369981974475,0.4734658440099919,2
8.155469179153442,50.15564613441212,0.23302881755493407,1
6.845653772354126,50.16000492023307,0.18740697630759737,1
2.9141008853912354,55.1476437051639,0.5102133937995597,2
8.580305814743042,55.18506243498954,0.5638348981676681,2
7.132758140563965,50.14532066187038,0.19373747026207877,1
2.107825994491577,55.13560577519426,0.4986780922500844,2
2.0017971992492676,55.15446864061094,0.5160220972399068,2
1.8245680332183838,55.172809321699184,0.5700224336267689,2
7.460592985153198,50.155053155636935,0.2701323506672783,1
6.968163967132568,50.12209407879568,0.20912642536005754,1
8.270913124084473,50.139909519353274,0.27291102879020596,1
8.171667098999023,50.16788511531759,0.28440114623361024,1
8.508136749267578,50.152902741383855,0.3029415177625954,1
7.366313934326172,50.18633642803213,0.28819303110123085,1
7.818894863128662,50.138820113219204,0.24290661932711216,1
8.565266847610474,55.15780748010631,0.5171841525942306,2
2.5559821128845215,55.17213303202398,0.5195234555111465,2
8.775276184082031,50.12238643831891,0.21394974123319116,1
7.064918041229248,50.15214866317591,0.2410029234384591,1
7.509944915771484,50.150379452867526,0.22609975006535588,1
1.905998945236206,55.159575059218255,0.4650155120441871,2
7.422510862350464,50.193983507178274,0.2755259594911719,1
8.681502103805542,55.12345624865659,0.5288804269677919,2
8.823917627334595,50.156578801685924,0.27188670398139975,1
7.9796130657196045,50.14295962545427,0.2774859233876703,1
7.14874792098999,50.1451426076077,0.1962882947134113,1
7.146991968154907,50.166020354881454,0.2308645880716526,1
7.238453149795532,50.12432464972356,0.35782051238589674,1
7.765591144561768,50.166835631481995,0.20983187902090894,1
7.228605031967163,50.14216693350287,0.24219504553630913,1
6.9729626178741455,50.19572680293958,0.27415884976725624,1
7.069660902023315,50.1663487816826,0.24061882531989057,1
2.028388023376465,55.15712617524731,0.5612259876325565,2
7.1961400508880615,50.157477402166606,0.188492298897865,1
7.250963926315308,50.18846891585746,0.3158184682831049,1
7.185347080230713,50.17361891032793,0.2648271544197993,1
7.085301160812378,50.160155814169386,0.2794323699077273,1
6.675312042236328,50.15017530136387,0.2163467505656436,1
7.2317869663238525,50.17220623162173,0.24245285245193499,1
1.591860055923462,55.16878478183157,0.4721984966739473,2
2.019231081008911,55.137668208515606,0.4939908879981816,2
6.824461221694946,50.14785572278343,0.19800720900612112,1
9.089953184127808,50.13743330470266,0.2650815502167029,1
2.4373769760131836,55.20169368213715,0.4883640099848705,2
2.0346388816833496,55.16849021612453,0.4763514223993526,2
8.1060049533844,50.16864944330379,0.29070306004183394,1
8.043654918670654,50.1621101324067,0.23263842073389274,1
2.519294261932373,55.17529484260458,0.49948829692219127,2
6.968575954437256,50.18392791583095,0.1914912598422901,1
8.851696252822876,55.177351852032814,0.43088123627980396,2
2.430891752243042,55.15910743226939,0.5083857837762601,2
2.360978841781616,55.147726127894366,0.4895141756212749,2
7.681460857391357,50.15116055455574,0.3206124431931803,1
7.593883275985718,50.148209216184,0.2552764677984394,1
2.602490186691284,55.20401574218185,0.5496821049810007,2
7.797579050064087,50.154720039866206,0.32845354877873645,1
2.429231882095337,55.17052119030568,0.4223115908666698,2
2.676305055618286,55.15046184936131,0.5326567368468849,2
9.070765972137451,50.14022139149664,0.27892017944708486,1
3.0149221420288086,55.15302205981288,0.5794625314716315,2
7.2775092124938965,50.131762377145435,0.3064189614700071,1
7.401979207992554,50.177989894783146,0.2602949931217212,1
8.072266817092896,50.141116513758355,0.28607499794658053,1
2.4828529357910156,55.182183711249266,0.516996893350365,2
7.579279184341431,50.1383606331355,0.2845914479507841,1
2.461246967315674,55.17593386047604,0.5119006221136213,2
7.452770948410034,50.166305097779826,0.25958393354875464,1
2.284811019897461,55.16037402483858,0.6173174474666556,2
2.3915939331054688,55.17060811378772,0.4958553543318006,2
7.255239248275757,50.12648880922235,0.36064262321148277,1
8.180323123931885,50.16722562773717,0.33722267211028684,1
8.2919020652771,50.159464929139034,0.28975049603430536,1
2.239448070526123,55.16617775704828,0.5552951635828204,2
8.675641059875488,50.15600809959915,0.24495212310979456,1
2.2728042602539062,55.14940191454959,0.4764094533446269,2
8.865474939346313,50.16131565056323,0.28213263633973235,1
7.618427753448486,55.15978900234327,0.4071112150175346,2
7.443192005157471,50.1788637199803,0.2980181451876741,1
2.2048959732055664,55.16285236249211,0.46858870830188304,2
9.130077123641968,50.169945426865354,0.2619633403634926,1
8.927122116088867,50.16712016574141,0.2310343936143462,1
2.383845090866089,55.19128434179017,0.5091891969993203,2
7.387660980224609,50.193567530571386,0.16947276811148634,1
8.33078122138977,55.184355753376,0.4396807660758535,2
7.49849796295166,50.12670098591936,0.3282194142494915,1
1.8451039791107178,55.18219303885058,0.5342892272673301,2
8.67773699760437,55.17270629715236,0.5775968979968358,2
8.271363735198975,50.16239733716007,0.26894931199643923,1
7.572057008743286,50.142185082499765,0.3161023204410722,1
8.926754236221313,55.16513190274066,0.513091766746128,2
7.5844151973724365,50.184908353640026,0.23233095515469201,1
8.859764099121094,55.13498583192397,0.47183286143476066,2
7.69591498374939,50.15666609850584,0.21233202928577333,1
2.855760097503662,55.209808472984555,0.4586175612680009,2
7.740183115005493,50.16774982876783,0.20131416695035062,1
9.067229986190796,55.18217378311193,0.5213075187454971,2
7.66028904914856,50.14838676325806,0.2647113248859891,1
8.188801765441895,55.15280857390719,0.5272380123948891,2
2.0561437606811523,55.18114911104523,0.47225762188783116,2
8.272578239440918,50.143342934066276,0.2550175131206371,1
7.449274778366089,50.13701307853129,0.2269146170214864,1
8.745458126068115,55.1690303592783,0.5381283118553086,2
7.523813962936401,50.13889804659991,0.2626630146344687,1
8.672745943069458,50.164176253073826,0.250366851639102,1
2.5727741718292236,55.15298688834723,0.590931418395876,2
8.523133993148804,55.1687489526592,0.4815630466470143,2
7.919098854064941,50.18966055446623,0.27709346682433506,1
9.51288390159607,50.16044604457673,0.2619336146187962,1
7.403940916061401,50.18490603289611,0.2082943401909942,1
8.39814281463623,50.167320726937675,0.40646635633853956,1
8.656317949295044,50.171564216924736,0.3701296845112646,1
8.689643144607544,50.14957822691466,0.23280955805986286,1
2.4391608238220215,55.223740940687456,0.5396672220558182,2
2.0539019107818604,55.195984877834256,0.5340610829535127,2
2.2424488067626953,55.16220462485478,0.5205216841603713,2
1.768301248550415,55.18384433823663,0.47149090073578614,2
7.588331937789917,50.163470650935054,0.3313259337400598,1
2.4990460872650146,55.11494827285609,0.43724964441911496,2
7.069825887680054,50.159285669276365,0.24063302658853752,1
2.976468086242676,55.17514830953532,0.5701938911188689,2
1.9850349426269531,55.191107942363885,0.517799987091623,2
8.211755990982056,50.16760309645012,0.24580544563408524,1
2.010956048965454,55.180903679752575,0.5201716484564978,2
8.546480178833008,55.13931521144302,0.6026697367425643,2
8.652956247329712,55.143450089872346,0.46890132558119246,2
2.8800899982452393,55.173498908791075,0.5054617750191516,2
