9.6183340549469,35.12105937614638,1.0031489184076012,4
1.9577867984771729,25.065011535785267,0.4264072684359278,2
8.803011178970337,35.08943035872386,0.9096755586012235,4
7.687012195587158,20.01511535894014,0.3126653838491923,1
9.870702981948853,35.09827565529621,0.985297101172026,4
7.165204048156738,20.059143737140847,0.24600268933317926,1
7.503957986831665,20.056940255044285,0.2541666327576334,1
8.932909727096558,35.090202542089386,1.021680879489905,4
7.310728073120117,20.084432915131845,0.31017903640704003,1
7.883033037185669,20.073776703728416,0.2953230300304526,1
8.97813105583191,35.096993679141384,1.097366169511987,4
7.801542043685913,20.026249667007846,0.17327928743146384,1
2.1431961059570312,25.05924718217205,0.5917871023096934,2
8.012679100036621,20.084791301406376,0.214498131234489,1
9.39326810836792,30.09216759764075,0.7761150862080651,3
9.45305609703064,35.10766694925605,0.9247041219620515,4
10.50989317893982,35.11560307630826,1.068003722213489,4
7.595582008361816,20.06081236287665,0.28417304842350727,1
9.831573009490967,35.10266277254797,1.0922939796926636,4
2.660378932952881,25.069763518654852,0.5184967098411073,2
7.178149938583374,20.07865094669604,0.25890791636526467,1
2.5879390239715576,25.06155172257844,0.4800395824947813,2
2.0797817707061768,25.069249849862594,0.4609646295374945,2
7.180669069290161,20.038697011163883,0.2404193717660116,1
7.453683853149414,20.074560331537104,0.38859119105039264,1
2.306715726852417,25.089614943486527,0.5560648108058062,2
8.543877840042114,35.126035330674675,1.0091292614494272,4
9.141024112701416,30.09812622727073,0.7414123954942824,3
2.327625036239624,25.096362014066592,0.5567767506193055,2
9.657600164413452,35.10540947826033,1.0510527228428652,4
7.475149154663086,20.053746693217295,0.26931745782232586,1
2.064159870147705,25.10150440682901,0.518745455389463,2
7.242624044418335,20.098148723445682,0.2540032178407648,1
7.547917127609253,20.03866406208681,0.3381728772662813,1
7.5693182945251465,20.08827054623395,0.2566204402634055,1
8.846915245056152,30.087254589230316,0.7481871143961392,3
1.9641568660736084,25.118057479453526,0.5637010416497541,2
9.284183025360107,35.09690807450586,0.9292867728719171,4
7.28157901763916,20.04988674031879,0.30260475347333854,1
7.040328025817871,20.067174748638223,0.2985439713298364,1
2.5253567695617676,25.11339027900025,0.44198410711725267,2
7.52436089515686,20.050330068591236,0.3055674084778407,1
2.1138291358947754,25.079765870028087,0.4841608713516248,2
2.2105958461761475,25.10422661233818,0.47947246314126524,2
1.8778769969940186,25.077370527602344,0.5273746908920222,2
9.36054277420044,35.10030623568906,1.0037818065103667,4
2.097956895828247,25.074680101627457,0.5839938227494761,2
9.005441904067993,35.16841807947006,1.079790273477277,4
7.3554041385650635,20.040345521718855,0.17518230411175434,1
7.328474283218384,20.061562165294685,0.20179195746160933,1
1.9881348609924316,25.064889538879058,0.45940216615100005,2
7.383989095687866,20.087002295690688,0.241652580799275,1
6.932929039001465,20.053284562900384,0.3001921992709985,1
8.855471134185791,35.092886531930354,1.031765045022838,4
1.796637773513794,10.037130652385597,0.5565325351535384,2
7.101915121078491,20.0877151970336,0.3001324838045563,1
7.354039669036865,20.084947754952122,0.34931115033588506,1
2.7490718364715576,25.067128233655325,0.5509879977949721,2
2.313232898712158,25.07265223488882,0.44041088546130447,2
8.282141923904419,35.10372459185665,0.9039342523603303,4
2.212669849395752,25.07508707755326,0.5002006500800698,2
8.292726039886475,35.108218780396996,0.9290276890527434,4
7.913918972015381,20.063509298478365,0.22835823472715364,1
7.282350778579712,20.068571240947787,0.2655727322094581,1
7.1276772022247314,20.047033066083067,0.23231101779152286,1
7.6859471797943115,20.0486138045248,0.27261352259855803,1
2.77166485786438,25.07955846724712,0.49727321390123874,2
9.657860279083252,35.110647198159015,1.0054652176673762,4
2.1248178482055664,25.10602572650506,0.4801887752992555,2
2.828371286392212,25.09422250000914,0.5732007081164532,2
9.264493942260742,30.07282197004912,0.776719570197774,3
6.73169732093811,20.067128461984005,0.17240640030355014,1
9.205927848815918,35.111512399804894,0.8899679476015471,4
9.215450048446655,30.07072176131477,0.6840332057954253,3
7.287391901016235,20.02687160021791,0.2591139077188103,1
7.7056357860565186,20.06679704941989,0.2657806295463705,1
7.596193075180054,20.09774039499866,0.25911120797117226,1
8.763213157653809,35.11466819487347,1.096757024456707,4
9.136440992355347,35.08776452725754,0.9019037626043985,4
6.814698934555054,20.070884033682503,0.2262441601365533,1
2.265049934387207,25.07051747453507,0.5025741110284433,2
7.054018020629883,20.06692140438186,0.23248818675938582,1
9.023707151412964,35.104314241421434,0.9309569869329961,4
9.648637056350708,35.099024122086895,0.9059362646868754,4
7.287837028503418,20.038723353770507,0.273997415604807,1
7.1689088344573975,20.03828933473539,0.2868724644956863,1
2.283766984939575,25.088364504066107,0.36458675992683826,2
2.1197240352630615,25.09625037652523,0.5059236274878998,2
8.791049003601074,35.09941041185971,0.9012216891202431,4
8.773283004760742,35.10062101960931,0.9015827385768167,4
6.72682523727417,20.049029605560428,0.2566589618111148,1
6.90776515007019,20.074675376363718,0.26611917528724366,1
1.7157680988311768,10.031078599556642,0.4486249345820772,2
7.049317836761475,20.052584601094637,0.2641659644104814,1
2.1445722579956055,25.08398131067169,0.5122722353543597,2
8.260579109191895,35.10064128236808,0.9337723844265783,4
2.7529687881469727,25.09516163199538,0.4912559028314911,2
9.601369857788086,35.09083899337476,0.9804514656393476,4
6.98262882232666,20.066341651682837,0.3573878670461225,1
7.240923166275024,20.0526576126903,0.30063547651631867,1
2.3972601890563965,25.070424170799665,0.5352932512379146,2
7.334185838699341,20.04228738935756,0.1682405282163807,1
7.916015148162842,20.07334936134241,0.2184048025014509,1
8.982377767562866,35.11979001864236,0.959503356723137,4
7.5186731815338135,20.03724720018029,0.30758522166512664,1
2.4979867935180664,25.073279999227474,0.5620006605227054,2
7.729084014892578,20.070920088823833,0.29496230332185974,1
8.535938024520874,35.12386093459915,0.9416352411713145,4
9.029918909072876,35.11412038843426,0.9730481416944522,4
9.284192085266113,35.07805759155854,0.9645197170854125,4
9.388230085372925,35.09581199965868,1.0845074070590421,4
9.514628171920776,35.10340856493275,0.9815301181926551,4
8.167938947677612,35.12064792383668,0.9422283421874534,4
2.121487855911255,25.095549327418155,0.3971812304351338,2
7.49417519569397,20.02497271606729,0.29007949530726124,1
8.10519289970398,35.121037949398435,0.9863570791934719,4
9.454081058502197,35.08958881429147,0.9364406496306079,4
2.517322301864624,25.071493767670507,0.5016534758508472,2
9.316024780273438,35.10397933815146,0.9478177146623908,4
7.5139000415802,20.082971880366813,0.21850288050431158,1
8.988126993179321,35.09760945957637,0.9616940761910954,4
1.8426530361175537,25.086354945347438,0.49723522981242735,2
7.540048837661743,20.084710356398602,0.21178676345858655,1
7.29814887046814,20.02897597600162,0.27804781190856703,1
2.034086227416992,25.064179614222496,0.4507181930004991,2
9.489774703979492,35.10965028579058,0.9606449195463598,4
7.202712059020996,20.05827679211872,0.1938339959427297,1
9.192809104919434,35.12289632622634,0.8889507678487363,4
7.089464902877808,20.061768386814393,0.29753395549192857,1
7.3879618644714355,20.0742740945364,0.23919535127326214,1
7.2859227657318115,20.07571785282282,0.31837171736311554,1
9.901983976364136,35.127262398836656,1.048509642851531,4
8.421236276626587,35.114112672748604,0.9710539839521395,4
7.535874843597412,20.085904253859315,0.17872067911152018,1
2.1704020500183105,25.074704986664578,0.5086589598240782,2
7.272722005844116,20.06531236235704,0.22416313419973677,1
2.0008461475372314,25.059113769210267,0.5363431705658194,2
2.0506811141967773,25.049959304781172,0.5021226037836808,2
2.3521881103515625,25.10172303573946,0.45600693241150214,2
7.294248342514038,20.076929365003423,0.2574199351215194,1
9.92276406288147,35.1310747752992,0.9833876184565825,4
7.503160715103149,20.06052343693576,0.26684328111455724,1
2.1996920108795166,25.069183633876197,0.5110497968627683,2
8.724236965179443,35.134645999901565,0.8744215380593454,4
9.141755819320679,35.12993837552853,1.0280182033270158,4
8.874568939208984,35.09128125402389,0.9794535422897745,4
1.905076026916504,25.091065030179905,0.5214219798058475,2
2.6220428943634033,25.048209969391483,0.4893657602050393,2
9.099147081375122,35.13843697587896,0.8919767878094891,4
9.699726819992065,35.08471682309399,1.0963902956865017,4
2.4403750896453857,25.05960733921761,0.5389708475576294,2
9.46019196510315,35.11731223298429,1.0003244802336098,4
7.753923177719116,20.040242130803826,0.3877370186402919,1
8.633587121963501,30.108840893644288,0.6249848997937606,3
7.436324119567871,20.06587697526205,0.18978834546967593,1
7.189656019210815,20.083261590424858,0.22479774798678365,1
1.8885979652404785,25.0712645513459,0.4731728649669296,2
10.090542078018188,35.09163480086615,0.9913280642874117,4
7.439889192581177,20.04081246297632,0.28761554458683314,1
7.2504518032073975,20.08135287429927,0.26999928760598996,1
7.502884149551392,20.026150795271626,0.24462895551552288,1
2.248725652694702,25.072768222805475,0.5137119506694949,2
9.132529020309448,35.11268578234359,0.9661438953005428,4
9.134983777999878,35.11217582964531,0.984839284632784,4
2.2149879932403564,25.10239205961827,0.49714883208197935,2
7.033879041671753,20.041113965160182,0.2077251149655839,1
7.493864059448242,20.096106648543437,0.31288761207305954,1
2.2635059356689453,25.08967847676647,0.5621364636127895,2
8.393935918807983,35.08017352049093,1.0058944923970798,4
2.4860968589782715,25.048915473251864,0.48390786911816464,2
2.7835628986358643,25.072436824037766,0.5464738836224304,2
8.999846935272217,35.080507891689386,0.9531657757541372,4
7.529461860656738,20.02083215986088,0.21362974862058604,1
2.3085010051727295,25.06799658973885,0.49492414969388754,2
8.825763702392578,30.10695274066926,0.7657700832684713,3
7.227022886276245,20.05442011322621,0.24291961931160802,1
9.233651161193848,35.079006823504464,0.9900949941076479,4
2.334562063217163,25.090537781462395,0.5680678546711895,2
6.918866157531738,20.089765685090725,0.2652601213053864,1
9.102840900421143,35.13558870405214,1.0276367376639437,4
6.874267816543579,20.086099047512405,0.30674257453312315,1
2.6547958850860596,25.06347860662964,0.40572795918744753,2
8.842717170715332,30.06000844737209,0.7641945898094461,3
2.212740182876587,25.04145017720341,0.4912164792984739,2
9.054928064346313,35.10020960146318,0.9702683178597786,4
8.687238931655884,35.116787881370854,0.937233974139287,4
7.537138223648071,20.061075377469216,0.2778601147726386,1
7.016408920288086,20.04305245427412,0.24770237835868456,1
2.523685932159424,25.062892317712084,0.5438355989628976,2
2.011258125305176,25.0656796404925,0.42622887291776146,2
8.613328218460083,35.14992541278919,0.917835105527446,4
2.111299991607666,25.088997627059104,0.5005069530288593,2
7.703448057174683,20.04146799958644,0.3370542193319902,1
7.2978880405426025,20.067266637898236,0.3730091826838905,1
8.854995012283325,35.12818447475237,0.9856830926904125,4
9.445701122283936,35.07553311129085,0.9914386415604497,4
9.096519947052002,35.116403868705135,0.9471800922489638,4
9.42976713180542,35.129458682258154,0.9991677572821142,4
2.398698091506958,25.060223942855306,0.5085409894551707,2
9.400249004364014,35.12818317097964,1.0184216297199886,4
1.9006659984588623,25.087882047692535,0.5031546918603123,2
8.578402042388916,35.06865547315631,1.0015946683056296,4
2.0553529262542725,25.10103485433957,0.4279174743367685,2
8.712153673171997,35.11077755230295,0.9499889530415091,4
2.7982568740844727,25.09804561463796,0.6517460493521231,2
1.8939518928527832,25.06458436850203,0.4921232764046708,2
7.436882972717285,20.057382193896878,0.4341176534554272,1
2.788851022720337,25.046247268224178,0.4616604442048985,2
6.791769742965698,20.074559005929796,0.2218370328030149,1
7.791885137557983,20.025748588076407,0.2658736010084123,1
7.350733757019043,20.057939125670572,0.2297294753087647,1
7.245514392852783,20.029832071190597,0.2731515004107379,1
1.9492709636688232,25.062352915890973,0.4818227430025508,2
7.770777940750122,20.05491209469336,0.3092716996150244,1
7.4731762409210205,20.076816855953922,0.27252108304817113,1
1.9124939441680908,25.092682319229432,0.47636648054361014,2
7.4045000076293945,20.06996546023938,0.4368066713260333,1
9.150315761566162,35.12110408127572,0.9357020074371988,4
2.2595231533050537,25.067022153751584,0.5779657478681447,2
9.024305820465088,35.10003505942833,0.9882177653654587,4
2.396965980529785,25.0405861258284,0.5597855488667314,2
2.1993308067321777,25.051265752331723,0.5920602862416438,2
1.9248688220977783,25.065677422993943,0.4809725243356723,2
2.5311737060546875,25.074676795337922,0.48028199045445774,2
9.110906839370728,35.097764352452856,0.9548823236890029,4
7.551419973373413,20.033864479663855,0.26845602187986417,1
7.297133207321167,20.041785650664508,0.23812975095267225,1
1.9830989837646484,25.06514142946036,0.4760450739821817,2
9.198051691055298,35.130083970470615,0.9573423461173787,4
7.0539140701293945,20.049063655231034,0.29191543998450237,1
9.192935943603516,35.13023702735476,1.0258778532331079,4
7.225071907043457,20.034657102218773,0.15648430274019393,1
7.584163188934326,20.04883459062779,0.19821877535694102,1
2.113598108291626,25.09090830702867,0.4889018290111563,2
2.091515064239502,25.041651193606356,0.5476875971902597,2
8.777546882629395,30.07921965891302,0.7824127507491493,3
7.165631055831909,20.06504986522919,0.35827065061159435,1
2.4308109283447266,25.086592212595754,0.6487181925059877,2
2.991170883178711,25.093169954573263,0.5235729108620368,2
7.440423965454102,20.08692433542545,0.2245980975961424,1
6.98352575302124,20.040665052089583,0.21790480223553263,1
7.130839109420776,20.087154300201217,0.2383112205840559,1
9.31150221824646,35.1368191512621,0.9592850081989823,4
7.395555734634399,20.06077891335672,0.31730580330244457,1
9.382987022399902,30.106488422958105,0.7367382282747102,3
7.656283855438232,20.03622588407686,0.25235729298848997,1
9.204412937164307,35.120925412062924,0.937244707641323,4
9.543806076049805,35.07011961005338,0.911471360442166,4
7.625956058502197,20.042716552253847,0.28659492310688744,1
7.537718057632446,20.073354936708355,0.33868905327987975,1
8.861060857772827,35.09956127099443,0.8693496921783725,4
1.7925269603729248,10.006417847758506,0.47884901338636043,2
9.239870309829712,35.10407993512027,0.9145249856800789,4
2.2328500747680664,25.08256533054172,0.4853438797900582,2
7.429331064224243,20.058359871438768,0.29262381661156295,1
8.878781080245972,35.08866622689389,0.9903758828188183,4
7.033439874649048,20.03813671625978,0.27084681238984193,1
2.5358810424804688,25.093390760685562,0.44673826411960316,2
1.9249370098114014,25.093926106310803,0.4447930787878701,2
2.3307130336761475,25.062313159053986,0.48029108700198425,2
7.733777284622192,20.018186496201412,0.24651505579699912,1
2.9087400436401367,25.03698081275335,0.5658726230616735,2
1.9132680892944336,25.09435585767909,0.4599747720797509,2
7.227473974227905,20.068165746740803,0.269714648128822,1
9.386506795883179,35.10483758244768,1.0263300982189107,4
8.98031210899353,35.09690803904054,1.0400236050929854,4
7.453437328338623,20.054107941999618,0.28948314477717896,1
1.703420877456665,10.040534562668155,0.4767027822414872,2
9.584458827972412,35.07910995117333,0.9808798296378174,4
7.368744850158691,20.082917812243984,0.18242295471079395,1
8.942543268203735,35.114913751029576,0.9543532688633352,4
9.451061010360718,35.08578103660305,0.9127884835104367,4
8.971369981765747,30.094689702007344,0.7113425610465365,3
7.333432912826538,20.063591403294126,0.2906075669774056,1
8.792050838470459,35.14722910269041,0.8862956478087162,4
2.6375229358673096,25.1074243394921,0.45605580915385224,2
6.8497138023376465,20.053938525344307,0.23648812718516446,1
2.225255250930786,25.066241946718613,0.47520280332252685,2
7.1640918254852295,20.063028667120495,0.2601037987823458,1
9.430738925933838,30.07104523516941,0.7926749528021149,3
9.467680931091309,35.07283688659962,0.8717518902682855,4
1.874634027481079,25.07847222386256,0.506479568642832,2
8.955720901489258,35.15531233707675,1.0168602466111996,4
2.6051080226898193,25.067830196566394,0.5441500878507821,2
2.16255784034729,25.064146822180852,0.536213327732578,2
8.238306760787964,35.10996676141076,0.9345025032479543,4
6.938583135604858,20.038610106665537,0.3144128292884771,1
8.518425941467285,35.11282300305077,1.0445676049310473,4
7.376729965209961,20.057015939269927,0.3417989417039996,1
9.004353761672974,35.090792725538456,1.0732107055313551,4
9.300122022628784,35.1213769959266,0.9355854977905413,4
7.37820029258728,20.053142748665753,0.2578075873678605,1
9.42562198638916,35.10481209002037,0.9120017429609176,4
7.474974870681763,20.05199352247807,0.36626094792503894,1
2.033787965774536,25.06978009195092,0.46778019888959566,2
2.057952880859375,25.03884819814612,0.5061484926353184,2
9.220592021942139,30.05540500618489,0.7407443939088283,3
8.440664768218994,35.10953321907454,1.0308649009933153,4
8.23636770248413,35.128705872262245,0.9231413394054258,4
1.848602056503296,25.059808979890505,0.43168301373448337,2
7.621052265167236,20.040715637007352,0.34621869191417337,1
8.340785026550293,30.075190836679432,0.789476399272709,3
9.447011709213257,35.08311050709161,1.0130223039910295,4
8.96419620513916,35.11756254733552,0.9300941881748176,4
9.069893836975098,35.08204945287142,0.9093731866514804,4
7.416670799255371,20.0659326114047,0.27668244397131997,1
7.0554869174957275,20.0611299999005,0.19697275670273773,1
2.0423707962036133,25.055122278123797,0.4560460702406092,2
1.7732789516448975,10.012223561412402,0.5031419758277363,2
8.827730894088745,35.13715542482885,0.9192993990663166,4
8.549858808517456,35.10387366699594,0.9179426818850894,4
6.944819927215576,20.045524817005784,0.260107447799652,1
2.2252800464630127,25.089149460634324,0.4586546638065634,2
7.0761518478393555,20.047743997829336,0.19280960714118361,1
7.307744979858398,20.06061543647214,0.24310798737674652,1
7.513695001602173,20.071911795185127,0.1928560539400454,1
10.048466920852661,35.12754937236497,1.0874352102334781,4
9.145431756973267,35.13579153406477,1.1161597085219777,4
7.32522177696228,20.04927455156951,0.30342409185681674,1
8.766906976699829,35.104547494283764,0.9118352513580964,4
8.44136905670166,35.096065035303866,0.9388536912963741,4
8.052189111709595,35.093765143548,0.9718466138017233,4
7.270617961883545,20.047298122452236,0.29424550760844026,1
7.986100912094116,20.073055639631562,0.3177149282848564,1
9.70605206489563,35.11858310195439,0.9784435032649047,4
2.8152167797088623,25.065642192714854,0.5437528220694947,2
2.453484058380127,25.070787925064852,0.46882466095488984,2
7.303534030914307,20.065360879170864,0.1918368521687673,1
2.155339002609253,25.11122588668729,0.534093394529248,2
2.969216823577881,25.098095250879876,0.5715179164163998,2
7.102958917617798,20.075140668238383,0.2487927695799599,1
7.268961191177368,20.089583807269822,0.32775200596864495,1
7.485912084579468,20.057290998590474,0.3025646882235105,1
3.463974714279175,25.078138502683576,0.6047472757395047,2
1.9300620555877686,25.095152093459582,0.4615354690887449,2
7.000201940536499,20.06629671202338,0.30037655124702506,1
1.977647066116333,25.06048696318275,0.504280851322672,2
2.060035228729248,25.094401373200565,0.576338829444087,2
9.190120935440063,30.088967207457227,0.7534432061378402,3
7.467786073684692,20.075585981524227,0.24585916911373024,1
9.593435287475586,35.11717213791072,1.0123871907861919,4
7.776137828826904,20.043956633918892,0.2304647708110645,1
7.175161123275757,20.09879035709107,0.305302973319418,1
2.220134735107422,25.0582817536754,0.5603200624613307,2
7.131064176559448,20.019728725120277,0.27424453202381627,1
7.24262809753418,20.05248219147709,0.24464822729074032,1
7.639863014221191,20.07206838365144,0.30749855780770247,1
7.377468824386597,20.056813248947854,0.18474383815551765,1
2.2769429683685303,25.066164753232425,0.5614051000970396,2
7.2724449634552,20.05342569560261,0.29274916759711916,1
9.330526113510132,35.10324547939369,0.9901373544111828,4
9.219935894012451,35.14087458555478,1.0477963054706427,4
2.3565173149108887,25.073702179897158,0.491461200576792,2
1.6865899562835693,10.028724921559522,0.5333595569952874,2
7.336838960647583,20.024738901663746,0.15237890330244705,1
2.931918144226074,25.06879987205283,0.4896244798456224,2
2.0137739181518555,25.07081440781077,0.5207224311674848,2
8.81282091140747,35.119670348810295,0.9307513489372181,4
1.9373352527618408,25.049703492886266,0.5699890869766524,2
8.873063087463379,35.119265349568664,1.0166773674785567,4
7.033828020095825,20.047905438401994,0.2728679570326079,1
7.683795928955078,20.04285876524336,0.34916436447735977,1
6.906832218170166,20.07553685436015,0.28293019883672454,1
6.769046068191528,20.06554321705767,0.2012909617204257,1
1.85542893409729,25.073862668178748,0.5013014440908748,2
8.927138805389404,30.11277972838474,0.7708985333443106,3
2.9175198078155518,25.093631603599135,0.5757154224334875,2
2.716949939727783,25.095371856437893,0.47204257531249516,2
8.547277212142944,35.128185516713856,0.9952202331885003,4
8.734299182891846,30.09002686022012,0.737525921671136,3
9.113385915756226,35.08452585465494,0.9680812697958312,4
7.564785957336426,20.071974391187474,0.26462072864586256,1
7.561432838439941,20.05851645075898,0.3056755028273663,1
9.042436122894287,30.08238159764269,0.6587219493879349,3
9.042890310287476,35.101934905940155,0.9919326339702326,4
9.259024143218994,35.09076947262648,1.0008851194826671,4
9.080377101898193,35.13878391666093,0.9450133366285065,4
10.403011083602905,35.09870565118399,1.0412981808054484,4
8.799468040466309,30.084600069923724,0.7992539932419047,3
2.5715513229370117,25.08222161059913,0.532593788584666,2
8.157977104187012,35.09824177937137,0.8502874518904804,4
7.5777459144592285,20.07672196582218,0.2874809889302978,1
8.63484787940979,35.1207722270017,0.9766755235534356,4
2.185624122619629,25.060029137318256,0.46743520118526943,2
7.458108186721802,20.040304422321235,0.28447331667415904,1
8.7763512134552,35.074120750559274,0.9579248983667142,4
7.220752954483032,20.06114910830817,0.3168388440210168,1
9.046418190002441,35.11993541417262,0.940938615521944,4
2.731215000152588,25.072014866277755,0.49876470594070377,2
7.499896049499512,20.060659489166852,0.2528010796428248,1
9.392093896865845,35.11459075965711,0.8852251541739358,4
7.676431179046631,20.066872633969748,0.2806204658767319,1
2.358386993408203,25.06592929945488,0.512298762465385,2
1.9955189228057861,25.074439896680556,0.5350476298052524,2
9.401274919509888,35.108025115295696,0.9380695859175137,4
2.5967791080474854,25.048985235304944,0.483699161463759,2
7.3405561447143555,20.081884437653898,0.2290515670373625,1
2.0654549598693848,25.068444925315085,0.3883270603847949,2
7.0601019859313965,20.10405268791638,0.24969196656904105,1
7.582079887390137,20.07393619718713,0.2917646168201812,1
2.3611490726470947,25.091097782376824,0.512600263041012,2
7.7456910610198975,20.09049482044994,0.3178257329163378,1
8.777659177780151,35.0816774799704,0.9181048268751377,4
8.755062818527222,35.13883686190683,0.9872466433656797,4
8.492411136627197,30.100242356463095,0.7514782847033206,3
2.4659059047698975,25.06620191175875,0.4646492134109602,2
7.944876194000244,35.1307356632415,1.0361285014776873,4
8.872140169143677,35.102247708509076,0.9136170963781265,4
8.492450952529907,30.086278252696644,0.749983711368086,3
1.9297871589660645,25.08377720533433,0.43578238487215754,2
8.457301139831543,35.140670964826576,0.9368125364523046,4
8.633845090866089,35.12707967105268,1.0208428588740053,4
1.9666831493377686,25.064737397855495,0.4324831831957403,2
2.628139019012451,25.06825597395386,0.5437005814049665,2
1.9742400646209717,25.11692600000289,0.5342355589384672,2
8.798598051071167,35.1216892605762,0.9416341476263836,4
8.457263946533203,30.112090854195593,0.7432334948046428,3
2.53426194190979,25.08139503466816,0.5347709997404428,2
9.02965497970581,35.07412084365995,1.0109470343732552,4
9.082663774490356,35.084070373218886,0.9720008856542417,4
7.81332802772522,20.080898687503062,0.27705157132238073,1
7.24708890914917,20.086941900690555,0.18762300043810376,1
8.877793073654175,35.096464096775065,0.9737977566062246,4
9.28933072090149,35.15204923964951,0.914095093147447,4
7.168291091918945,20.09220922732733,0.3339260867911229,1
7.3153767585754395,20.04002485939494,0.29899977871001787,1
7.41964316368103,20.089673908531893,0.3215448960066066,1
2.2902441024780273,25.06578063722808,0.47118119461254715,2
2.0433688163757324,25.08924367355432,0.46546150958512444,2
2.1463022232055664,25.086103094728703,0.5160677054769154,2
8.952461004257202,30.08939060338774,0.7303016754778755,3
6.874353885650635,20.103473512336127,0.24136024345970541,1
2.287828207015991,25.083015498203828,0.40974236644583184,2
9.875792980194092,35.11625612206791,0.9826704214436157,4
2.2026360034942627,25.052373689449414,0.4610309266652804,2
1.7296881675720215,10.048749181526453,0.5183776397116346,2
9.062053203582764,30.15559795221736,0.6423393074935282,3
2.4534571170806885,25.108162231611253,0.4944800746459108,2
9.24529504776001,35.07899785764439,0.9923770283662223,4
7.640110015869141,20.056453315044067,0.3206227498059675,1
1.9821429252624512,25.055106570830304,0.36534720890555356,2
2.366818904876709,25.082817573456932,0.5108577090309465,2
9.973692893981934,35.07565098308497,1.0097652539148738,4
2.837453842163086,25.0411288313233,0.46896929115072566,2
1.968148946762085,25.08931275046148,0.338380095921303,2
2.129166841506958,25.08827062827732,0.5087821731507008,2
7.744987964630127,20.062053704653547,0.26114886923188074,1
9.268423080444336,35.12530658087561,0.9942456657755194,4
2.0340988636016846,25.108473764031967,0.4616300057022615,2
9.035789012908936,35.092810368555575,0.9897784354495099,4
2.059701919555664,25.08163685383862,0.5954841804369859,2
9.859793901443481,35.081255446348884,1.0466721972534108,4
6.91251015663147,20.06426463593501,0.20408643422218598,1
2.0937960147857666,25.084538333273933,0.5060136372467462,2
7.321702003479004,20.04531642816621,0.29495659937634944,1
2.4271087646484375,25.079010778167017,0.4891414751490806,2
9.706007957458496,35.10948291232305,1.0096099548577362,4
6.9937169551849365,20.066694827531304,0.3326147524044935,1
6.832118988037109,20.056729975158675,0.19451529328137918,1
8.210184097290039,20.06263205257195,0.24743944244298918,1
9.327398777008057,35.078536730633125,0.966249582991717,4
6.730362176895142,20.073733598203866,0.23867003043019977,1
2.6604058742523193,25.088111299462597,0.472124279685202,2
1.9161968231201172,25.074709943982953,0.5001544487530462,2
2.4239652156829834,25.085573345177625,0.5009015589259678,2
2.6369540691375732,25.11630890021745,0.5698123292917806,2
8.932239055633545,35.12249218809795,0.9562829579695877,4
2.403022050857544,25.07582254823607,0.5244816727458517,2
1.5226199626922607,10.019204810846677,0.430680776219872,2
7.572587013244629,20.054883799334533,0.30891561314272864,1
8.743313789367676,35.101409519072845,0.9959420561425532,4
10.086680889129639,35.10791937603711,0.9553587381380275,4
7.082592964172363,20.06135260328893,0.265006151488769,1
7.558264255523682,20.05012990899214,0.2238237017597117,1
6.943743944168091,20.05060988254516,0.270857198505236,1
8.902327060699463,35.12098718546669,0.9716861300436844,4
2.2941510677337646,25.06346843938896,0.48181528153266556,2
9.090301036834717,35.09713528145145,0.9819718142753657,4
6.8781068325042725,20.04013124489586,0.2468476450415755,1
2.6553971767425537,25.06246835767615,0.5094127860409707,2
2.7647199630737305,25.094904507050778,0.4229681914059235,2
9.229549884796143,35.13389374371043,0.9960903064236316,4
7.591792821884155,20.06777396647323,0.261670816804781,1
9.019392013549805,35.12963151048812,0.9589588464224703,4
7.518021106719971,20.04991893127234,0.2633054491932836,1
7.371041774749756,20.045334901720167,0.276721410193094,1
1.9251210689544678,25.10391098097622,0.4876993234083974,2
7.12272572517395,20.080485079994688,0.284061742317567,1
2.096449851989746,25.100597878404585,0.4328110227328973,2
2.439577102661133,25.076003097418997,0.6668165700988775,2
7.34636116027832,20.06521321179834,0.2893099407521082,1
2.215891122817993,25.10261443195081,0.5046891217500034,2
7.222565174102783,20.08065390848796,0.24949029737873465,1
2.1661460399627686,25.102314093350838,0.437308940898962,2
8.145037174224854,35.14328426678263,0.9790423316033308,4
9.470125675201416,35.07726281410091,0.9538122122110175,4
6.892324209213257,20.044712921055137,0.24823296470560147,1
8.749427795410156,30.089979691270475,0.7312399322923153,3
2.359570026397705,25.10685369089485,0.47972056520204376,2
8.524119138717651,35.07926759199451,0.9612501948161182,4
8.867658853530884,35.093395719797336,1.0178962195326045,4
6.76196813583374,20.016031263380473,0.21793848580392966,1
8.861124038696289,35.093830233539876,1.0048647998794602,4
2.728295087814331,25.07541560991777,0.5236117601809299,2
9.628212928771973,35.115203703171446,1.0171602229385603,4
7.041795969009399,20.036664659720962,0.17591019407353387,1
2.124976873397827,25.088685902427905,0.48025253594148753,2
8.378507137298584,35.08996844225591,0.9897350167832524,4
2.4835801124572754,25.06703858274878,0.5787088579149416,2
9.293123006820679,35.11323487640528,0.9924050580532151,4
9.478121042251587,35.11338458670236,0.9794997215823265,4
2.163630962371826,25.01843078115028,0.5426845028575765,2
7.148405075073242,20.050876863715988,0.2306598923662147,1
7.0785369873046875,20.075065161962286,0.2644526274955155,1
2.4775209426879883,25.061405061505965,0.5445744391170159,2
2.3147881031036377,25.09353520550173,0.5722533162683199,2
9.013396978378296,35.101598110565334,0.9706789878136883,4
2.479867935180664,25.072584557756425,0.5824101927219857,2
9.23424482345581,30.097141854662134,0.7561833396018751,3
7.516318082809448,20.0617247854559,0.2615292031642379,1
7.479187965393066,20.052585001302344,0.2841154843719026,1
7.2228782176971436,35.10173491052658,1.034174796874754,4
2.3676772117614746,25.07149732017809,0.4775686630728039,2
7.0889551639556885,20.06038311914086,0.2760159916372806,1
8.241253137588501,35.10776206057799,0.9330329176888628,4
2.3107950687408447,25.091480580661425,0.4993564412266871,2
8.512302160263062,35.1649496184073,0.9327898785007324,4
9.036795139312744,35.12817946851053,0.8839063754144645,4
7.070738077163696,20.04544757556362,0.30286281584568836,1
7.457551717758179,20.07718361922267,0.31249773890575244,1
9.810658693313599,35.118280850579346,1.0348968313073887,4
7.1980109214782715,20.051297963139795,0.34124685637529373,1
8.444649934768677,30.06854972022071,0.8237675144652008,3
1.9099133014678955,25.09056726354384,0.38038177796352257,2
9.327238082885742,35.09605244335167,1.0139279483058807,4
8.520110130310059,35.11848745540198,0.9366010649970811,4
9.054414749145508,35.074314973353005,0.94703082149984,4
8.516000986099243,35.12826052492899,0.9681259824425981,4
8.5455961227417,35.09772231838513,1.0378763344872417,4
9.077542781829834,35.06596067021245,0.9942543142613142,4
8.927951097488403,35.10115849434592,0.9169191215428445,4
9.665719985961914,35.08750752722578,0.9727194936590079,4
9.898730993270874,35.13705215616211,1.0653289647696087,4
2.350506067276001,25.054058207173494,0.4588269407976498,2
7.636388063430786,20.046561893077197,0.13226492685153413,1
2.0646159648895264,25.083096523518307,0.3906108633714318,2
9.6267728805542,35.13262732565366,0.9597438067115953,4
6.971264839172363,20.06156489215181,0.3175651573305375,1
9.302842140197754,35.08720227757499,0.9327214296936365,4
8.186190128326416,35.085099750246705,0.9228617601818423,4
7.442262172698975,20.049741862912768,0.23534173096541516,1
2.8360350131988525,25.086267211692633,0.5411037599443103,2
8.879807949066162,35.08300792826186,0.9895821642331069,4
7.384106874465942,20.059729201408132,0.3341775396462019,1
2.5811638832092285,25.05915131891425,0.4562565291178454,2
7.13598108291626,20.075711858768244,0.2119567572021417,1
7.722121953964233,20.053747012890064,0.27914295129612193,1
9.437376022338867,35.09791766181029,0.9986423840737425,4
7.450914144515991,20.050644900180213,0.24463496181729677,1
1.660454273223877,10.023003671735765,0.3754420768445085,2
8.54571795463562,35.123668098879286,1.0055981178184823,4
2.511455774307251,25.070441813541187,0.5229854928945448,2
7.3605427742004395,20.05646307394127,0.29688170281053095,1
9.099879741668701,35.08671302089995,0.9746047674198903,4
6.971950054168701,20.052111001908603,0.17800528918842087,1
8.801378965377808,35.12501538888678,0.8991866523586907,4
7.399173021316528,20.062524389623174,0.2566528144319821,1
9.21518611907959,35.10207372625098,0.973216291553297,4
9.133953094482422,35.11141631987552,1.0220379573818679,4
2.599529981613159,25.08601950004067,0.5204582345915538,2
9.88109278678894,35.12736420431331,1.0003944294312817,4
6.647017002105713,20.036510604611095,0.23686124989792365,1
7.488091945648193,20.054064407025052,0.23855702096956957,1
9.228538990020752,35.105608562401564,1.0533064300857935,4
2.173738718032837,25.071805401712652,0.5684405517531594,2
9.382385015487671,30.08222266637665,0.8440509878951161,3
8.477306127548218,35.150160119584804,0.9640228492748877,4
9.934715747833252,35.1160534272479,1.047396319238745,4
7.823719024658203,20.032910798261053,0.3278059051378485,1
8.450863122940063,35.07629406177924,1.048275077927496,4
2.0646250247955322,25.075338002516027,0.5347345898556918,2
9.246365070343018,35.11429676158879,0.883388272709893,4
1.854759931564331,25.084551583758078,0.4692298864401481,2
9.191303014755249,30.089163104473,0.7321885724759785,3
8.937737941741943,35.12734839895498,0.9313595021482102,4
6.841592073440552,20.07764690653578,0.2756723670417413,1
8.869626998901367,35.08525335075637,0.9183577224039574,4
2.3242619037628174,25.092888397113825,0.5247568687454411,2
8.728765964508057,30.13025338710933,0.7509419625319969,3
9.153103113174438,35.1348375056947,1.0405543583301773,4
9.04237413406372,35.111006050860645,0.9622999502112948,4
1.821829080581665,25.046633875326684,0.44304932828464255,2
7.37949275970459,20.079910274080646,0.24139640278749736,1
2.2479169368743896,25.10285420871525,0.5551695602088127,2
7.17270302772522,20.04791095293715,0.28047452110740956,1
8.667726755142212,35.130096747636316,0.914719648668166,4
9.832899808883667,35.088451804378835,0.9742070685363406,4
7.4341490268707275,20.06166503041304,0.19329138218197833,1
7.62556004524231,20.071910514739592,0.34213955306612603,1
7.794236898422241,20.06147828043565,0.32535706344857357,1
1.856410026550293,25.052395040677705,0.4949235334699005,2
2.489990234375,25.079441917493675,0.43186705670305187,2
8.950991153717041,35.101959294752234,0.9464002047889253,4
8.632922887802124,35.09786282591089,0.9946198941058342,4
9.045520067214966,35.10864603583831,1.0077764176554256,4
7.429169178009033,20.058589402232634,0.21531123190631257,1
2.2264482975006104,25.0801856989839,0.47028809374722025,2
9.572442770004272,35.10967883514111,1.0441540891400714,4
9.72131609916687,35.09221876377771,1.0232295560777827,4
9.565632104873657,35.08209844080742,0.8240238046619263,4
8.426700115203857,35.123422302923984,0.996310759602423,4
9.405107021331787,35.11887655469374,0.9361563065397485,4
9.436520338058472,35.10181801803882,0.9642150804707896,4
7.272280693054199,20.056711386189274,0.2899283449465908,1
2.6546900272369385,25.100541065986864,0.47515272582760276,2
7.226600170135498,20.078713292722295,0.2509083369902323,1
7.498667001724243,20.06747495602703,0.3673341214315804,1
8.356718063354492,35.09960941716354,1.0303403462533436,4
6.907862901687622,20.060291086928206,0.2472442570792796,1
9.098121881484985,35.12437171186777,0.9733103727616277,4
1.8336808681488037,25.06766053202646,0.5228248379392342,2
7.97234582901001,35.14012850583957,0.9726387958814311,4
7.966250896453857,20.03475913523141,0.3187251420590267,1
2.9459280967712402,25.06412169199922,0.6453214327705787,2
9.832135915756226,35.1301926161432,1.0196537782314041,4
7.447149991989136,20.046684189749055,0.2855390467601876,1
2.4411509037017822,25.077985471009164,0.5448576724013943,2
8.93746280670166,35.11422381631638,0.9645930201838463,4
8.63415813446045,30.069145665113368,0.7262141604701169,3
7.084615230560303,20.09340269674898,0.3366224193762182,1
8.719118118286133,35.11152260330332,0.9580487258202868,4
8.875905990600586,30.087688839029237,0.7798026389742896,3
8.817728042602539,30.0568519379487,0.7126807188822001,3
9.15162968635559,35.09660963509441,0.9499753116084617,4
7.414103984832764,20.041502264815907,0.26719550696146066,1
2.1189379692077637,25.07197465632336,0.5752473406848563,2
1.5525429248809814,10.030245463933692,0.4527510232774977,2
7.0903260707855225,20.09785521123453,0.26413383435905863,1
7.655277967453003,20.086054096889324,0.30912584688709754,1
2.1129939556121826,25.114774989960704,0.5117211865948733,2
2.9107730388641357,25.06700883707329,0.44148347257692966,2
9.067620038986206,35.12363491180784,1.0600345099892983,4
7.379387140274048,20.0361573987288,0.21727823981338273,1
9.089828729629517,35.103677014680414,0.9308854774202018,4
7.523300886154175,20.084896403133662,0.35949722684323665,1
2.517055034637451,25.096801838551485,0.5840359794566865,2
7.216713905334473,20.050673016494173,0.15735427461138318,1
2.274771213531494,25.1190562925961,0.3974304461385009,2
9.539499044418335,35.09346666967845,0.9664311935341452,4
9.533808946609497,35.09600212909872,0.9860443516298244,4
7.457411766052246,20.007481484185462,0.22906906051007464,1
1.7476861476898193,10.029485516118662,0.4829832256343828,2
1.8302960395812988,25.041283284139453,0.4969771976332513,2
6.6747870445251465,20.029362348670823,0.3150582378860055,1
10.044400215148926,30.089254880172426,0.748125533986941,3
2.207625150680542,25.084282293674647,0.41673918099853524,2
7.229361057281494,20.05993197662784,0.24958197222402378,1
8.9980788230896,35.11017217166616,0.912827461555374,4
8.735569715499878,35.1084260699127,0.9496982688808668,4
1.9797508716583252,25.055527500885006,0.4724100775260872,2
9.408143997192383,35.13530426902231,0.95231375127879,4
2.5705690383911133,25.095551251404252,0.5863766679904481,2
8.693783044815063,30.10365029448243,0.7857600963145501,3
7.073839902877808,20.036560632860617,0.28900274899549133,1
9.500781059265137,35.11093249591122,0.9651135773669969,4
8.692184925079346,35.11359543938571,0.8909830881563024,4
7.382301092147827,20.06939135532256,0.2352275899498877,1
8.484028816223145,35.08382816701041,1.015842752499393,4
1.9817049503326416,25.05679923370775,0.44945974620988005,2
7.139315843582153,20.068482548470598,0.16760990612272123,1
2.117875099182129,25.067162479887692,0.4837011502533121,2
2.039654016494751,25.05348708505235,0.5096000392647038,2
1.9276599884033203,25.09360061431613,0.43566512790145706,2
7.51819920539856,20.0402494037893,0.28225559577851195,1
1.5354580879211426,10.033322747164332,0.4424510465263397,2
1.8313798904418945,25.08955421892945,0.4490120057132927,2
2.525139093399048,25.07000563541888,0.5248823696846494,2
2.2523999214172363,25.02861718931976,0.5096634433859459,2
9.670321941375732,35.088049143182396,0.9626025039042674,4
7.46434473991394,20.07036174517437,0.1769149831733275,1
8.482585906982422,35.13367691152004,1.0142000303073466,4
7.713939905166626,20.070821383626217,0.3276123340791322,1
2.684814929962158,25.058927975753114,0.554391862500548,2
2.4637680053710938,25.055224425283413,0.5103070394792524,2
1.8624708652496338,25.07412317307085,0.4348674187511342,2
7.402428150177002,20.055450035671242,0.30168192374647274,1
7.500942945480347,20.06897425267826,0.25808818570880043,1
7.288171052932739,20.083521284668937,0.3350309028542621,1
2.623445987701416,25.047029606637828,0.5050925440278105,2
7.085914134979248,20.078082610986133,0.26138009379766874,1
2.100811004638672,25.067251557746584,0.5087798281493575,2
2.386831045150757,25.073708935930895,0.4799977790694241,2
2.1582016944885254,25.058700625422656,0.46961959989697016,2
2.421863079071045,25.061692902925632,0.5552685391163814,2
7.519444942474365,20.06798549194639,0.26897387947692625,1
1.8056340217590332,10.026105071448953,0.43789493885250685,2
7.33444881439209,20.08296600721237,0.25713143103867203,1
7.3079140186309814,20.088719073253884,0.22276381093242675,1
2.3227059841156006,25.072930109370727,0.4680449657072884,2
2.7205660343170166,25.087328729875157,0.3977680084729257,2
7.126070976257324,20.06285005298743,0.27268209001381877,1
8.977484226226807,35.105011609269106,0.8616482230769105,4
1.9572031497955322,25.138798304280805,0.5428526699693798,2
8.678141117095947,35.09271913321989,0.8884685005844595,4
9.768605947494507,35.072512779194746,0.9952765692755541,4
7.608983039855957,20.063553703068607,0.3180861725411572,1
7.528399229049683,20.087512373956603,0.27440414703183613,1
8.800861358642578,35.095711593608534,0.9207178562929661,4
2.486083984375,25.05273099281319,0.4761996709280887,2
1.9494929313659668,25.071973459770202,0.5416270166904971,2
2.6946380138397217,25.049124363874462,0.5479650939498708,2
7.088424205780029,20.055022709604124,0.24864209613418609,1
1.8958401679992676,25.04654668011138,0.4765834350896132,2
9.196367979049683,35.09299592261586,1.0664738915027505,4
8.63723111152649,35.110534434883256,0.9159073515439473,4
2.0000691413879395,25.056371762006687,0.43477150219498945,2
7.7952070236206055,20.089527946872746,0.2853952403458194,1
7.063549995422363,20.058108817899015,0.3306086140351383,1
7.110098838806152,20.051487884329365,0.19861874337670163,1
2.8564841747283936,25.098755207564146,0.5176470713531041,2
9.864990949630737,35.13507810642615,0.9467455789251364,4
1.9888312816619873,25.053502151154447,0.42963896896781706,2
7.364920139312744,20.06943628218052,0.20926018392659743,1
9.060615062713623,35.13117162548846,0.9272424061769632,4
1.9381103515625,25.07400812279494,0.4987650779121442,2
7.427974224090576,20.046686560016717,0.23980189909625604,1
7.527444839477539,20.050647267699304,0.32337068565503535,1
9.08533000946045,35.08127536147782,0.967649765768666,4
7.514785051345825,20.0694264366556,0.27018673177805946,1
8.382982969284058,35.123007483739535,0.9058882810128548,4
7.1437318325042725,20.05130949032646,0.2128040936593417,1
8.609682321548462,35.10874387490603,0.8978707241302891,4
7.1907570362091064,20.084376475955793,0.21826518461691,1
9.204034090042114,35.13430415889311,0.9266643305634292,4
7.741412162780762,20.06019718870009,0.2602042315622469,1
9.039132833480835,30.092390562207193,0.7523550678415116,3
7.362707853317261,20.05341416211276,0.2799156555809274,1
7.700563192367554,20.084530013304043,0.28940746361610326,1
2.433609962463379,25.09764077668688,0.5010791504201815,2
2.1211612224578857,25.064145645021753,0.5507113081385493,2
7.485698223114014,20.05144520628781,0.2526109919344676,1
7.4239256381988525,20.096155239531985,0.2200814252874954,1
8.711013078689575,35.08380312713278,0.9043641315860966,4
2.4931600093841553,25.06341479307989,0.4958641309584193,2
1.457805871963501,10.009649527206177,0.569766236968828,2
9.039712905883789,35.11842053750262,0.9137375398903638,4
7.717361927032471,20.051254785222227,0.27986143660745827,1
8.847652912139893,35.12596008505905,0.9910818783060933,4
7.8592400550842285,20.06247397473409,0.26728802296863013,1
9.14571213722229,35.11340507414896,0.9297461324232473,4
9.732122898101807,35.10332387137364,0.9785455664878869,4
7.371572017669678,20.068999745915246,0.22646482840091295,1
7.511900186538696,20.039410670569403,0.28225448664238967,1
2.584160327911377,25.055593005265642,0.4637587567439956,2
9.509322881698608,35.07952817318035,0.9414062387947704,4
9.354289770126343,35.09231139142574,0.891013597871969,4
7.4144110679626465,20.060901692356236,0.23780685806026058,1
9.324696063995361,30.08876915381148,0.8378313087221017,3
9.61827802658081,35.13874055938489,0.8965376872445937,4
1.8649189472198486,25.086415315422002,0.51784583408626,2
2.6048130989074707,25.058121580549955,0.5556046924896989,2
7.720975160598755,20.053595080117624,0.284930059020867,1
8.890363931655884,35.12373555218347,0.9478602465775241,4
9.525736331939697,35.09156985888033,0.9376300314063453,4
1.7940490245819092,10.04511154271388,0.5423811199910717,2
8.238478183746338,35.107103449313605,0.9333185332975185,4
9.74049687385559,35.10310476947372,0.9678671634830724,4
2.860417127609253,25.07463727909095,0.5188094451262322,2
7.250043869018555,20.03939182793703,0.3469350211856404,1
8.96213698387146,35.120882974462255,1.046856099667015,4
1.6770739555358887,10.014225493204206,0.5138525157738274,2
1.8174071311950684,25.0497175198226,0.5055906291665933,2
7.829457998275757,20.05354159456861,0.2774229282309809,1
7.238034009933472,20.07726630001628,0.2972786924206881,1
9.219938039779663,35.10011186361279,0.8887281190290117,4
9.707725048065186,35.117279451816366,1.0032639727538626,4
2.608806848526001,25.09055855872839,0.5340167114333685,2
8.759888887405396,30.10004327891136,0.7156605687140443,3
7.41667914390564,20.068894386600444,0.25277479405658304,1
8.493113994598389,35.14775002483684,0.9413618152424695,4
8.834462881088257,35.12525095400463,1.0471031930100918,4
9.763803005218506,35.09937741043839,0.9439874110329024,4
7.819999933242798,20.05621701929149,0.33955993763229264,1
9.740507125854492,30.04272342198597,0.7073456690366686,3
9.750274896621704,35.107838383767835,1.0156113913826301,4
6.854474067687988,20.047565105870927,0.21640909458591634,1
7.053507089614868,20.048994428806278,0.26080787545230577,1
1.9787399768829346,25.100291907822463,0.4849516882378605,2
7.707364797592163,20.06950962982075,0.325140226941848,1
2.331468105316162,25.075225630588786,0.4952281798597966,2
2.0095651149749756,25.092010789098836,0.43506746688267284,2
9.333361864089966,35.11817858700744,0.8615384171432177,4
9.306110858917236,35.15031880425534,0.9286804574752893,4
7.3274359703063965,20.0319903248431,0.21969791626629032,1
7.182199954986572,20.01752410313663,0.26722342025725315,1
9.81977891921997,35.08662886966584,0.9785639384932665,4
2.642664909362793,25.06920335729135,0.4664945224278272,2
7.346632242202759,20.064116602217098,0.20192052482034176,1
2.1687979698181152,25.032795103839383,0.5141749915914572,2
8.880388021469116,35.09769489225695,1.0292808681300718,4
9.168235063552856,30.07407774746005,0.7249755663866586,3
2.2074639797210693,25.0674229278161,0.437953633494657,2
2.4755940437316895,25.081351597981698,0.5244719227839509,2
7.687214136123657,20.065015445537473,0.24901851263990452,1
8.631912231445312,35.11142001454959,0.9351577294083606,4
9.942914247512817,35.10490177020941,1.0491108578898738,4
9.310222864151001,30.112902408563393,0.8346505500880552,3
1.958493947982788,25.05924121162718,0.5094539390137665,2
2.028907060623169,25.112006670073452,0.4072147399930338,2
7.283987045288086,20.066320966926742,0.23744142302189591,1
7.410212993621826,20.03258757011594,0.23217539484336164,1
7.298307180404663,20.06575792492081,0.24925960237694803,1
9.327026844024658,35.105798417965225,0.9586857134225893,4
2.3466548919677734,25.06696574025314,0.5052244170517698,2
8.966962099075317,30.086947904215954,0.8052170103579452,3
7.472050189971924,20.066953634187417,0.2610665813787933,1
7.018370866775513,20.075580284670373,0.23683195759663034,1
2.072592258453369,25.048878411415608,0.6041917479852603,2
9.761038780212402,35.13760791241522,1.0031238544285164,4
2.4385311603546143,25.048680886800845,0.47872315195545423,2
6.960844039916992,20.087484270926346,0.29836057912496367,1
7.504370927810669,20.05537332542721,0.2846813084815084,1
7.175213098526001,20.05995973999307,0.19507524150233993,1
2.3747451305389404,25.06304829222173,0.5292674679931813,2
10.057407855987549,35.083845644803546,0.9400523118363185,4
9.370802879333496,35.09669969434373,1.0584416731012036,4
8.783244848251343,35.099830878717086,1.0061377502918865,4
2.281481981277466,25.09724743068419,0.539778660320501,2
9.265005826950073,35.06984402515961,0.8631606039362545,4
8.541524171829224,35.10747309471869,1.0106730033568767,4
9.853133201599121,35.11382868161273,1.0065931328498858,4
9.342021226882935,35.080003070794206,0.9021231706223709,4
9.090529203414917,35.11960719148337,1.038002614260736,4
2.475645065307617,25.074292414243747,0.5817393583230466,2
2.118551015853882,25.08191925910327,0.47115355490422917,2
7.1632399559021,20.06561168013217,0.22028699295349727,1
2.54419207572937,25.0624176087318,0.43820810246380415,2
9.957313060760498,35.130708734571805,1.0593623318811916,4
7.093163967132568,20.045423438677396,0.1791738045809679,1
8.665287017822266,30.10655220498154,0.722314907353721,3
8.843778848648071,35.11823864143955,1.0254607933990696,4
8.491290807723999,35.088651622168015,0.9558482205058327,4
2.668761968612671,25.06562935925125,0.5416042343769072,2
2.1533148288726807,25.090108850136698,0.4752839412398705,2
2.1393160820007324,25.077062404631796,0.5203226563531504,2
8.616520881652832,35.07532212064925,1.0404540544790275,4
7.382527112960815,20.075166170148066,0.2835573293533424,1
8.549755811691284,35.09135534609276,0.9306110103982248,4
8.599717140197754,35.10811358027526,0.9958182328962134,4
1.6858479976654053,10.018460562178452,0.43337597916638093,2
2.42221999168396,25.140287006773967,0.4702125175850109,2
7.135102987289429,20.084326854458723,0.2861737420711123,1
10.294740915298462,35.07110517772467,0.9660702766131328,4
2.18196177482605,25.10482117321388,0.522791373010987,2
7.672214984893799,20.06878451155005,0.24189881912036637,1
8.903036117553711,35.12772717239328,0.9646525007638427,4
9.992532014846802,35.11506965893576,0.9747100699909169,4
8.109651803970337,35.12987181946173,0.913453485044406,4
8.147143840789795,35.11319933775194,0.9557072622754745,4
7.2609758377075195,20.05471153304425,0.33465946345374686,1
1.707711935043335,10.035971980409533,0.531312637887474,2
8.39108920097351,35.11287236715622,0.9559755753710169,4
2.542299747467041,25.078707382700053,0.5177423833692973,2
7.064321041107178,20.037533597778967,0.324672973372669,1
2.2577450275421143,25.09138620241309,0.5030439085649177,2
9.797558069229126,35.09097060575571,0.9740045433330251,4
8.939855098724365,35.105294479732194,0.9605119250976291,4
9.501558065414429,35.130771693092264,0.9962871032002806,4
2.247011184692383,25.090483379990303,0.40965742539443095,2
2.554523229598999,25.07759432276087,0.4917471215220037,2
7.522047996520996,20.05450399377491,0.31058608685332006,1
7.452458620071411,20.0516390299323,0.18204896740629933,1
8.484864950180054,35.118280538966694,0.9792144759652708,4
8.895071029663086,30.11215170503786,0.6638890288546384,3
7.260643005371094,20.041404252714187,0.2674940539672009,1
2.344148874282837,25.065397664505646,0.5236419050033891,2
7.6403279304504395,20.052316815844687,0.3932679424641823,1
1.8869459629058838,25.06030195740838,0.5618152293745121,2
2.7271738052368164,25.062529447957715,0.4755317245125326,2
8.994931936264038,35.11282151472279,1.0498777080966217,4
7.886667966842651,20.03572650770349,0.32530911963308085,1
9.254678964614868,30.102277492023177,0.7432214514423918,3
8.730499982833862,35.06904487125207,0.9809342392636013,4
2.567966938018799,25.089583704705674,0.5033709000076618,2
7.194600820541382,20.053364685257666,0.24186521076140874,1
2.2001359462738037,25.06870133715941,0.5780470348281848,2
7.436341047286987,20.030866968819996,0.1787335286137147,1
7.8667426109313965,20.071708553074536,0.3405053011758506,1
9.26166033744812,35.10896052523452,0.9416212485639804,4
9.227303981781006,35.10017541216328,1.0393894205898833,4
1.8277668952941895,25.080174750754477,0.532699708423753,2
2.271409273147583,25.093344701404817,0.5002414214373978,2
1.9428949356079102,25.089776455586076,0.5604477461022572,2
7.501005172729492,20.063581398354795,0.3326071595727448,1
2.881275177001953,25.10182814467354,0.5073358214892325,2
1.9764389991760254,25.049949697407566,0.4411677682142984,2
6.8835670948028564,20.073429979013774,0.25629484344303194,1
9.387264966964722,35.09039459968365,0.9162188878515696,4
9.33277416229248,35.09924578823402,0.9691704585915663,4
7.879857063293457,20.06858187634855,0.29022173054813827,1
9.321578025817871,35.09078203305305,0.9451985370095335,4
1.886854887008667,25.068808424790518,0.4760979001853144,2
8.776808023452759,35.12893456910712,0.9859386077449962,4
8.478647947311401,35.12514406027567,0.9018994855033249,4
1.909276008605957,25.094502212601373,0.5585685900463176,2
7.090146064758301,20.061878550728515,0.3020893981110298,1
6.997125148773193,20.11802170508542,0.18250473836022946,1
8.846238851547241,35.14204998390633,1.0048558853371756,4
7.275589227676392,20.061422352986526,0.2627768898652942,1
8.867827892303467,35.10419325692664,0.8790436854469685,4
2.016728639602661,25.08674705617175,0.4968587862758499,2
2.0903820991516113,25.065811910210524,0.4016640328843873,2
7.188254117965698,20.044497092900823,0.2562210207892183,1
7.2879509925842285,20.063498465433568,0.3177547900554659,1
6.761113882064819,20.036743663875974,0.2283838814362138,1
7.155352830886841,20.047031757306303,0.21758078857733593,1
2.0613198280334473,25.06126309845309,0.5250920666304879,2
7.354143142700195,20.058768943037002,0.2092585348777944,1
6.9626359939575195,20.066400687187702,0.3464693511464357,1
7.870419979095459,20.05654780365072,0.24324644485558627,1
8.876698732376099,35.12445384388676,0.9240543797536219,4
7.728847026824951,20.036263375988526,0.27361516244528666,1
9.693387985229492,35.10845543631899,0.9644831029473675,4
1.9603731632232666,25.09706497300014,0.48117909142012716,2
9.548922061920166,35.11842645598365,1.023369045606799,4
9.16244387626648,35.07517451934806,0.9226200645518454,4
7.575493812561035,20.04466987359786,0.3453127080686996,1
9.500754833221436,35.132584568306406,0.9991324154766547,4
7.407694101333618,20.065735145342202,0.2937162583125738,1
9.229120016098022,30.099281783886912,0.8423472926860632,3
2.7490758895874023,25.074435306827375,0.544312632424699,2
6.892583847045898,20.07651971538546,0.2264695670033653,1
7.0476109981536865,20.0510936107456,0.3191092870667188,1
8.775633335113525,30.11370596859762,0.7769093096478896,3
9.12477707862854,35.0631169072237,1.00661349908923,4
1.8302841186523438,25.069243750442652,0.5745914811659264,2
2.420719861984253,25.088057062800427,0.5875437470097451,2
9.383916854858398,35.10145141389756,0.9415090123132852,4
9.039620161056519,30.09602219940366,0.6713925361678004,3
9.131545782089233,35.106967187902896,0.9686807395655457,4
2.245859146118164,25.092590060045364,0.45671521021648676,2
7.3561530113220215,20.083000864522877,0.2562739812845792,1
2.6515538692474365,25.05896340897869,0.5067002793520826,2
8.807366132736206,35.09168484486973,0.8957146991773104,4
6.8606672286987305,20.085965594637617,0.24714043419881684,1
2.7981338500976562,25.07281149336319,0.5280632262045419,2
7.276278018951416,20.051908529543233,0.28161743159557867,1
9.212440013885498,35.138211136252224,0.9647436733719881,4
2.6447229385375977,25.05461644995531,0.5567922162348313,2
7.08591890335083,20.060271691778574,0.20580133326240926,1
2.0,25.05660475240826,0.5621531113257632,2
7.676285982131958,20.035094025098864,0.3632356691862583,1
7.5484607219696045,20.044478499189882,0.27498843677242224,1
8.724195957183838,35.09977982771894,0.9971826212873383,4
2.072226047515869,25.09206832812896,0.5951235202770082,2
2.2927939891815186,25.0608549665796,0.5348470725389377,2
7.24669885635376,20.076369984844867,0.2709211967286035,1
8.850717067718506,35.12568849372782,0.9556820085395774,4
7.681702136993408,20.054795060359385,0.2692835068196323,1
1.9597790241241455,25.086008932207406,0.5517606651703655,2
8.442018032073975,35.075015832411566,0.862186693519636,4
9.125478982925415,35.13364307763315,0.8306719095751735,4
7.385764122009277,20.067196252773496,0.16815981546088205,1
2.0993869304656982,25.071220826401913,0.5085427191673353,2
8.770555019378662,35.11844069244828,0.9491414183398442,4
9.077121019363403,35.07929584053233,0.9474205416350246,4
1.757659912109375,10.043778859559872,0.508352112441176,2
7.912477016448975,20.0413763250772,0.3319894823004002,1
6.851375102996826,20.065306133015426,0.24018561317037848,1
7.768391132354736,20.054274523610232,0.33862983091874743,1
8.852684020996094,35.1185155778345,0.9945891961172387,4
2.4803812503814697,25.03747320610171,0.39579082920701236,2
7.197084188461304,20.06450845102689,0.3509064772376198,1
10.06349492073059,35.0966118613646,1.0121717528063703,4
1.8850560188293457,25.07129651361108,0.4205316326136266,2
8.71272611618042,35.12069395460026,0.9309301053532499,4
2.127208948135376,25.080749608445153,0.5102772496089607,2
7.411424875259399,20.06018206269067,0.26264077828355875,1
7.319231986999512,20.069599234931083,0.305245095823664,1
2.080447196960449,25.099658883389854,0.6155731453808939,2
9.366015911102295,35.12134407221439,1.0984277058685066,4
2.375657081604004,25.084252440477343,0.5946327484840404,2
7.050523996353149,20.059005330499488,0.17755893111992627,1
2.086348056793213,25.077659190346324,0.4800790470902711,2
7.048468828201294,20.0637603073476,0.23214182484275098,1
9.959433794021606,35.07454005741829,1.0170693592425415,4
2.848144769668579,25.084151061855955,0.6032402919990132,2
9.632022142410278,35.08846097274376,0.9410064220886997,4
2.364899158477783,25.080430663527707,0.49994737451336024,2
7.369982957839966,20.048779256454775,0.29923493295581605,1
9.46845269203186,35.09800869074722,0.9346124540257024,4
7.174162149429321,20.062695532644813,0.21714150173732444,1
7.274678945541382,20.063632070841436,0.1750672162414914,1
2.126546859741211,25.052245494831237,0.5266875314511683,2
8.47670602798462,35.092246185834355,0.9605138134416185,4
9.069087028503418,30.068137583973115,0.7937307097446381,3
8.853991985321045,35.11027343925635,0.9330491208761341,4
9.40363597869873,35.104070130530715,0.9620301296797119,4
7.254927158355713,20.062831285897357,0.2866104381700918,1
7.214165925979614,20.083114549568943,0.21761861894650586,1
9.00386381149292,30.072289766505435,0.7651493416093889,3
2.147667407989502,25.097038331686072,0.5198901534474731,2
6.876035928726196,20.057450528209444,0.2352737891417751,1
9.211201906204224,35.127032490124236,0.9321459432624272,4
8.597221851348877,30.128731275304972,0.7627260866237261,3
2.414384126663208,25.102340613152997,0.40224223807306303,2
2.1491899490356445,25.062130575380174,0.49298246106164745,2
10.005722045898438,35.113292002305066,1.0715690231578523,4
8.733494997024536,35.088102793378525,0.9525951737111364,4
8.49191403388977,30.079469083494608,0.7152796866433919,3
8.450813293457031,35.09782712399849,0.9411873718683357,4
9.293205976486206,35.13053007514687,0.9154569193048709,4
2.1769051551818848,25.074496637406934,0.5382951780896308,2
7.20572304725647,20.042206254027057,0.23584555706126548,1
7.653622627258301,20.06957118269972,0.32141461641492675,1
7.8772337436676025,20.04687084800874,0.28690134733239125,1
8.996119737625122,35.109172118387946,0.8834146271775881,4
7.507991075515747,20.061175783680223,0.27999305493611865,1
7.540808916091919,20.090551471174642,0.2043572002972895,1
7.7089619636535645,20.07911736914759,0.2673442296247518,1
7.253471851348877,20.04718899277426,0.267107675412887,1
7.823538780212402,20.04863168409758,0.3223854278928302,1
7.220941066741943,20.063769905130037,0.22610938424013036,1
2.2930068969726562,25.05459857695214,0.4273995000756198,2
9.42422080039978,35.111010433743125,1.0094674031883124,4
10.023175239562988,35.09916934573056,1.008100382559717,4
7.036694049835205,20.06566934004107,0.31224427078216854,1
2.3548498153686523,25.021650345325547,0.4597319878929538,2
8.221966981887817,30.09555841658005,0.6515845588221545,3
9.104594230651855,35.11149350689726,0.9557406925087522,4
2.392745018005371,25.07646493319095,0.5047720768381242,2
9.754179000854492,35.11653066735056,1.0601376841704342,4
8.514625072479248,30.101191590670126,0.7558572253709233,3
9.701879024505615,35.11125566015563,0.9133648761238881,4
2.3837575912475586,25.078801400933838,0.5214257337517553,2
7.4987876415252686,20.06638407353487,0.26281101579138494,1
2.8131630420684814,25.07703050540905,0.5176791076176692,2
9.414084911346436,35.09020687986215,0.9747115551733138,4
1.7671220302581787,10.062883841185467,0.4147472628551435,2
2.349231719970703,25.058535637580537,0.5076400451528987,2
8.344022035598755,35.10555155877527,0.8844826813157204,4
7.855381965637207,20.03986880217787,0.2893098117252219,1
2.618717908859253,25.08528778553742,0.5179115537046548,2
9.479989051818848,35.10985414539811,1.0688633096577558,4
8.70850682258606,30.09132826331388,0.7925581672511617,3
7.707983016967773,20.035554221954314,0.2961343398870383,1
2.0352418422698975,25.07687907444944,0.5453142476918755,2
7.829327821731567,20.071532416363652,0.2613289003681389,1
2.2728049755096436,25.088137947300154,0.534117486913693,2
9.073183059692383,35.101211183632095,0.9691635345266195,4
9.638237953186035,35.131003978593846,0.9107326825514734,4
9.634835004806519,35.09481013469555,0.9749238267299044,4
1.9722740650177002,25.087806152602226,0.38546427508238645,2
8.751784801483154,35.12388423680467,1.024359937008488,4
7.718705892562866,20.05160597064743,0.17470404118388028,1
8.97108507156372,30.100438918518606,0.8142726905388011,3
7.498883962631226,20.07750825443511,0.21740612088159333,1
2.676800012588501,25.050883679716968,0.5340495631403163,2
8.92716908454895,30.112677716959254,0.6518108011796192,3
7.578211784362793,20.038793889250282,0.32467903095937506,1
7.6613991260528564,20.04659869409656,0.2737637898374502,1
7.0030128955841064,20.04459478967787,0.25525691463276945,1
7.45633602142334,20.060378819573575,0.30190516692146663,1
2.427288055419922,25.09598423798691,0.536910167982636,2
7.552271842956543,20.027520819362337,0.26363728730797104,1
7.7478721141815186,20.08877175892578,0.33345652916255586,1
2.163855791091919,25.099474629858378,0.5252401061940777,2
9.830836296081543,35.121493801920685,1.0121859788773855,4
7.157019853591919,20.034485605369113,0.25086013031858784,1
2.874242067337036,25.07924517609301,0.5550016950870924,2
2.5013680458068848,25.070621656478167,0.5758817310639235,2
2.521066904067993,25.046458246400533,0.46745986543462914,2
7.185787677764893,20.013099947756494,0.2561650260119686,1
1.913459062576294,25.046458197246587,0.5290829294730272,2
10.059608936309814,35.13302850383658,1.029719913685592,4
9.176845788955688,35.100947541825384,0.8774490295789455,4
2.4614460468292236,25.077648143973914,0.4826148527192482,2
9.466969728469849,35.07394427448077,0.9454551395668878,4
7.5910491943359375,20.083085015695957,0.2619239619867382,1
9.335659980773926,35.094423041073114,1.0103774886352834,4
9.615453958511353,35.07684324147822,1.0214192159453344,4
9.132091045379639,35.100783015627236,0.9558029450126531,4
7.6127660274505615,20.056460948560527,0.32354534946576446,1
7.31485390663147,20.0750997639609,0.3244862867555729,1
2.263106107711792,25.119035671057567,0.4374474487085347,2
9.220444202423096,35.12384440068798,1.0841357231298698,4
2.2441811561584473,25.075929464677095,0.5448811899186522,2
7.500579118728638,20.076806351270427,0.25354898712592167,1
7.890787124633789,20.07924753117067,0.22178010341300072,1
7.030632019042969,20.07654143961534,0.186388853779428,1
8.110642194747925,20.097062308343663,0.3504640303389749,1
8.585094928741455,35.08500975733134,0.9222024916516464,4
8.880574941635132,35.07280138744099,0.9751519700575744,4
1.7559809684753418,10.06476071018436,0.5583697280658392,2
9.098659038543701,35.099031136078615,1.0568759234002036,4
8.649879932403564,35.11285239269316,1.0438108213826407,4
7.585560083389282,20.04099200265075,0.2577364427662992,1
2.011491060256958,25.09070265550435,0.5098809317226565,2
9.749665021896362,35.08319731473236,1.0073210822023957,4
7.01117205619812,20.08371751515707,0.23641325094033216,1
6.862455129623413,20.056915395065527,0.24051337183530241,1
8.823199033737183,35.09233422210065,0.9189744082512508,4
2.5234618186950684,25.091999021250132,0.5957019763826934,2
9.082474946975708,30.088801838594,0.7939768921416017,3
7.065595865249634,20.078604836314017,0.24750821722406754,1
9.415806770324707,35.06022941343573,1.0576201488682182,4
9.655407905578613,35.07543393504118,0.9861776235799276,4
7.560544967651367,20.062848339964415,0.1953504190405173,1
8.84478497505188,35.09909140843631,1.0558146756706577,4
1.6649401187896729,10.02773836645213,0.49474758107672473,2
7.790144205093384,20.069233771147655,0.3416924785146168,1
9.583324909210205,35.10238828691445,0.9535465424157844,4
7.3206117153167725,20.063538994179815,0.3013053423987589,1
2.360002040863037,25.078205669906133,0.5360690725110117,2
7.899021148681641,35.11508375079411,0.928402262587871,4
7.320283889770508,20.069314593639277,0.29026178579914136,1
8.833772659301758,35.101368874159725,0.9388052473104066,4
7.192151784896851,20.06596762324317,0.3265246926657679,1
2.3421597480773926,25.100244131964267,0.49845225231962864,2
1.7953228950500488,10.040704279275921,0.6029682060852978,2
7.925274848937988,20.07155154038449,0.31378162897037903,1
7.025851011276245,20.095159933842687,0.30864186003368776,1
9.41447401046753,35.09647820025681,0.9069819741139382,4
7.513148784637451,20.046186900095094,0.2612788045858031,1
2.4696030616760254,25.105760208378463,0.5999967995559422,2
7.167937994003296,20.070642333239086,0.15488169841294935,1
2.0467588901519775,25.09341905927643,0.5258301596653413,2
2.5881059169769287,25.053880575990267,0.548524925030694,2
9.175097227096558,35.087073496272374,0.9198801595665258,4
9.35274600982666,30.127553452196715,0.7203648980062048,3
8.91350793838501,35.08791811918325,0.8882635540730742,4
6.942489147186279,20.054117723054524,0.324404063699233,1
1.9079761505126953,25.107808755678267,0.5398060730925038,2
7.079849004745483,20.09861409592246,0.24642573955005123,1
8.824071168899536,35.1121524051144,0.8844126190638467,4
9.237510204315186,35.09226574080371,0.9219939818153376,4
1.9020092487335205,25.082273661830264,0.5392536028930426,2
9.334863901138306,35.10660478647867,0.8791397100487547,4
9.005921840667725,35.13632168298557,0.9522248061911023,4
6.937050819396973,20.046843833018464,0.34278253246855656,1
7.07982325553894,20.041630901802893,0.27481550102416624,1
2.370615005493164,25.11043525809918,0.5060631277888606,2
7.476631164550781,20.05267839593264,0.2003934472156082,1
9.01721978187561,30.074094159377932,0.8034908987893552,3
7.212188959121704,20.02950082999788,0.21789092271194982,1
2.1544651985168457,25.053571276081207,0.5154866629742911,2
7.247514009475708,20.070943896530256,0.36305680415614455,1
7.37909722328186,20.036515675431765,0.18551622744695245,1
7.509016752243042,20.066587883554764,0.29134678165991923,1
2.3549609184265137,25.086136568728456,0.42766346339480216,2
9.711257219314575,35.083116748400904,0.9076450330821546,4
1.8945229053497314,25.0723159034985,0.47221728049620987,2
2.28732967376709,25.051708609587816,0.5016999443411212,2
7.876922845840454,35.11044050876779,0.8501924100683149,4
9.312115907669067,35.100786311996366,1.0350601976480336,4
8.753647804260254,35.06871463070108,1.072783191224202,4
7.230051755905151,20.076668693290443,0.17679939301590547,1
7.194299936294556,20.059075301022833,0.25325917543512744,1
7.036717891693115,20.066486606890393,0.3223065418820908,1
9.797218084335327,35.13862734014261,0.9848700305397493,4
7.425260066986084,20.06495725885732,0.25004126913866687,1
1.9602220058441162,25.084063768409344,0.5703376245552915,2
2.6338448524475098,25.09384184411584,0.4849839712437902,2
7.983160972595215,35.09599855591092,0.9407893888655031,4
8.06521487236023,35.09103684929039,0.890351686956353,4
9.08123230934143,35.1156263316698,0.9232299306364002,4
7.3445329666137695,20.036503744014563,0.2792358514788999,1
8.673857927322388,35.107411831479794,0.8898772444892434,4
7.270018100738525,20.055739396836348,0.25252251076109616,1
7.343456983566284,20.078764333145543,0.1756948141259015,1
9.361346006393433,35.069078827845054,0.9558171988831619,4
7.315063953399658,20.077857694967786,0.28506621008907324,1
7.181120157241821,20.058885653052016,0.26038968747316227,1
2.9089748859405518,25.01638060143186,0.5936983713941157,2
7.8965981006622314,20.056287760352745,0.20143160468843907,1
8.388259887695312,35.0863299011763,0.8892695295622596,4
9.27677297592163,35.08618502265565,0.979661306958795,4
2.089460849761963,25.091690010490957,0.49715793771709044,2
7.033246994018555,20.0330716600593,0.20943332939257256,1
2.2790451049804688,25.076143410036842,0.43109086746160463,2
2.7428972721099854,25.038479600607836,0.45061573488101664,2
7.382903099060059,20.04828497926396,0.254378440470864,1
9.161549806594849,35.08035481764714,0.9004754785891783,4
7.560719966888428,35.089864353792656,0.8899627043239147,4
8.740498304367065,35.119606198715424,0.984616565198894,4
7.86863374710083,20.093069405658284,0.3016557551410871,1
2.922279119491577,25.035694116687587,0.5434539985568516,2
2.6493539810180664,25.042905089940103,0.5191949772136779,2
2.2464029788970947,25.090021680471246,0.5596651753111741,2
7.396162033081055,20.06807058594217,0.3139262330696506,1
9.514928817749023,35.10563307075429,1.0428973907610017,4
7.083829164505005,20.040670129184225,0.3093861694891721,1
7.707349061965942,20.05084281345411,0.3438217657892005,1
2.6135709285736084,25.06322104064909,0.5678033428424475,2
9.482165098190308,35.11608974735275,0.913297732198065,4
9.44221305847168,35.05477382351013,0.8636710497446167,4
9.599828958511353,35.11318027032258,0.8630234870355475,4
2.2739481925964355,25.083312845984366,0.46491121192141294,2
6.823764801025391,20.06305193392612,0.2853402910904731,1
9.889332056045532,35.09957859507591,1.0168695934948284,4
7.203688144683838,20.05460233753218,0.38717050391460395,1
7.154836177825928,20.06107767069595,0.2609114233987102,1
8.252930164337158,35.10381466525791,0.9571546793771816,4
9.091656923294067,35.08817714979759,0.9719516104119797,4
2.1049752235412598,25.08565244063008,0.5090634371177212,2
8.776055812835693,30.089099369996536,0.7635616592371346,3
7.745380163192749,20.063590936777317,0.2508144831465053,1
7.546962022781372,20.113533942186486,0.28215332998946896,1
2.529682159423828,25.06274700978671,0.5242276496689088,2
7.404101133346558,20.074290213570066,0.2847506872278797,1
8.933979749679565,30.095389459774154,0.7262359524883784,3
7.169521808624268,20.024129680846322,0.18810267749559692,1
9.702715873718262,35.07811906516737,0.8556141024176891,4
2.029284954071045,25.070150529153107,0.5452650020726387,2
8.017065048217773,20.050225125896667,0.3022124318498969,1
6.916891098022461,20.054099474524882,0.30224174346550786,1
8.816953182220459,35.09256174170416,1.0470300473170635,4
9.072858810424805,35.09430809388407,0.9361124608753707,4
1.7974278926849365,10.037635368315915,0.532218914626717,2
2.682953119277954,25.090173400553066,0.5502489082993662,2
7.395621061325073,20.046432562255063,0.291190715602555,1
7.332231760025024,20.063187799582188,0.3184505472869177,1
7.270587921142578,20.024160990270836,0.2942119941547327,1
7.669145107269287,20.06656529374041,0.24960266378565638,1
2.491503953933716,25.09487672925451,0.3986247062599313,2
7.38089394569397,20.066782497531314,0.308371910117757,1
7.14125919342041,20.063597687277532,0.29686637411227645,1
7.477443218231201,20.068763144047377,0.1678952656592375,1
7.060971975326538,20.07238248020382,0.3057820364414687,1
7.697765111923218,20.05989075919353,0.2736245891222815,1
2.656513214111328,25.064826251777717,0.564390005525452,2
1.451991081237793,10.048085317391948,0.543314039442697,2
8.755628108978271,30.07055401405566,0.7062226732075425,3
6.985290050506592,20.007462581268292,0.27955288166814457,1
7.974869012832642,20.05583035776927,0.2780563827910173,1
8.757761001586914,30.086832908833713,0.7773303572188138,3
8.358965158462524,35.132609613586965,0.9005442194639729,4
7.571260929107666,20.082048691409035,0.3098946173274938,1
8.963702917098999,35.13322887455698,0.9533513393981704,4
9.032368898391724,35.1179680265983,1.065698426082957,4
9.351224184036255,35.093441209829706,0.9216413899745328,4
1.8722989559173584,25.07043929195213,0.48898344713976705,2
2.7964260578155518,25.051319262564757,0.4928262921673565,2
1.85658597946167,25.098534185229006,0.4234440055099413,2
2.0098161697387695,25.079369564599535,0.5476463399287534,2
7.353125810623169,20.076619330201193,0.22450030025170487,1
2.219373941421509,25.107184844628126,0.5884328355972452,2
2.547389030456543,25.084012802093817,0.5449013317504888,2
2.430006980895996,25.11545429195012,0.5544189349957054,2
8.820222854614258,35.14564140337184,0.9928643135503927,4
2.0538430213928223,25.07752143555112,0.42857553705178,2
7.0278542041778564,20.049718304320685,0.24472715470564352,1
1.8950679302215576,25.0849195458892,0.39514201430720935,2
2.8595800399780273,25.065987400728446,0.5901986179163523,2
9.487586975097656,35.167312911902094,0.938383966337434,4
7.582743883132935,20.041052640297046,0.34161385153486296,1
6.681221008300781,20.05420855123466,0.2927021279631733,1
7.576613903045654,20.095367178095266,0.2965477014871108,1
7.008407115936279,20.047046751781686,0.2117306007910347,1
8.081981182098389,30.087022700581414,0.708782863030687,3
7.54960823059082,20.06714092192415,0.249348500764271,1
2.1356589794158936,25.04464474167224,0.5546621349821048,2
2.0658411979675293,25.04417463504785,0.3513030318979574,2
8.853538274765015,35.13612140499969,0.9882544390130337,4
2.019636392593384,25.085717685200905,0.44975794145451026,2
8.096031904220581,35.114362612241266,0.9178946475237836,4
6.9870288372039795,20.052584414090255,0.3374009684701621,1
9.778074979782104,35.10086739711567,0.9494242542813602,4
7.150302886962891,20.04741674543296,0.2832078369496943,1
9.243935108184814,30.077247396058176,0.692595688100458,3
7.611387729644775,20.044155299818982,0.32372949155706293,1
9.576325178146362,35.098059481998746,0.8491404374631522,4
1.9387340545654297,25.073100901294268,0.48233518078287335,2
2.3788790702819824,25.07188576136633,0.4932438623504438,2
7.2542760372161865,20.078282057544232,0.24448424552313283,1
8.251686811447144,35.06864260632845,0.9471333331695707,4
2.295814275741577,25.070652498839976,0.42487179901243566,2
2.4507193565368652,25.0943084308693,0.5014879278112502,2
2.021278142929077,25.066719594672907,0.5383009188869978,2
6.9985191822052,20.06415044692913,0.15043868344384664,1
8.939376831054688,30.090087033224364,0.754753570561814,3
9.108221054077148,35.103995079227715,0.922554484615766,4
2.6302309036254883,25.089551944818602,0.5095256517609869,2
8.372602939605713,30.111541950036674,0.7505557606509825,3
9.361977100372314,35.08055400911012,0.9142655986141185,4
9.495151281356812,35.08651945754488,0.9529501148550769,4
7.267235040664673,20.060824914297974,0.2682014341386573,1
9.57571816444397,35.1041794456128,1.0109991413875759,4
2.557145833969116,25.078960098458417,0.4545756130213394,2
7.4331159591674805,20.035956845873333,0.24764979166692289,1
6.748274803161621,20.033208569480983,0.30931540383949263,1
7.8961851596832275,35.1079160378493,0.8830587987634486,4
8.840164184570312,35.0787280675478,0.9544623850720404,4
9.29187297821045,35.08606507656358,0.99249411456263,4
9.055958032608032,35.09256993581868,0.8828822070285668,4
7.439731121063232,20.086966568099104,0.28381585922428076,1
7.3118369579315186,20.064990949891495,0.3932661590597717,1
8.596985816955566,35.11200771737697,1.0703901008711298,4
9.10506820678711,35.106593005784724,0.9089786925595764,4
1.975308895111084,25.075218017239827,0.5613476070241172,2
2.448086977005005,25.067924440366387,0.40864452709853694,2
8.823604822158813,35.14563604110503,0.9728300332760768,4
7.41566014289856,20.044794803145102,0.2885132288801473,1
2.127490758895874,25.072762957103368,0.5143828145799649,2
7.167692184448242,20.088334507936462,0.26866225650589337,1
7.392312049865723,20.04907108156669,0.23603996254079185,1
6.9235570430755615,20.05751842967853,0.32316468899418704,1
7.088987827301025,20.080681460479376,0.2084967918077436,1
7.563789129257202,20.063901508364985,0.2404019223988418,1
7.443846225738525,20.037416042984834,0.2994496341887052,1
8.494746685028076,35.11079595100454,0.9826490316363191,4
7.073012828826904,20.072916661995755,0.23059491965403572,1
7.694266319274902,20.09337473674605,0.315973400931934,1
1.808582067489624,25.09507339355809,0.41990382530142667,2
2.2126078605651855,25.060325428679967,0.5055326817230376,2
8.977658033370972,30.069472492973443,0.7231984878413786,3
6.80312705039978,20.001668910081445,0.2772283580993717,1
7.536911964416504,20.05486401632109,0.24711254777651642,1
7.290055751800537,20.076080103886035,0.1949198519056189,1
8.570911884307861,35.10041554590631,0.9432365815245737,4
2.162039041519165,25.083469744337513,0.5245285777493872,2
2.656531810760498,25.09843327527885,0.47465641632162997,2
9.5522141456604,35.12461285046401,0.9506099764649774,4
7.295784950256348,20.093555136561623,0.29912360821555534,1
2.5533010959625244,25.110501728880422,0.5084201209161423,2
1.7712059020996094,10.046184620853857,0.538890075723866,2
7.187384843826294,20.067370038594227,0.2116673896195024,1
7.163381814956665,20.054762288025632,0.2977221427979604,1
9.30524492263794,35.133506712568355,0.9194607922459948,4
7.205424070358276,20.053049493682263,0.2663954552606316,1
1.9980311393737793,25.077708846034888,0.4607139778685171,2
7.595020055770874,20.013441713178352,0.21864293197608256,1
7.397608757019043,20.075089671114974,0.2494407342298615,1
7.37218713760376,20.041680155197774,0.1640754090613262,1
2.2723701000213623,25.057553408521848,0.5082164338350743,2
8.552483081817627,35.110375222736074,0.9833589473304116,4
8.94887900352478,35.10967898664469,0.9854705699035757,4
2.37117075920105,25.06898110323386,0.5753906996814354,2
1.7316060066223145,10.03928876520979,0.44758144326675453,2
7.424578666687012,20.053392468420675,0.2104921367651087,1
7.2876691818237305,20.064768822308892,0.2543695071077049,1
2.4396378993988037,25.08713019651468,0.4982566754815338,2
2.514871835708618,25.079154448233126,0.44077913142194575,2
7.0637288093566895,20.06460675512619,0.3126600317588134,1
2.228529930114746,25.071970567890652,0.49001139532852567,2
8.631936073303223,35.10035584778845,0.9708466504763908,4
9.396134853363037,35.13271660089757,1.0383554786836675,4
9.069497108459473,35.08748597612079,0.876983797563509,4
2.8968827724456787,25.081176514233473,0.5439814831812971,2
2.7704310417175293,25.08421841424731,0.4241808070676304,2
7.340409278869629,20.05042826617496,0.19216270934075763,1
7.319599151611328,20.065365164562653,0.2805120158067023,1
1.9883687496185303,25.084963253431667,0.49419342362141516,2
8.47878384590149,35.07774356024849,0.9368017855949656,4
8.830066919326782,30.101342090293052,0.8059661870273195,3
7.142640829086304,20.095551721034948,0.232933484880956,1
7.491700887680054,20.05951317356365,0.25229338766593307,1
2.030034065246582,25.085783120034193,0.48602775064719517,2
2.2573390007019043,25.088202934758648,0.49483242465360217,2
7.578248977661133,20.07298819190905,0.3203996743826343,1
7.243104934692383,20.054309359318452,0.19108597085970075,1
8.554553031921387,35.092474414680055,1.0073298544501006,4
9.183225154876709,35.13869965642412,0.9604493343681929,4
9.220927953720093,30.10748178405789,0.6582046163317947,3
7.565778970718384,20.07388718464399,0.2983743723754744,1
2.3602030277252197,25.034545988483387,0.6346359329231391,2
7.58030891418457,20.045980678300904,0.23945832267300626,1
1.7964990139007568,10.019519571254733,0.5248090628269588,2
2.4880998134613037,25.086512998117698,0.4902930347616691,2
1.9481043815612793,25.05916827733286,0.492778300598865,2
6.613931894302368,20.050447816155028,0.25717324576739514,1
8.959939956665039,35.07782714665758,1.059397496166957,4
2.75779390335083,25.0636361107671,0.5602050594098908,2
8.801883220672607,35.11908957514801,0.8973664631662803,4
7.58026909828186,20.069803219433094,0.3063859197402512,1
1.8667449951171875,25.082325843572256,0.43478893346732955,2
9.644476890563965,35.10618428131082,0.9826905369876642,4
9.532483100891113,35.11797309137777,0.9661333062850697,4
7.497728109359741,20.050060086248138,0.3197131895676012,1
8.76609182357788,35.082620214150154,0.9222035869021411,4
8.054779767990112,35.10326054652714,0.8725191655351405,4
7.591522932052612,20.03088549039603,0.36375474062412805,1
8.9266939163208,35.094817312510635,0.9255147679987445,4
1.4525408744812012,10.044876075371048,0.41843199615224475,2
2.218535900115967,25.100814153247015,0.4861481436767058,2
7.52758002281189,20.085700434070354,0.24822754541981454,1
7.146821022033691,20.015225930774253,0.2457481767316236,1
9.961853981018066,35.10223173332722,1.0332737115737096,4
2.3585309982299805,25.08651580346848,0.5073509227958239,2
7.483798027038574,20.061256018634502,0.2787900658957451,1
9.71336317062378,35.087076716836094,0.9201871289732081,4
8.764474153518677,35.081215837197036,0.9865923075122436,4
7.129126787185669,20.068415545782443,0.2520784775803949,1
1.926347017288208,25.067250267570344,0.4674481809892149,2
2.375030040740967,25.08039722567809,0.4664705094578049,2
8.786129236221313,35.0765677596625,0.8809232478622484,4
9.469906330108643,35.12000954073574,0.913384984389767,4
1.720771074295044,10.034504892823694,0.5624449660279354,2
7.587388277053833,20.066569638849348,0.26413094651271335,1
7.327103137969971,20.03835767465597,0.283472214989454,1
1.9892690181732178,25.095359528444483,0.5632112727304392,2
7.381397008895874,20.057701898075614,0.2715659469737007,1
2.528282880783081,25.10799539752844,0.467222468072644,2
2.048650026321411,25.067020978943308,0.5001061011180022,2
2.626349925994873,25.074301622920775,0.5503047999657371,2
8.24349331855774,35.08876833182068,0.9306503905485422,4
9.292570114135742,35.08470991683538,0.8278693387365822,4
2.298449993133545,25.082451473655443,0.43749260008042756,2
7.573347091674805,20.05879487454926,0.28301000915814856,1
9.165607929229736,35.12240377353151,0.9732387184796755,4
9.16787314414978,35.08645381433143,0.9514753570246128,4
8.762862920761108,35.077787257008765,0.991523563227177,4
7.679258108139038,20.051972176797364,0.22381674701827828,1
8.452386617660522,35.11622016103972,0.9388811286952983,4
7.969124794006348,35.13425255921851,0.9387089510988232,4
7.939640283584595,20.078674950336783,0.26758963413287423,1
9.803086996078491,35.09861233077186,0.956919071084616,4
2.4064712524414062,25.08527347891325,0.48847747054863766,2
8.459376811981201,35.10273211811071,0.9215335160975747,4
2.149404764175415,25.048314863096834,0.40827097478250274,2
6.65346097946167,20.05706970988824,0.2485554978351291,1
2.5142431259155273,25.06999346304909,0.5515673305047473,2
7.300899028778076,20.055382882369774,0.20817485065060537,1
9.480437994003296,35.088225599154754,1.04258863671672,4
7.425849914550781,20.070471681282495,0.24359581918518758,1
2.0815742015838623,25.079794776314614,0.6006246544506768,2
7.107778072357178,20.05850271762061,0.21985046218411627,1
1.93422269821167,25.10376723218818,0.4603837120623575,2
6.827167987823486,20.06913226734286,0.19802822340118448,1
7.013257026672363,20.044977617831044,0.24436343578106032,1
8.987500667572021,35.08883830692528,1.00045164993974,4
9.069001913070679,35.10223709702128,0.9720183415670824,4
2.3277759552001953,25.09113109114858,0.5137553217411119,2
8.926890134811401,35.14613215015345,0.9861547075815116,4
7.176929950714111,20.06812853091368,0.2245734062699708,1
7.468414068222046,20.064289466984953,0.3498352474172745,1
8.47621774673462,30.10566879884932,0.7015397639605631,3
2.5936379432678223,25.088678271741205,0.5391963479075471,2
7.834741830825806,20.058823534574444,0.22460132345653672,1
7.338210821151733,20.04233240263943,0.30390165936355384,1
1.8577919006347656,25.09476182871586,0.5131209366066436,2
7.227779150009155,20.07926627367884,0.2794323834925443,1
7.588908910751343,20.035965849702762,0.2379584017348557,1
8.590615034103394,35.14109778665008,0.9673730761357977,4
1.7952580451965332,10.050020217543713,0.5190578091564156,2
8.567387819290161,35.123263747969034,0.8886095628119642,4
8.97483491897583,35.102804353129834,0.9506179806383656,4
7.641654014587402,20.02431558636106,0.31494361901705004,1
7.387320041656494,20.096224570089127,0.2605711307487892,1
2.6300911903381348,25.07090997822405,0.4949411268270718,2
8.922570943832397,35.08604990532368,1.0299678449741219,4
7.392229080200195,20.05147755377274,0.24898870216175614,1
1.8196837902069092,25.094631189443994,0.4721178446931338,2
6.968148946762085,20.055273959714842,0.22577274440029774,1
2.0207512378692627,25.10428020740963,0.4726131679087827,2
9.82914400100708,35.07789147399474,0.9256258994715021,4
9.823668003082275,35.12852321425206,0.9859521055513397,4
9.299459218978882,35.08317121780896,0.9511431887252614,4
8.70388412475586,35.110198342347296,0.9622778267360607,4
7.804140090942383,20.052835188541742,0.40812982462986036,1
7.061690092086792,20.04986087915041,0.20489013327613484,1
7.897768974304199,20.04943110846824,0.3432319289357886,1
2.315593957901001,25.081721499547065,0.5540364787043692,2
2.121654987335205,25.067448305005897,0.5146467284668632,2
7.4932708740234375,20.06952464262971,0.3254955762845455,1
7.481920957565308,20.078854603466247,0.2991446919242205,1
2.6069798469543457,25.105678550186585,0.46429163219650355,2
10.097360134124756,35.11201579776373,0.9594407259106091,4
7.287990093231201,20.043363611184592,0.3227192640343006,1
7.0974578857421875,20.050781086370783,0.18106767582224798,1
9.740628957748413,35.12103886889356,0.9780893967283895,4
2.3685591220855713,25.086369176123593,0.6006393184458199,2
2.634683847427368,25.046393122119635,0.579626730108705,2
2.607996940612793,25.07025428284138,0.5143858600853909,2
2.094326972961426,25.090309281035253,0.4926587321277279,2
2.3329710960388184,25.052100265728754,0.49469384395505345,2
8.796240091323853,30.080900733927756,0.814252262032381,3
2.9964218139648438,25.07452248691814,0.5713637771236745,2
2.827517032623291,25.081069323077493,0.4938936226465115,2
2.076369047164917,25.064148489404772,0.5629772031247227,2
9.116784811019897,35.1056078559492,1.0171117864028736,4
9.102233171463013,35.12972923776421,0.9912758018526561,4
7.735792875289917,20.06133782337625,0.31800656939298444,1
9.395189046859741,35.143814296871376,0.9670381369642004,4
7.848979949951172,20.06666804736838,0.1891820594505761,1
9.484291076660156,35.09052570800688,0.9630836552420939,4
8.93986701965332,35.10109612644595,0.8786271709025352,4
6.906090021133423,20.05761198227664,0.263973183294131,1
1.914693832397461,25.093381036839197,0.48708053752726244,2
7.171766996383667,20.066323885845588,0.2587073188205589,1
9.097494125366211,35.094858274341625,0.9685154939973227,4
8.918149709701538,35.139551277075995,1.025690764994725,4
2.708380937576294,25.037353970018145,0.41891468331613135,2
7.51911997795105,20.07177723492119,0.3025834378528774,1
10.114688873291016,35.11042346686556,1.0109558405703498,4
2.166572093963623,25.06686423182564,0.5290092774566866,2
2.7932708263397217,25.067286046008693,0.4911725077607881,2
9.125669240951538,35.13069492661086,0.944930835082794,4
7.421565294265747,20.084546546951323,0.2471542952615466,1
2.681191921234131,25.095083633052496,0.5695876964858563,2
8.875150918960571,35.1292722985745,0.8869678726524238,4
2.1362991333007812,25.086770580505263,0.5605061227812264,2
