8.601095914840698,50.12141624001479,0.32005088076789817,1
7.889122724533081,50.13340042159151,0.3134985132762017,1
8.138676166534424,50.18502601847813,0.12127710100571926,1
8.06851577758789,50.180745268491115,0.23833069389377548,1
8.376732110977173,50.18409085632676,0.2748329209198705,1
8.113543033599854,50.14962998691891,0.21466601482433184,1
7.911344766616821,50.146804675193344,0.14560651396727775,1
8.425420999526978,50.164373603001636,0.2723563771858537,1
7.850816965103149,50.161093608007945,0.32632532408012815,1
8.018677949905396,50.1967342038848,0.24975126761341176,1
7.626802206039429,50.15885833686791,0.2153366487642386,1
8.021369934082031,50.15450430557275,0.206426514247722,1
7.595639944076538,50.16443938695843,0.24940975184121278,1
7.48116397857666,50.16827985871871,0.2032212189626768,1
7.753191232681274,50.11540825183535,0.3511679500592956,1
8.076870918273926,50.15578573304495,0.3450794013909402,1
8.940415143966675,50.14683323760384,0.2104424619799324,1
7.713966131210327,50.161204671462926,0.25763861007496897,1
7.4720189571380615,50.17572892622321,0.28074119875900044,1
8.32895302772522,50.119330628903406,0.2514118697125803,1
7.662823915481567,50.13309445585569,0.24812255047639883,1
8.52151894569397,50.13374940489058,0.251646968781711,1
7.8750388622283936,50.118524221931665,0.23421052980042842,1
8.287934303283691,50.15338994626529,0.27622634805542223,1
8.27171802520752,50.12768319658842,0.34031223227671575,1
8.095348119735718,50.12401776553837,0.21049947052784276,1
8.303946018218994,50.16836419627031,0.2641347234305631,1
8.511849164962769,50.11992740621447,0.26057611992342766,1
7.779449939727783,50.19122658813278,0.26272310615659067,1
7.8487489223480225,50.166098550652244,0.2763457732638348,1
8.560817956924438,50.17259287053043,0.2855619224379509,1
7.7218780517578125,50.19909159917541,0.27137075459496274,1
7.969793081283569,50.16178970785577,0.3221656264953891,1
8.10823917388916,50.19785651574232,0.2819331157819049,1
7.588216066360474,50.15040241861452,0.1474030762415191,1
7.632559061050415,50.13782415633122,0.2708412204943118,1
8.330868005752563,50.132867135982025,0.292343158870038,1
7.501794099807739,50.17600190344683,0.2695084667194804,1
7.802417993545532,50.13104533942464,0.2577282448858516,1
7.8269171714782715,50.14830370076082,0.2977400237298684,1
7.667515993118286,50.182115697094645,0.2369916464507993,1
7.59878396987915,50.17908467050431,0.26774817785813015,1
7.683544874191284,50.14354605037188,0.33522954091220236,1
8.447309017181396,50.198426169302834,0.36074130868318505,1
8.287806987762451,50.12885925418027,0.3685092393719299,1
7.937136173248291,50.17096017690352,0.2722364956412964,1
7.908904075622559,50.14319017589805,0.3275772604590068,1
7.908879041671753,50.14451770794066,0.299957891729174,1
8.231823205947876,50.15111342051298,0.3362159556029268,1
8.164506912231445,50.154333961768124,0.3148518850695395,1
7.694676876068115,50.160620960394844,0.26116810913578514,1
8.196967840194702,50.1579503573127,0.3552820087930644,1
7.590451002120972,50.14855222062017,0.2651158623543961,1
7.598941802978516,50.16594013737862,0.2602675892227166,1
8.353836059570312,50.137331872132144,0.3233243198558354,1
7.88442325592041,50.16382296216676,0.3539047876788019,1
7.66052508354187,50.16609645486133,0.24040156993332087,1
8.4946928024292,50.171770774422974,0.33972450536420784,1
8.145471811294556,50.165099044437675,0.2191303724130399,1
8.240823984146118,50.17904973099757,0.20559135000634926,1
7.7907280921936035,50.11745772259821,0.28741565646941075,1
7.679564714431763,50.160550887054924,0.3359151451451974,1
7.82045578956604,50.15662501073861,0.19583863537122248,1
8.445729732513428,50.1539859038982,0.3075131118195857,1
8.341336965560913,50.17764027806789,0.235297021244207,1
8.473232984542847,50.135395216273594,0.3134228259146294,1
7.894047021865845,50.139299776917895,0.19663569068043774,1
7.566969871520996,50.15666469954276,0.29314770768455056,1
7.889541149139404,50.13111404504014,0.3070953238882127,1
8.051634073257446,50.175163318247854,0.1625193160503995,1
8.37007212638855,50.167728890084575,0.36745151944527604,1
8.574108123779297,50.159851639606174,0.21494052629959215,1
8.28774905204773,50.11050547472189,0.27688545248309343,1
8.687149047851562,50.156816742309985,0.3097385303763979,1
7.627105951309204,50.185506044962516,0.33061999636165507,1
7.762923240661621,50.17991486985553,0.23710604504789715,1
7.787878036499023,50.13672623056094,0.24152979156902624,1
7.414047956466675,50.13036625678842,0.3045615272897558,1
8.201552152633667,50.13111259453462,0.30732760655949065,1
7.430771112442017,50.14744453103143,0.2998097102167176,1
7.163127660751343,50.14296468289879,0.3480133652283682,1
7.664305925369263,50.174946438652675,0.24484386572765798,1
7.471120834350586,50.15509587162879,0.2526490249035093,1
7.445035934448242,50.10249276173521,0.2518260750322384,1
7.180101156234741,50.15274774812644,0.258664789027996,1
7.865264892578125,50.13894444552722,0.35140908810090954,1
8.262669086456299,50.13521591228176,0.2831068066977528,1
7.400202989578247,50.1969173992552,0.20625992177963892,1
7.9340980052948,50.17744710724638,0.27242365633422866,1
7.742862701416016,50.178078083511274,0.27203719752608063,1
7.374529123306274,50.15432177878617,0.27871863945911607,1
7.6030988693237305,50.168489200543114,0.19141340312324967,1
8.487026929855347,50.14532198556047,0.29023028348983876,1
7.906955003738403,50.12528936192661,0.295384175369681,1
7.7723870277404785,50.140591457038596,0.2055083579204392,1
7.523461818695068,50.208975007261564,0.2529204722956367,1
7.330213308334351,50.16127563447592,0.28205782997113854,1
8.143144845962524,50.15116343039434,0.31415388105481906,1
7.732808828353882,50.1547335813943,0.2220174906669995,1
7.594357967376709,50.07636376303811,0.27870164253995505,1
7.637310028076172,50.158856003404566,0.25171689743714815,1
7.8680419921875,50.14732233147109,0.2161513437612796,1
8.281882286071777,50.121644399458404,0.18819844591248786,1
7.7233428955078125,50.13916100344818,0.30384346066960993,1
7.4381959438323975,50.180269773971666,0.308667195508113,1
7.543945074081421,50.13375434096288,0.2794827319760091,1
8.184592008590698,50.165427956314744,0.3212120888763301,1
7.689002752304077,50.17956693251494,0.277804147636454,1
8.017461061477661,50.162858158455165,0.23831595345906934,1
8.891077995300293,50.143607680783546,0.3484727499301005,1
8.489244222640991,50.192152010365334,0.3325416256705208,1
8.246782302856445,50.18432520655279,0.25782765041049993,1
7.818763017654419,50.19636494774729,0.3259931625256535,1
7.676399230957031,50.154289924778084,0.2750378413212779,1
8.265450954437256,50.19335998241235,0.2777210641190341,1
7.983849048614502,50.13105366966016,0.32304705748249346,1
8.576676845550537,50.16654022524817,0.16765493236402934,1
8.089879989624023,50.114615481425304,0.26749953864603887,1
7.795386075973511,50.107061733619425,0.31933687579497066,1
8.153671026229858,50.16969385889573,0.22660197734022713,1
7.459283828735352,50.170996681661684,0.3273849964323808,1
7.9185590744018555,50.163475866396524,0.3667613787803336,1
7.700984954833984,50.12530845374403,0.265447832190636,1
7.743867874145508,50.14270836009134,0.15681693370879307,1
8.070531606674194,50.132154916728155,0.2823479605577954,1
7.709373950958252,50.18359951842805,0.3025190873767089,1
7.869800090789795,50.133764538636825,0.18873713974801126,1
7.476696968078613,50.15910876843632,0.34552301820806286,1
7.579368829727173,50.16885645618401,0.23701460746706665,1
7.8430492877960205,50.13551603606909,0.2310982839636789,1
7.843738794326782,50.10950947651984,0.22883364056185967,1
7.985314846038818,50.176561979706975,0.260267022419931,1
7.923871755599976,50.14855717943219,0.4056818271073257,1
7.310583114624023,50.209662839364505,0.30454501398347866,1
8.380660057067871,50.182046444782216,0.2842752315171733,1
8.002722978591919,50.16266917382974,0.2371334116682969,1
8.26151704788208,50.12649633674601,0.24683975033189656,1
7.83050537109375,50.140902235102914,0.2957025042496935,1
7.809576034545898,50.169586554221155,0.32389190399508877,1
8.227718830108643,50.162720256928964,0.3699040362507965,1
7.9494688510894775,50.130617538239704,0.25127007725254924,1
7.835625171661377,50.20224642996859,0.2617719591785324,1
7.992621183395386,50.18261665096321,0.2511123438105434,1
8.492800951004028,50.14522667823252,0.30681051649902075,1
8.101545333862305,50.167771138130476,0.3136616160698892,1
7.176371097564697,50.156952138698436,0.33396042785356966,1
7.735903024673462,50.19163293671903,0.28236080369489974,1
7.352035760879517,50.14682236575636,0.31062933358615485,1
8.284492015838623,50.177898254529936,0.17712602451444687,1
8.15152907371521,50.120092380293585,0.1962293543542075,1
7.4783079624176025,50.12012112475861,0.19503943698965268,1
