2.278221845626831
2.1694626808166504
2.0451128482818604
2.35797381401062
2.367767810821533
2.3883142471313477
2.4807074069976807
2.3912558555603027
2.1198837757110596
2.4681508541107178
2.1207456588745117
2.3164761066436768
2.22029972076416
2.0495927333831787
2.0862197875976562
2.4065563678741455
2.171243190765381
2.1637654304504395
2.1175994873046875
2.0161526203155518
2.3128457069396973
2.223111391067505
2.3186659812927246
2.298189640045166
2.326080799102783
2.1044890880584717
2.40718936920166
2.4792163372039795
2.14841365814209
2.323669910430908
2.3577330112457275
2.1659789085388184
2.2584404945373535
2.241347551345825
2.2639145851135254
2.01003360748291
2.0550193786621094
2.1508290767669678
2.425861120223999
2.199463367462158
2.384986400604248
2.4460253715515137
2.237471103668213
2.4821362495422363
2.3009626865386963
2.0660717487335205
2.1637682914733887
2.1908018589019775
2.317686080932617
2.175863027572632
2.4527153968811035
2.4638261795043945
2.0166409015655518
2.465550422668457
2.395026206970215
2.032412052154541
2.411508798599243
2.2389910221099854
2.101041793823242
2.4263453483581543
2.439378023147583
2.214524507522583
2.2648425102233887
2.4200565814971924
2.3429477214813232
2.3257458209991455
2.192328691482544
2.3905069828033447
2.195997953414917
2.291393280029297
2.4767701625823975
2.382502794265747
2.017106771469116
2.1836884021759033
2.1339004039764404
2.0168328285217285
2.162749767303467
2.1471967697143555
2.2206175327301025
2.0132696628570557
2.044342279434204
2.180722951889038
2.3628642559051514
2.1943411827087402
2.1516449451446533
2.1064672470092773
2.501909017562866
2.2471628189086914
2.1006500720977783
2.4437403678894043
2.297856569290161
2.0855085849761963
2.4159040451049805
2.471972942352295
2.208892583847046
2.0710079669952393
2.194251298904419
2.38850474357605
2.327808380126953
2.409881591796875
2.3162951469421387
2.136504888534546
2.030196189880371
2.39912486076355
2.3357064723968506
2.1461360454559326
2.1123781204223633
2.0839760303497314
2.2420034408569336
2.238731861114502
2.0929477214813232
2.278088331222534
2.446887493133545
2.441504955291748
2.292097330093384
2.3168082237243652
2.484604597091675
2.0274229049682617
2.4768383502960205
2.4604527950286865
2.071582555770874
2.060471773147583
2.2958109378814697
2.055680990219116
2.4867048263549805
2.4215171337127686
2.208559036254883
2.4868459701538086
2.4892852306365967
2.2564640045166016
2.3973159790039062
2.462351083755493
2.0847764015197754
2.078763246536255
2.1590847969055176
2.071176052093506
2.014603614807129
2.042872667312622
2.4959912300109863
2.22471022605896
2.4636783599853516
2.0803611278533936
2.3464550971984863
2.35054087638855
2.1826388835906982
2.1619601249694824
2.49041485786438
2.2300233840942383
2.423001527786255
2.0164003372192383
2.1671950817108154
2.392341375350952
2.4428231716156006
2.255251884460449
2.307417392730713
2.476508617401123
2.299241304397583
2.4805431365966797
2.106764793395996
2.143657684326172
2.2816765308380127
2.3317956924438477
2.169224262237549
2.5003955364227295
2.3032491207122803
2.228769063949585
2.4376869201660156
2.2573206424713135
2.1899354457855225
2.3965158462524414
2.1680567264556885
2.0245931148529053
2.1055848598480225
2.4837305545806885
2.3679747581481934
2.094905138015747
2.133206367492676
2.1407477855682373
2.505237340927124
2.2667293548583984
2.0835211277008057
2.4906885623931885
2.332146406173706
2.3388864994049072
2.074143409729004
2.208407163619995
2.2684924602508545
2.5017805099487305
2.367377281188965
2.188859701156616
2.4982903003692627
2.373398542404175
2.313016176223755
2.4094529151916504
2.0279407501220703
2.021182060241699
2.1812973022460938
2.4939379692077637
2.5010223388671875
2.368533134460449
2.156742811203003
2.4539918899536133
2.2156224250793457
2.4187514781951904
2.2491703033447266
2.1863269805908203
2.490431070327759
2.0922439098358154
2.1784043312072754
2.3175160884857178
2.2678415775299072
2.0848989486694336
2.156848192214966
2.472125291824341
2.427532196044922
2.078221082687378
2.1743035316467285
2.148136615753174
2.472731828689575
2.493720531463623
2.2628698348999023
2.2755091190338135
2.192355155944824
2.133157253265381
2.3816542625427246
2.296893835067749
2.24959397315979
2.410600185394287
2.3013875484466553
2.1585466861724854
2.3806066513061523
2.2940468788146973
2.2660138607025146
2.0469255447387695
2.151297092437744
2.481569528579712
2.0593061447143555
2.0304036140441895
2.261305332183838
2.0094316005706787
2.0053677558898926
2.2071118354797363
2.2789669036865234
2.1998727321624756
2.024009943008423
2.3068442344665527
2.430814504623413
2.010335922241211
2.104086399078369
2.0465786457061768
2.251753807067871
2.1465327739715576
2.301438331604004
2.2072343826293945
2.364590883255005
2.448345184326172
2.175354242324829
2.4281320571899414
2.185575246810913
2.104722738265991
2.499816417694092
2.2411093711853027
2.445404529571533
2.501481294631958
2.173429489135742
2.4506847858428955
2.0831282138824463
2.0249295234680176
2.37121844291687
2.156346082687378
2.030210018157959
2.3282229900360107
2.465057849884033
2.4780290126800537
2.3589463233947754
2.3413798809051514
2.0879507064819336
2.4460017681121826
2.4950599670410156
2.123676300048828
2.2652194499969482
2.068253993988037
2.415961265563965
2.1744887828826904
2.2876083850860596
2.1102027893066406
2.049466371536255
2.041969060897827
2.2593672275543213
2.488476514816284
2.1826069355010986
2.304774284362793
2.4446938037872314
2.1255710124969482
2.05269718170166
2.1286792755126953
2.257002353668213
2.3530101776123047
2.172727584838867
2.291259765625
2.0042924880981445
2.037628173828125
2.2815139293670654
2.369472026824951
2.225407600402832
2.236765146255493
2.4503579139709473
2.300753593444824
2.4701263904571533
2.1242473125457764
2.42455792427063
2.257385730743408
2.148033857345581
2.1306583881378174
2.3495330810546875
2.4872989654541016
2.15883207321167
2.329728126525879
2.2130494117736816
2.4988462924957275
2.3271615505218506
2.4760866165161133
2.4372267723083496
2.4361789226531982
2.112967014312744
2.299544334411621
2.0818686485290527
2.159747362136841
2.1176767349243164
2.4094667434692383
2.2603585720062256
2.2249948978424072
2.252504348754883
2.3277552127838135
2.416250467300415
2.078016757965088
2.298325538635254
2.23463773727417
2.401217460632324
2.4795286655426025
2.200307607650757
2.278042793273926
2.4127461910247803
2.1301865577697754
2.4520795345306396
2.0132834911346436
2.258852243423462
2.147289514541626
2.176068067550659
2.399614095687866
2.4401040077209473
2.4412755966186523
2.4634454250335693
2.4518649578094482
2.2947442531585693
2.0941104888916016
2.444399118423462
2.4362568855285645
2.0633456707000732
2.4460513591766357
2.366563320159912
2.0070302486419678
2.499741554260254
2.484736442565918
2.116075277328491
2.3937430381774902
2.4625189304351807
2.242283344268799
2.4188072681427
2.3047077655792236
2.251831531524658
2.1560959815979004
2.145162343978882
2.114914894104004
2.254456043243408
2.3049099445343018
2.2543795108795166
2.060277223587036
2.300053119659424
2.0182130336761475
2.0622475147247314
2.3899953365325928
2.381786823272705
2.170597553253174
2.4349260330200195
2.0378732681274414
2.4605324268341064
2.192915678024292
2.118274211883545
2.2965304851531982
2.0796117782592773
2.0131325721740723
2.3850674629211426
2.2094945907592773
2.2136032581329346
2.302866220474243
2.430025100708008
2.460374593734741
2.4732506275177
2.280647039413452
2.081296920776367
2.172750234603882
2.379098892211914
2.214923858642578
2.4338033199310303
2.293337106704712
2.0710995197296143
2.3975841999053955
2.237793207168579
2.4312024116516113
2.212015151977539
2.4677088260650635
2.400306463241577
2.2651987075805664
2.4959590435028076
2.2513506412506104
2.210452079772949
2.152567148208618
2.401759386062622
2.3712570667266846
2.1948657035827637
2.0759265422821045
2.319329261779785
2.1224136352539062
2.2755134105682373
2.2120447158813477
2.418820858001709
2.429959535598755
2.020547389984131
2.1914286613464355
2.115851640701294
2.2776482105255127
2.3796050548553467
2.3315391540527344
2.415637731552124
2.113307237625122
2.0920639038085938
2.127720832824707
2.362271308898926
2.3507351875305176
2.108729362487793
2.2005226612091064
2.1887991428375244
2.3878626823425293
2.3222460746765137
2.3176417350769043
2.1437957286834717
2.3012797832489014
2.2096099853515625
2.1248481273651123
2.026942253112793
2.324786901473999
2.3158328533172607
2.1621294021606445
2.3768584728240967
2.249868869781494
2.2801566123962402
2.1009488105773926
2.5001351833343506
2.1934361457824707
2.0685951709747314
2.2406489849090576
2.0077576637268066
2.305804491043091
2.156576633453369
2.3123631477355957
2.399731397628784
2.058499813079834
2.315859079360962
2.4715402126312256
2.2474725246429443
2.1310458183288574
2.211489677429199
2.25948429107666
2.284209728240967
2.058598041534424
2.483940601348877
2.123678207397461
2.093719244003296
2.08992075920105
2.1446309089660645
2.3853368759155273
2.3651297092437744
2.4551050662994385
2.043217897415161
2.4079177379608154
2.005030393600464
2.3713059425354004
2.2412450313568115
2.072502613067627
2.2823688983917236
2.0783779621124268
2.2244505882263184
2.2741615772247314
2.2987723350524902
2.0994696617126465
2.4813475608825684
2.3318841457366943
2.246278762817383
2.4525277614593506
2.0282680988311768
2.309441328048706
2.286797046661377
2.284867286682129
2.3746719360351562
2.3759493827819824
2.0254971981048584
2.4252407550811768
2.4990289211273193
2.3126564025878906
2.3674399852752686
2.175699472427368
2.0399084091186523
2.3288893699645996
2.3223633766174316
2.114189624786377
2.4156875610351562
2.0964767932891846
2.2011773586273193
2.3880772590637207
2.320066452026367
2.0312182903289795
2.0313477516174316
2.2727601528167725
2.426530122756958
2.3202145099639893
2.0143039226531982
2.4971346855163574
2.32749605178833
2.3499062061309814
2.357023239135742
2.0744664669036865
2.197737455368042
2.2217094898223877
2.181314468383789
2.0784003734588623
2.278350353240967
2.153903007507324
2.2855350971221924
2.231884717941284
2.307265520095825
2.4272687435150146
2.140467643737793
2.1769747734069824
2.1521451473236084
2.051896572113037
2.105064630508423
2.1271047592163086
2.304999351501465
2.06201434135437
2.116272449493408
2.2739055156707764
2.3859822750091553
2.0261456966400146
2.2369284629821777
2.0828795433044434
2.0925052165985107
2.455253839492798
2.0665249824523926
2.3743577003479004
2.4413511753082275
2.3756103515625
2.358448028564453
2.0524022579193115
2.2491345405578613
2.1636528968811035
2.2598459720611572
2.191105842590332
2.0866940021514893
2.2168679237365723
2.198056936264038
2.0147864818573
2.4493751525878906
2.088078022003174
2.2291574478149414
2.290947675704956
2.208627223968506
2.2492153644561768
2.3066108226776123
2.4416728019714355
2.143171787261963
2.1722822189331055
2.3527190685272217
2.126782178878784
2.2302324771881104
2.053992748260498
2.4438319206237793
2.0258100032806396
2.0716140270233154
2.0614571571350098
2.121372938156128
2.3655645847320557
2.163419485092163
2.262916326522827
2.2865800857543945
2.482675790786743
2.219266176223755
2.2740020751953125
2.4882612228393555
2.088651180267334
2.095742702484131
2.281308174133301
2.4283013343811035
2.176997423171997
2.1520159244537354
2.2055885791778564
2.3374757766723633
2.125264883041382
2.4583046436309814
2.3722589015960693
2.2668070793151855
2.181591510772705
2.474853515625
2.2917819023132324
2.0580434799194336
2.1118621826171875
2.106165647506714
2.101778984069824
2.195829391479492
2.1613030433654785
2.1849257946014404
2.09272837638855
2.0705151557922363
2.1983628273010254
2.2964229583740234
2.104682445526123
2.399484395980835
2.428744316101074
2.277121067047119
2.4795663356781006
2.3425989151000977
2.495368719100952
2.2188830375671387
2.083540916442871
2.3491454124450684
2.4333722591400146
2.3304402828216553
2.02354097366333
2.403317928314209
2.0214500427246094
2.0791568756103516
2.3944482803344727
2.297060012817383
2.2504782676696777
2.2520711421966553
2.387423038482666
2.0829901695251465
2.210716962814331
2.1671953201293945
2.1592233180999756
2.0170960426330566
2.1906230449676514
2.2965517044067383
2.0304205417633057
2.3429112434387207
2.2882776260375977
2.4423911571502686
2.2333133220672607
2.4766156673431396
2.259124279022217
2.2751121520996094
2.1883058547973633
2.4295058250427246
2.2762222290039062
2.2234556674957275
2.3065576553344727
2.479889392852783
2.2534329891204834
2.466113328933716
2.465212106704712
2.1330127716064453
2.3442459106445312
2.1640090942382812
2.3589611053466797
2.06526780128479
2.032036781311035
2.4792661666870117
2.3615031242370605
2.114933729171753
2.130870819091797
2.358530044555664
2.3462445735931396
2.2374026775360107
2.4561405181884766
2.310702085494995
2.050886631011963
2.077606201171875
2.3810439109802246
2.2752010822296143
2.0475571155548096
2.391599655151367
2.4751880168914795
2.234312057495117
2.1446313858032227
2.142705202102661
2.049690008163452
2.1269233226776123
2.458730459213257
2.356078624725342
2.1202993392944336
2.066067695617676
2.2304530143737793
2.1906206607818604
2.2289040088653564
2.1047210693359375
2.4904062747955322
2.282945156097412
2.4304003715515137
2.3072328567504883
2.4332029819488525
2.2527599334716797
2.291647434234619
2.133120059967041
2.153566360473633
2.3147048950195312
2.368812084197998
2.4965507984161377
2.2298014163970947
2.3080413341522217
2.014941692352295
2.1109886169433594
2.5011231899261475
2.371229410171509
2.2754690647125244
2.093919038772583
2.410810947418213
2.1070826053619385
2.1792962551116943
2.0824854373931885
2.348688840866089
2.353498935699463
2.08190655708313
2.0392260551452637
2.0937275886535645
2.0166733264923096
2.496797561645508
2.2925753593444824
2.391185760498047
2.328310012817383
2.3740503787994385
2.0850143432617188
2.404407024383545
2.0616469383239746
2.4859797954559326
2.1422207355499268
2.22440242767334
2.2074732780456543
2.0674896240234375
2.4494519233703613
2.253268241882324
2.2088139057159424
2.0600662231445312
2.1727116107940674
2.4655256271362305
2.4830567836761475
2.2788197994232178
2.2875635623931885
2.2342703342437744
2.162599563598633
2.0130252838134766
2.3160717487335205
2.463606119155884
2.2721738815307617
2.1402993202209473
2.3002750873565674
2.0309643745422363
2.0681936740875244
2.389242172241211
2.347825050354004
2.2659597396850586
2.411363124847412
2.4838249683380127
2.4066147804260254
2.2401363849639893
1.8902473449707031
2.176668405532837
2.19454288482666
2.0600850582122803
2.1455979347229004
2.461195468902588
2.1486098766326904
2.412158966064453
2.481842279434204
2.3508849143981934
2.286475658416748
2.2829859256744385
2.0357775688171387
2.4783883094787598
2.3894283771514893
2.445733070373535
2.2602360248565674
2.180600643157959
2.500613212585449
2.266563892364502
2.3676202297210693
2.266000747680664
2.3989949226379395
2.109403610229492
2.2753286361694336
2.280003070831299
