74.4976561246771,3072.0,32.108372492726545,6.0,38.142799935834674
72.44030214234186,3072.0,33.52157397453674,6.0,37.08943469687904
73.9578924760947,3072.0,32.950340413774036,6.0,37.86644094776049
74.20522354646688,3072.0,31.390975158146773,6.0,37.993074455791046
75.01537496668601,3072.0,32.83487151580526,6.0,38.407871982943234
74.35634630688946,3072.0,32.619087961313795,6.0,38.070449309127405
73.2825976299483,3072.0,32.53918116445334,6.0,37.52068998653353
72.18329525842492,3072.0,32.2891064709243,6.0,36.95784717231356
77.94467977263945,3072.0,33.04800684886401,6.0,39.907676043591394
73.62025274266097,3072.0,32.347229619528584,6.0,37.69356940424241
72.64000653033976,3072.0,30.76616465951477,6.0,37.19168334353395
69.81534885887889,3072.0,31.89458298510331,6.0,35.745458615745996
72.95404947721313,3072.0,33.60641344879704,6.0,37.35247333233312
76.18960488274926,3072.0,33.551844069931036,6.0,39.00907769996763
75.75137027509179,3072.0,33.00513355143095,6.0,38.784701580847
75.97045953067075,3072.0,32.31893990332081,6.0,38.89687527970343
73.83742610136119,3072.0,33.17665034488514,6.0,37.804762163896925
74.02389102402688,3072.0,32.12364240077597,6.0,37.90023220430176
74.65204468341332,3072.0,32.48437642185076,6.0,38.221846877907616
76.74042144318653,3072.0,33.55317407303576,6.0,39.291095778911505
74.70766819428074,3072.0,33.25003625711726,6.0,38.250326115471736
71.7641252287467,3072.0,33.171884546754505,6.0,36.74323211711832
72.82407424347997,3072.0,31.693723656828368,6.0,37.28592601266175
74.86332105711836,3072.0,33.69344495498715,6.0,38.330020381244594
74.26851179286119,3072.0,32.54442612229284,6.0,38.02547803794493
77.03344506728159,3072.0,34.769936695187035,6.0,39.441123874448174
77.6810426215711,3072.0,34.62657203000576,6.0,39.7726938222444
75.4296847066734,3072.0,32.87159221044495,6.0,38.61999856981678
76.04435447467733,3072.0,34.32629644777742,6.0,38.934709491034795
73.19027311801067,3072.0,33.40998655539424,6.0,37.47341983642146
74.74362806700647,3072.0,33.131467155670876,6.0,38.268737570307316
74.106305542856,3072.0,32.435242280838146,6.0,37.942428437942276
74.03276953880726,3072.0,32.26523525324034,6.0,37.90477800386932
75.71703558560087,3072.0,33.3480280571012,6.0,38.76712221982764
73.55118098599216,3072.0,32.6558271626825,6.0,37.658204664827984
76.02111325472077,3072.0,33.813136221373924,6.0,38.92280998641703
75.08021273802545,3072.0,33.257815163695,6.0,38.44106892186903
76.46171872356496,3072.0,33.18214322767689,6.0,39.14839998646526
73.0743485520374,3072.0,32.84807655248305,6.0,37.41406645864315
75.1595830260951,3072.0,32.907582517978234,6.0,38.4817065093607
76.03867706385564,3072.0,33.272645082712174,6.0,38.931802656694096
75.51874795750356,3072.0,34.444388880795294,6.0,38.66559895424183
75.70654497119915,3072.0,32.38025375987631,6.0,38.761751025253965
71.83451072067861,3072.0,31.6992472926985,6.0,36.779269488987445
74.46599886503165,3072.0,34.01209570181183,6.0,38.126591418896204
75.81499336538394,3072.0,34.03914443601311,6.0,38.81727660307657
71.35241643196794,3072.0,31.162669925409457,6.0,36.53243721316758
74.09688625508907,3072.0,31.85334804357689,6.0,37.93760576260561
75.313417243167,3072.0,34.88710478868015,6.0,38.5604696285015
74.02442453479699,3072.0,31.89832346697662,6.0,37.900505361816066
76.07420604665943,3072.0,33.685547976429596,6.0,38.94999349588963
72.9625944501628,3072.0,31.745882458033957,6.0,37.356848358483354
74.11287796811456,3072.0,33.455291668493345,6.0,37.94579351967465
75.75888268636581,3072.0,34.0457024151682,6.0,38.788547935419295
76.79546673830667,3072.0,33.42582268081558,6.0,39.319278970013016
73.45090928390776,3072.0,31.699305073547908,6.0,37.60686555336077
73.5140066023099,3072.0,33.90446775041124,6.0,37.63917138038268
74.80437060942418,3072.0,32.59269218407006,6.0,38.299837752025184
77.49943127332429,3072.0,33.1506729356701,6.0,39.679708811942035
73.75937077739437,3072.0,32.773687133821504,6.0,37.76479783802591
73.91843716150298,3072.0,31.559384029986898,6.0,37.84623982668952
75.23973267292325,3072.0,33.00651381867379,6.0,38.52274312853671
73.16492902612393,3072.0,32.19318999123128,6.0,37.46044366137545
75.89918248811726,3072.0,34.3452240878332,6.0,38.86038143391603
74.06162416179058,3072.0,31.698392415756818,6.0,37.919551570836774
74.45430918825348,3072.0,32.01631790773537,6.0,38.12060630438578
75.88599953883775,3072.0,33.80365732004138,6.0,38.853631763884934
76.13626937458565,3072.0,33.53054777860014,6.0,38.98176991978785
76.51620135630624,3072.0,34.58137117642057,6.0,39.176295094428795
75.59965225993511,3072.0,32.65442807745912,6.0,38.70702195708678
73.75049906606387,3072.0,32.37699482225663,6.0,37.760255521824696
75.22728654285066,3072.0,33.84091439432909,6.0,38.51637070993954
74.2992508036082,3072.0,31.943142028133103,6.0,38.0412164114474
73.27145612034622,3072.0,32.53009729862348,6.0,37.51498553361726
77.34028994312649,3072.0,33.513615662807325,6.0,39.59822845088077
76.08625134996402,3072.0,33.17980384109292,6.0,38.95616069118157
73.88369073782495,3072.0,32.57801509119479,6.0,37.82844965776638
71.51176713647256,3072.0,32.44084897722931,6.0,36.61402477387395
73.80651821200473,3072.0,34.11268653868657,6.0,37.78893732454642
75.40075469041892,3072.0,34.76717455758571,6.0,38.60518640149449
75.81509840475074,3072.0,33.63408611254481,6.0,38.817330383232374
73.0380463635239,3072.0,32.297553547990006,6.0,37.39547973812424
78.0438966042495,3072.0,34.026548653460395,6.0,39.958475061375744
77.33476694878645,3072.0,34.44534608053536,6.0,39.59540067777866
76.53963915264416,3072.0,34.37172079423722,6.0,39.18829524615381
74.30750670645628,3072.0,32.47108354913131,6.0,38.045443433705614
74.7171603373898,3072.0,33.42230293963495,6.0,38.255186092743585
72.88695529428956,3072.0,31.547194083441273,6.0,37.31812111067626
75.15176682153768,3072.0,33.162959055344494,6.0,38.47770461262729
76.84432447516737,3072.0,32.88616260903075,6.0,39.34429413128569
74.75109331157375,3072.0,31.697383007543845,6.0,38.272559775525764
74.82967733419818,3072.0,33.78986125559669,6.0,38.31279479510947
71.73487068525016,3072.0,32.73616431083139,6.0,36.72825379084808
73.32714424127016,3072.0,33.49341376840303,6.0,37.54349785153032
74.8527022490224,3072.0,32.840237456654364,6.0,38.32458355149947
75.03510269181749,3072.0,33.08524974674375,6.0,38.41797257821055
73.60050650463397,3072.0,32.244441772068285,6.0,37.68345933037259
74.37338442660423,3072.0,33.10373875410887,6.0,38.07917282642137
74.6297916196559,3072.0,31.66870392902644,6.0,38.210453309263826
76.04941161739275,3072.0,34.20414225694631,6.0,38.937298748105086
73.07569434579372,3072.0,32.61279136744385,6.0,37.41475550504638
76.62618900678154,3072.0,34.488136804263306,6.0,39.23260877147215
71.49981371867004,3072.0,32.67103705803913,6.0,36.607904623959065
72.94400612300451,3072.0,31.49828702830584,6.0,37.34733113497831
76.7222681836343,3072.0,32.45221622741737,6.0,39.28180131002077
75.07240875595363,3072.0,33.861937092132464,6.0,38.43707328304826
73.78473469738744,3072.0,32.27210044042768,6.0,37.77778416506237
74.63016229506788,3072.0,33.433734732344014,6.0,38.21064309507475
77.14603844953167,3072.0,34.556636691470636,6.0,39.49877168616022
76.98658063821684,3072.0,34.021323755895224,6.0,39.41712928676702
74.79674109821495,3072.0,32.833475686369056,6.0,38.29593144228605
75.80040341647685,3072.0,32.04803056915967,6.0,38.80980654923615
72.45858149383612,3072.0,31.749161363389472,6.0,37.0987937248441
71.66243567569036,3072.0,32.47385456005012,6.0,36.691167065953465
75.09109179022204,3072.0,32.86811607060671,6.0,38.446638996593684
74.55678173079009,3072.0,33.34076327153245,6.0,38.17307224616453
75.23702936952886,3072.0,33.7694429712179,6.0,38.52135903719877
75.54326763489485,3072.0,34.913504699475,6.0,38.67815302906616
77.05481045262208,3072.0,33.93218610272933,6.0,39.4520629517425
74.34855003911157,3072.0,34.800816102435924,6.0,38.06645762002513
75.85134985875513,3072.0,32.40182809231901,6.0,38.83589112768263
74.9098091615634,3072.0,33.05124016011572,6.0,38.35382229072046
76.0531471621588,3072.0,33.88840805055558,6.0,38.9392113470253
74.12956131939006,3072.0,33.41495914708975,6.0,37.95433539552771
73.32216878723838,3072.0,33.22382739699556,6.0,37.54095041906606
77.15204351501501,3072.0,36.0145473351221,6.0,39.50184627968768
74.56858331259704,3072.0,33.03485488154503,6.0,38.17911465604969
77.40354589137505,3072.0,34.85915778527465,6.0,39.630615496384024
73.5208678768872,3072.0,32.64331465490666,6.0,37.64268435296624
74.9087689693531,3072.0,34.65149119142784,6.0,38.35328971230879
73.0532131417082,3072.0,32.60460199460409,6.0,37.4032451285546
76.50308906022433,3072.0,34.43339431181849,6.0,39.16958159883485
74.84304576414443,3072.0,32.24186355463827,6.0,38.31963943124195
74.01453899984166,3072.0,33.42134572144191,6.0,37.89544396791893
73.80197379274236,3072.0,33.568096162413305,6.0,37.786610581884084
73.55955646393022,3072.0,33.3539609613802,6.0,37.662492909532276
74.32707544515091,3072.0,33.33984489947082,6.0,38.05546262791727
75.64459722158178,3072.0,33.35642844570455,6.0,38.73003377744987
73.36086006603968,3072.0,32.50179656342354,6.0,37.56076035381231
73.94657034001153,3072.0,33.783307342989644,6.0,37.860644014085906
76.48734929442699,3072.0,33.66414596147266,6.0,39.16152283874662
74.95067852944929,3072.0,33.535462853909166,6.0,38.37474740707803
75.67497758369144,3072.0,33.335301017901095,6.0,38.74558852285002
73.69345663047953,3072.0,32.84609413246729,6.0,37.73104979480552
75.26327501545666,3072.0,32.14652397458483,6.0,38.53479680791381
74.33195192694681,3072.0,34.62306265882128,6.0,38.05795938659677
74.16158331495316,3072.0,33.274193320895414,6.0,37.97073065725602
75.2453241683066,3072.0,33.18479091200351,6.0,38.525605974172976
73.22207188382671,3072.0,32.70848385971306,6.0,37.48970080451927
73.8448305806838,3072.0,32.527910793959414,6.0,37.80855325731011
72.31413359582982,3072.0,31.997597216955295,6.0,37.02483640106486
77.30984538507367,3072.0,33.605851355499595,6.0,39.58264083715772
74.15622220612902,3072.0,32.43681336162437,6.0,37.96798576953806
75.43102601820091,3072.0,32.316017908667945,6.0,38.62068532131887
77.41192878848412,3072.0,34.69030354306348,6.0,39.63490753970387
75.59881949471517,3072.0,32.967273571846384,6.0,38.70659558129417
76.54149632150727,3072.0,33.848550961168144,6.0,39.18924611661172
77.26607233097936,3072.0,34.62003962305446,6.0,39.56022903346143
76.02327247679847,3072.0,32.157230140374594,6.0,38.92391550812082
71.49969364618313,3072.0,31.867469323541236,6.0,36.60784314684577
75.49812021737061,3072.0,33.1279664042915,6.0,38.65503755129376
75.32081995387837,3072.0,34.42200356242384,6.0,38.56425981638573
72.08812394546756,3072.0,32.74887882082432,6.0,36.90911946007939
74.41476124791863,3072.0,31.932741329421784,6.0,38.100357758934344
75.10955185983885,3072.0,33.87978918819835,6.0,38.45609055223749
76.05397810757361,3072.0,32.179583336268735,6.0,38.93963679107769
73.77021804048839,3072.0,33.182970441308306,6.0,37.77035163673005
73.94162966470013,3072.0,32.175701256376286,6.0,37.85811438832647
75.15800113415186,3072.0,32.955911208364554,6.0,38.48089658068576
74.92917626981941,3072.0,33.43538347105624,6.0,38.363738250147534
73.23330427967046,3072.0,32.24956463857421,6.0,37.49545179119127
73.45782423610048,3072.0,32.17838150287537,6.0,37.61040600888345
71.60248230663328,3072.0,31.878748724533878,6.0,36.66047094099624
75.04565489471466,3072.0,32.450309191235334,6.0,38.42337530609391
74.70698312764627,3072.0,32.84404065712581,6.0,38.249975361354885
73.28720891429711,3072.0,33.34325477645656,6.0,37.523050964120124
73.2490736123075,3072.0,33.40827104778432,6.0,37.503525689501444
75.15764497080342,3072.0,33.74862808436926,6.0,38.48071422505136
72.65512389107501,3072.0,32.27350078302515,6.0,37.199423432230404
74.81469787113181,3072.0,34.13085630225307,6.0,38.30512531001949
71.66149735679976,3072.0,32.82845870411324,6.0,36.69068664668148
76.67051711967834,3072.0,34.121442474303535,6.0,39.25530476527531
76.17290729526091,3072.0,34.16940216424108,6.0,39.00052853517359
75.21468701806629,3072.0,32.97629912565655,6.0,38.50991975324994
76.28278602854735,3072.0,33.69520770404849,6.0,39.05678644661624
77.03722896681438,3072.0,33.5652659684106,6.0,39.44306123100897
72.74940407396987,3072.0,32.358516488288714,6.0,37.24769488587257
73.899959020511,3072.0,32.1176621338186,6.0,37.83677901850164
75.19091091074272,3072.0,33.685282248798046,6.0,38.49774638630027
73.61916618181999,3072.0,32.36924372306989,6.0,37.693013085091835
71.32329989721853,3072.0,31.537007764015772,6.0,36.517529547375894
73.49506415303448,3072.0,32.82482131487959,6.0,37.62947284635366
73.67350902975397,3072.0,32.93723807896123,6.0,37.720836623234035
73.09796985500132,3072.0,32.39090837275075,6.0,37.42616056576068
73.4307487579019,3072.0,31.74534907978625,6.0,37.59654336404577
74.1562875682525,3072.0,33.00121046986124,6.0,37.96801923494528
73.544162358425,3072.0,33.64950241455955,6.0,37.654611127513604
75.46833189128485,3072.0,33.77048683575735,6.0,38.63978592833785
73.02876630695349,3072.0,32.90417900236649,6.0,37.390728349160185
74.52250439574195,3072.0,33.923364150607824,6.0,38.155522250619875
75.4070472241654,3072.0,33.589497498761766,6.0,38.608408178772684
74.16643953346296,3072.0,32.830182588650075,6.0,37.97321704113303
70.64209548789906,3072.0,30.979430517189527,6.0,36.16875288980431
75.05061091444074,3072.0,32.9313144094915,6.0,38.425912788193656
74.13113895572981,3072.0,32.43400957176035,6.0,37.955143145333665
72.63826208235544,3072.0,32.3427933602176,6.0,37.190790186165984
73.59741589626506,3072.0,32.11880723431533,6.0,37.68187693888771
72.24735197450833,3072.0,31.797721936176657,6.0,36.99064421094826
75.38401192530218,3072.0,33.3830279159553,6.0,38.59661410575472
74.00630898622882,3072.0,31.097056520890263,6.0,37.89123020094915
73.83993074781667,3072.0,33.874862547556106,6.0,37.806044542882134
73.24816970992616,3072.0,34.00982154275881,6.0,37.503062891482195
75.9583963476114,3072.0,32.924345260135375,6.0,38.890698929977034
74.22221949043004,3072.0,32.948255935603605,6.0,38.00177637910017
72.39286220080533,3072.0,30.781846371564228,6.0,37.06514544681233
75.93233393323231,3072.0,33.563031581896865,6.0,38.87735497381495
74.21316326884394,3072.0,31.506658857129615,6.0,37.9971395936481
71.48027522443388,3072.0,31.51586599469981,6.0,36.59790091491015
74.42554554906788,3072.0,32.676696470032844,6.0,38.10587932112275
72.53435388827755,3072.0,31.897532592165945,6.0,37.13758919079811
75.03352903851686,3072.0,32.694207545032384,6.0,38.41716686772063
75.46299774960741,3072.0,34.83036995861093,6.0,38.637054847798986
73.53319409807044,3072.0,32.85850548271363,6.0,37.648995378212064
75.83668934535116,3072.0,34.04607679443896,6.0,38.828384944819796
74.67405972422925,3072.0,33.8001725964467,6.0,38.233118578805374
74.59289377908341,3072.0,32.729337480398485,6.0,38.1915616148907
73.29874108700061,3072.0,33.30110360923064,6.0,37.528955436544315
74.77802183620717,3072.0,32.613762776365284,6.0,38.286347180138065
74.67769559636496,3072.0,33.17085879354059,6.0,38.23498014533886
74.5208483926643,3072.0,34.4673831532126,6.0,38.154674377044124
75.46552514674121,3072.0,33.33966622803647,6.0,38.6383488751315
75.79747742235269,3072.0,33.553433325817636,6.0,38.80830844024457
72.50026009001064,3072.0,32.07463928678856,6.0,37.120133166085445
71.7784732440209,3072.0,31.70612609960753,6.0,36.7505783009387
74.5773984981602,3072.0,32.913154340618576,6.0,38.18362803105802
76.19283109334302,3072.0,33.28921734539403,6.0,39.010729519791624
73.66037079881926,3072.0,33.208214180999235,6.0,37.714109848995456
73.46025768637269,3072.0,32.95454823235966,6.0,37.61165193542282
74.84784557814632,3072.0,34.25183070627487,6.0,38.322096936010915
72.49365015801015,3072.0,33.13615884410437,6.0,37.1167488809012
74.81854519238111,3072.0,32.11585067607865,6.0,38.30709513849912
73.04255689515249,3072.0,31.683424405377686,6.0,37.397789130318074
77.28727829413624,3072.0,33.52244206376791,6.0,39.57108648659775
77.18811796442563,3072.0,32.988190887211594,6.0,39.520316397785926
74.2846397838693,3072.0,32.580751827136524,6.0,38.033735569341076
75.29952255804311,3072.0,33.36028061103788,6.0,38.55335554971807
75.02262751156817,3072.0,34.41266916076434,6.0,38.411585285922904
76.01683712586343,3072.0,32.67002769492145,6.0,38.92062060844208
77.14005945994404,3072.0,35.01140221937288,6.0,39.495710443491355
74.04612286585258,3072.0,33.24567784924244,6.0,37.91161490731652
76.00371563300669,3072.0,32.1890429909654,6.0,38.91390240409943
75.23576827897274,3072.0,32.49509529850803,6.0,38.52071335883405
76.1663733913144,3072.0,32.986753033293994,6.0,38.99718317635297
76.47893271974951,3072.0,33.288278392504175,6.0,39.15721355251175
75.41991058557734,3072.0,33.228493899800675,6.0,38.6149942198156
75.06694798645455,3072.0,34.047962046091236,6.0,38.43427736906473
73.3794404516553,3072.0,33.07764021782465,6.0,37.570273511247514
77.615421428643,3072.0,34.20408539742875,6.0,39.739095771465216
76.4739859685418,3072.0,34.311760951383874,6.0,39.1546808158934
73.88381014368014,3072.0,33.760018714626966,6.0,37.828510793564234
75.25903840328517,3072.0,33.54455964546326,6.0,38.532627662482014
74.12200282477812,3072.0,33.08286545822767,6.0,37.950465446286394
77.96744984471438,3072.0,35.164978055392346,6.0,39.91933432049375
74.90721137209755,3072.0,32.36225293219784,6.0,38.352492222513945
77.96765814542371,3072.0,33.826859781053265,6.0,39.91944097045694
72.29428623309322,3072.0,31.627946456547296,6.0,37.01467455134373
75.91681565518222,3072.0,33.412804540711676,6.0,38.8694096154533
75.27086178346342,3072.0,34.01548205697093,6.0,38.53868123313327
74.45467728844598,3072.0,32.992312488127936,6.0,38.12079477168434
73.05725195076559,3072.0,32.439260994332194,6.0,37.405312998791985
73.75639573334169,3072.0,32.13431754342898,6.0,37.76327461547095
75.10210484727348,3072.0,32.85853898564189,6.0,38.45227768180403
75.827578424416,3072.0,33.04378816649575,6.0,38.82372015330099
73.37123719405892,3072.0,32.14267307650033,6.0,37.566073443358164
73.94661414193186,3072.0,33.44408127774526,6.0,37.860666440669114
74.83834789508118,3072.0,32.74162621866922,6.0,38.31723412228157
73.73674739135399,3072.0,32.58736433863096,6.0,37.753214664373246
76.03773709466839,3072.0,34.050047544783766,6.0,38.93132139247022
75.6487949325476,3072.0,32.678671927511196,6.0,38.73218300546437
78.27926997598786,3072.0,33.78732023812934,6.0,40.078986227705784
73.47043468342234,3072.0,31.939227561208533,6.0,37.61686255791224
73.34142836489667,3072.0,32.748871569009204,6.0,37.550811322827094
75.2927718370378,3072.0,33.67501262450781,6.0,38.54989918056335
73.72209725835586,3072.0,33.405692457056226,6.0,37.745713796278196
72.79662179380684,3072.0,32.66318448155953,6.0,37.2718703584291
76.42212844252892,3072.0,34.34956604356009,6.0,39.12812976257481
74.34887088395496,3072.0,32.059691990177306,6.0,38.06662189258495
74.29640534860506,3072.0,34.630565288216175,6.0,38.0397595384858
73.86318096520668,3072.0,32.74477014015571,6.0,37.81794865418582
71.9104077422751,3072.0,33.33453880894044,6.0,36.81812876404484
76.25062277503731,3072.0,33.25870817330881,6.0,39.040318860819106
75.10611404559661,3072.0,33.24494877486107,6.0,38.45433039134547
75.92808782228963,3072.0,33.383686104527754,6.0,38.87518096501229
75.53632594160769,3072.0,33.500738846174876,6.0,38.67459888210314
72.660309043786,3072.0,31.09968628816385,6.0,37.20207823041844
74.14616000735344,3072.0,33.2799300933671,6.0,37.96283392376496
73.83535054614599,3072.0,32.007616971567145,6.0,37.803699479626744
75.88253771210476,3072.0,33.18769067024557,6.0,38.851859308597646
73.86009906007381,3072.0,33.60540558741563,6.0,37.81637071875779
76.18766002008469,3072.0,33.99460403091329,6.0,39.00808193028336
75.77082934260494,3072.0,34.30903819407839,6.0,38.79466462341373
76.75601515759143,3072.0,33.74022168670228,6.0,39.29907976068682
76.85519315871231,3072.0,33.11114656796097,6.0,39.3498588972607
75.067149436045,3072.0,32.39461684307871,6.0,38.434380511255036
76.58371514167635,3072.0,33.21186014384509,6.0,39.21086215253829
75.68444821374763,3072.0,34.53355353145566,6.0,38.75043748543879
76.92481648762507,3072.0,33.09786284908939,6.0,39.38550604166404
76.41422971536454,3072.0,33.71719076290085,6.0,39.12408561426665
75.60017894938593,3072.0,33.943387197925496,6.0,38.707291622085606
72.1196896773706,3072.0,32.001447076676925,6.0,36.92528111481375
74.95059549153167,3072.0,32.36141259051902,6.0,38.374704891664216
75.06914857517056,3072.0,33.232416003997585,6.0,38.43540407048733
72.78338572166905,3072.0,32.56711453868446,6.0,37.265093489494554
77.67195571346195,3072.0,33.58936716691833,6.0,39.76804132529252
75.86193344160411,3072.0,33.08375964656605,6.0,38.8413099221013
77.01282226709932,3072.0,33.73404986966454,6.0,39.430565000754854
75.59891002409138,3072.0,33.20244338652511,6.0,38.70664193233479
72.60551233069565,3072.0,31.24059815522962,6.0,37.17402231331617
73.14904066072769,3072.0,32.37942968894502,6.0,37.45230881829257
76.73663616698695,3072.0,34.25428493209483,6.0,39.289157717497325
75.11708340852866,3072.0,33.75913274819984,6.0,38.45994670516667
73.522043906464,3072.0,34.07175587549342,6.0,37.64328648010957
75.45046073336526,3072.0,33.04441285837603,6.0,38.63063589548302
76.09179277144759,3072.0,34.63711427519165,6.0,38.95899789898117
75.95450701630507,3072.0,33.02089827146283,6.0,38.8887075923482
74.94411956192539,3072.0,34.117073947472505,6.0,38.3713892157058
76.2273309525724,3072.0,33.538344965431996,6.0,39.02839344771707
76.01223915794935,3072.0,34.430273702088684,6.0,38.918266448870064
77.21057416622908,3072.0,33.586849583988915,6.0,39.53181397310929
74.16742963332786,3072.0,33.19961389954492,6.0,37.97372397226386
75.61405597282852,3072.0,33.76398282401978,6.0,38.714396658088205
76.05744521073673,3072.0,33.70080489022869,6.0,38.9414119478972
76.19328277982927,3072.0,34.65113486575318,6.0,39.010960783272594
74.98583721099793,3072.0,31.21797498971476,6.0,38.39274865203094
76.53462397784733,3072.0,33.7413765619339,6.0,39.18572747665784
76.76266972658098,3072.0,34.108929769237946,6.0,39.30248690000946
75.60016370733176,3072.0,33.88425133903156,6.0,38.70728381815386
74.92834899489353,3072.0,33.30776715996077,6.0,38.36331468538549
75.13026029812104,3072.0,33.14437177274653,6.0,38.466693272637976
74.4124512392679,3072.0,32.47508523336197,6.0,38.09917503450516
73.28574845778427,3072.0,32.97090633089978,6.0,37.522303210385545
74.25246832583503,3072.0,33.205724194113984,6.0,38.017263782827534
75.28182381619635,3072.0,33.99887482768822,6.0,38.544293793892535
76.08039451783912,3072.0,32.970358231521416,6.0,38.953161993133634
74.78439270890196,3072.0,33.91035373170056,6.0,38.2896090669578
75.93357537195423,3072.0,35.572059754401785,6.0,38.87799059044056
73.08159727273656,3072.0,31.643636596664276,6.0,37.417777803641115
74.43494331952921,3072.0,32.199619934273265,6.0,38.11069097959896
75.95603228121955,3072.0,33.388517082918035,6.0,38.88948852798441
74.62212556924887,3072.0,32.30072688749505,6.0,38.20652829145542
75.70020448415198,3072.0,34.548729170389706,6.0,38.75850469588582
73.47505199510135,3072.0,31.901825526903387,6.0,37.6192266214919
74.59418138223728,3072.0,33.69986773006358,6.0,38.19222086770549
75.47606780089251,3072.0,33.44311682740704,6.0,38.64374671405697
75.15851868507224,3072.0,32.37972060996994,6.0,38.48116156675698
76.57834475808131,3072.0,33.81360306301741,6.0,39.20811251613763
78.38682147891512,3072.0,36.0235527055473,6.0,40.134052597204544
73.85212432013809,3072.0,33.99374559521339,6.0,37.8122876519107
73.4819999875946,3072.0,32.87374251405775,6.0,37.62278399364844
75.71173447981933,3072.0,33.436440550565834,6.0,38.764408053667495
74.81230811646223,3072.0,33.07515243681061,6.0,38.30390175562866
77.4401982320731,3072.0,34.5777022364497,6.0,39.64938149482143
75.14506853834209,3072.0,32.69298474188751,6.0,38.474275091631156
78.41784098560767,3072.0,34.533060484241936,6.0,40.149934584631126
76.01120656996451,3072.0,33.87377840716878,6.0,38.91773776382183
73.37454367128589,3072.0,33.172118161592515,6.0,37.56776635969838
77.36066914912207,3072.0,32.931590483125454,6.0,39.6086626043505
76.12085170323536,3072.0,32.82328046461772,6.0,38.973876072056505
74.07668487680617,3072.0,33.10560150501165,6.0,37.92726265692475
77.73757434554389,3072.0,34.443664598542085,6.0,39.80163806491848
75.76638777872405,3072.0,35.22063918136329,6.0,38.79239054270671
72.17674433915504,3072.0,31.739736055306892,6.0,36.95449310164738
76.1779551054662,3072.0,33.804800208578726,6.0,39.0031130139987
71.98442912660991,3072.0,32.23148593333262,6.0,36.85602771282427
73.80983173340039,3072.0,33.62501323050995,6.0,37.790633847501
74.61951366403866,3072.0,33.07662836961097,6.0,38.20519099598779
73.21020591942549,3072.0,33.679454868899896,6.0,37.48362543074585
74.90610809642912,3072.0,33.274463380576734,6.0,38.35192734537171
76.04691179476501,3072.0,33.30909181903186,6.0,38.936018838919686
76.1664917811127,3072.0,32.34685176645981,6.0,38.9972437919297
75.96131122137483,3072.0,33.68489289607854,6.0,38.89219134534392
73.66488727467498,3072.0,32.51358493387847,6.0,37.71642228463359
71.98428901976305,3072.0,31.885357632430452,6.0,36.85595597811868
73.68721468336962,3072.0,32.260614727987694,6.0,37.72785391788524
74.50810899209408,3072.0,33.081327073526666,6.0,38.14815180395217
74.59612259341186,3072.0,33.11990746041444,6.0,38.19321476782687
73.5197836799841,3072.0,33.782796783507315,6.0,37.64212924415186
73.4464091973513,3072.0,33.605791690553055,6.0,37.60456150904387
74.8901504933739,3072.0,33.15750922026312,6.0,38.34375705260743
74.90577874740812,3072.0,33.89541145866293,6.0,38.351758718672954
74.07971841774352,3072.0,34.37851842337597,6.0,37.92881582988469
74.30103553772456,3072.0,33.22724511944377,6.0,38.04213019531498
74.37326704685032,3072.0,32.897865076313536,6.0,38.079112727987365
74.91070253284943,3072.0,32.75788620220092,6.0,38.3542796968189
73.99231735942679,3072.0,33.30348618471639,6.0,37.88406648802652
74.35174791922026,3072.0,32.62957968841642,6.0,38.06809493464077
75.08923790328859,3072.0,33.89939689557602,6.0,38.44568980648376
76.62572746595889,3072.0,34.45682661300226,6.0,39.23237246257096
78.67673562833565,3072.0,33.826661394946825,6.0,40.28248864170786
75.06539407207659,3072.0,33.7661641898123,6.0,38.43348176490321
74.35911855329012,3072.0,33.86764067080176,6.0,38.071868699284536
74.03373541319098,3072.0,32.401763170977034,6.0,37.905272531553784
76.1532618475171,3072.0,32.32058642946233,6.0,38.990470065928754
75.70186976084003,3072.0,34.8247476597368,6.0,38.75935731755009
75.1495413586159,3072.0,33.42429368251672,6.0,38.47656517561135
74.0658904286444,3072.0,33.49488649323124,6.0,37.92173589946593
72.25847461751229,3072.0,32.98529803048423,6.0,36.99633900416629
71.97654713855582,3072.0,32.60530214286851,6.0,36.85199213494057
73.23584832919278,3072.0,32.53600626261079,6.0,37.4967543445467
73.62365132084682,3072.0,32.25855892459653,6.0,37.69530947627357
76.36260377805888,3072.0,33.164614008978404,6.0,39.09765313436615
76.30319956021472,3072.0,34.209933791126524,6.0,39.06723817482994
75.18740284682805,3072.0,33.08748037224284,6.0,38.49595025757596
75.86594120709086,3072.0,33.13911569855324,6.0,38.843361898030516
73.38522295125345,3072.0,32.96354756705859,6.0,37.573234151041774
77.27841441803328,3072.0,34.66841055710824,6.0,39.56654818203304
75.84227506069637,3072.0,32.45299200968229,6.0,38.83124483107654
72.17387085579489,3072.0,32.286716190339895,6.0,36.95302187816698
72.51716950844347,3072.0,32.18602289862789,6.0,37.12879078832305
73.53578392934216,3072.0,33.07138820218239,6.0,37.65032137182319
75.37969589627049,3072.0,33.12489692708733,6.0,38.59440429889049
75.9419403543573,3072.0,34.10330276015587,6.0,38.882273461430934
73.31310524054858,3072.0,32.49400375545306,6.0,37.536309883160875
76.08322468453848,3072.0,32.778179106457785,6.0,38.954611038483705
73.69064025152069,3072.0,34.00147367436314,6.0,37.72960780877859
75.44056233921056,3072.0,32.9666150324626,6.0,38.62556791767581
74.69883313891881,3072.0,33.180741665405066,6.0,38.24580256712643
74.87726036978188,3072.0,32.62752598242453,6.0,38.337157309328326
73.74709368937604,3072.0,33.17995268567464,6.0,37.75851196896053
75.94840022236414,3072.0,33.8318757814338,6.0,38.88558091385044
74.3049347726436,3072.0,32.98744056776133,6.0,38.044126603593526
73.86314978278035,3072.0,33.67022671243737,6.0,37.81793268878354
75.05211412983932,3072.0,32.690243254381286,6.0,38.42668243447773
76.42548432496596,3072.0,34.40165453036179,6.0,39.12984797438257
76.18590309645703,3072.0,33.630177149759675,6.0,39.007182385386
78.18402360400978,3072.0,34.78881348550116,6.0,40.030220085253006
74.3976012394897,3072.0,32.70476171676741,6.0,38.091571834618726
73.87671308710331,3072.0,32.35080644056812,6.0,37.82487710059689
76.95988498460159,3072.0,33.588968821032424,6.0,39.40346111211601
75.39848576806332,3072.0,33.6802345418771,6.0,38.604024713248414
72.43710557160307,3072.0,33.68231684771219,6.0,37.08779805266077
76.46500004717282,3072.0,33.31676031588088,6.0,39.15008002415248
73.13180856645046,3072.0,32.41797723389453,6.0,37.44348598602263
74.13007755102825,3072.0,32.386124044828165,6.0,37.954599706126466
75.79678570027977,3072.0,32.6196933737188,6.0,38.80795427854324
73.80502920724292,3072.0,33.68874906912401,6.0,37.78817495410838
72.55381183805999,3072.0,32.6028515651521,6.0,37.14755166108671
73.14812032039593,3072.0,32.170713721329754,6.0,37.451837604042716
75.30993220958875,3072.0,33.53370905455793,6.0,38.55868529130944
74.42207160213745,3072.0,32.61617844301407,6.0,38.10410066029437
75.05626405770523,3072.0,31.852790947451414,6.0,38.42880719754508
75.61686204894355,3072.0,34.581809669326645,6.0,38.71583336905909
75.67216559359656,3072.0,31.991773023415465,6.0,38.74414878392144
75.13970011274846,3072.0,33.24703321955165,6.0,38.471526457727215
73.34885897242343,3072.0,32.31688066382541,6.0,37.55461579388079
74.13987261914188,3072.0,33.360200788233925,6.0,37.959614781000646
78.22812182059246,3072.0,34.00957219785729,6.0,40.052798372143336
75.620810517372,3072.0,33.739583041056775,6.0,38.717854984894466
74.73239919485722,3072.0,33.505043513596995,6.0,38.2629883877669
75.63595490446394,3072.0,33.37637570252794,6.0,38.725608911085544
74.81005866282831,3072.0,32.14465842360338,6.0,38.3027500353681
76.44334212848963,3072.0,34.34757004619841,6.0,39.1389911697867
76.21813233454145,3072.0,32.665326058659765,6.0,39.02368375528523
75.31429115025543,3072.0,33.79732161153833,6.0,38.56091706893078
75.92486681662575,3072.0,34.03055984922827,6.0,38.87353181011238
77.45774221433255,3072.0,33.51156707871496,6.0,39.65836401373827
74.57247788745917,3072.0,34.069867625736784,6.0,38.181108678379104
73.3779631483967,3072.0,32.87429280971567,6.0,37.56951713197911
75.75212336984727,3072.0,32.18753499803147,6.0,38.7850871653618
76.9944360496454,3072.0,34.66434560443464,6.0,39.421151257418444
75.4783830967113,3072.0,32.738206461195176,6.0,38.64493214551618
75.31684486535308,3072.0,32.63123872874215,6.0,38.56222457106078
75.93416504783107,3072.0,34.35284228663717,6.0,38.878292504489515
73.82196389493399,3072.0,32.89042221999101,6.0,37.796845514206204
73.8414845602724,3072.0,33.21565642293308,6.0,37.806840094859474
74.29659927313068,3072.0,33.83564867426611,6.0,38.039858827842906
73.34878685098481,3072.0,33.34802222760916,6.0,37.554578867704215
73.0095868821132,3072.0,33.66419081738258,6.0,37.38090848364195
77.60536906239639,3072.0,34.04036299298294,6.0,39.73394895994695
75.58435657790466,3072.0,33.363813218235144,6.0,38.699190567887186
74.51706664265015,3072.0,32.12963732780126,6.0,38.152738121036876
75.09577509688452,3072.0,33.57268028777697,6.0,38.44903684960487
77.19982264408137,3072.0,34.57393909501924,6.0,39.526309193769656
72.90620346719356,3072.0,31.20423449794162,6.0,37.327976175203105
73.35382631407552,3072.0,32.56234278670953,6.0,37.55715907280666
75.73202826740292,3072.0,34.55618591607777,6.0,38.7747984729103
72.65715864722355,3072.0,32.1591224738129,6.0,37.20046522737846
74.23972708514428,3072.0,34.1175884083828,6.0,38.01074026759387
74.10993075088871,3072.0,33.125547169018425,6.0,37.944284544455016
75.98573524328441,3072.0,34.363705762933584,6.0,38.904696444561615
74.63651980238484,3072.0,34.04165906516622,6.0,38.21389813882104
76.6822085848998,3072.0,33.66739733621842,6.0,39.261290795468696
73.75382295772282,3072.0,32.85595187579672,6.0,37.76195735435409
74.1352169108004,3072.0,31.781812313904,6.0,37.9572310583298
73.4859008356191,3072.0,32.44290078351572,6.0,37.624781227836976
74.58789056826531,3072.0,33.39129387242698,6.0,38.18899997095184
74.60805597737637,3072.0,32.103258095145065,6.0,38.1993246604167
73.05268473012119,3072.0,33.20635273873273,6.0,37.40297458182204
75.13536217242802,3072.0,33.94957214063825,6.0,38.46930543228315
73.40546212286124,3072.0,33.810312103189695,6.0,37.583596606904955
