50.87167826883539,2048.0,17.537314201537235,4.0,26.04629927364372
24.384023574015746,1024.0,11.189575284340343,2.0,12.484620069896062
24.97353479732821,1024.0,10.760737160460177,2.0,12.786449816232043
26.28719007049918,1024.0,11.914857428656553,2.0,13.459041316095579
51.603324073488956,2048.0,17.649856854722813,4.0,26.420901925626346
19.47221388976137,1024.0,6.6600246166695225,2.0,9.969773511557822
73.39033711166881,3072.0,33.02642334210731,6.0,37.57585260117443
62.14113699367515,3072.0,28.635127663224722,6.0,31.816262140761676
52.8646283137685,2048.0,18.22736736943803,4.0,27.06668969664947
18.814036333567746,1024.0,6.2938835674933795,2.0,9.632786602786686
53.488563356657394,2048.0,18.85150157889104,4.0,27.38614443860859
51.02656468122625,2048.0,18.42259706351889,4.0,26.12560111678784
70.37816543668792,2560.0,26.292517374495667,5.0,36.03362070358422
50.57308298222985,2048.0,18.011206413728218,4.0,25.89341848690168
50.925578821355884,2048.0,17.358529951423844,4.0,26.073896356534213
53.730081923507875,2048.0,17.78105828049486,4.0,27.509801944836035
70.40166078164634,2560.0,25.617553767048882,5.0,36.04565032020293
50.81133444034502,2048.0,17.74876264030914,4.0,26.015403233456652
52.572238993979575,2048.0,17.03434624167798,4.0,26.91698636491754
51.85934791282975,2048.0,18.783958843364076,4.0,26.551986131368828
54.041908695970825,2048.0,19.769869952466962,4.0,27.669457252337068
51.4752581488504,2048.0,17.96448745281048,4.0,26.355332172211405
76.04623604640378,3072.0,33.67733729492825,6.0,38.935672855758725
52.52294463423057,2048.0,18.963464372218326,4.0,26.89174765272605
19.668906397619075,1024.0,7.172725582674548,2.0,10.070480075580967
49.17251834499507,2048.0,16.14063814250174,4.0,25.176329392637477
72.29544426776187,3072.0,26.41190118729786,6.0,37.01526746509408
61.3861786944424,3072.0,29.418615382846994,6.0,31.429723491554512
62.65877647434252,3072.0,27.548088674694288,6.0,32.081293554863365
51.147918685341395,2048.0,18.079232105838848,4.0,26.18773436689479
60.07220849865694,3072.0,29.439933946504993,6.0,30.756970751312355
72.31608546381685,3072.0,26.52318164687905,6.0,37.025835757474226
19.78103295746369,1024.0,5.672876458914944,2.0,10.127888874221409
78.21793689476465,3072.0,31.798667241316167,6.0,40.0475836901195
50.73962735381383,2048.0,18.0361445136978,4.0,25.97868920515268
58.15730027488246,3072.0,26.846892961419464,6.0,29.77653774073982
49.27453265665841,2048.0,16.24857098074412,4.0,25.228560720209103
74.21773138726472,3072.0,30.424601065677948,6.0,37.99947847027954
18.70747545905534,1024.0,6.081439936507044,2.0,9.578227435036334
24.05676828588615,1024.0,10.00979866429982,2.0,12.317065362373707
51.515541573139664,2048.0,18.7825560484224,4.0,26.37595728544751
51.24834436568333,2048.0,17.659893666228655,4.0,26.239152315229866
19.336096787564735,1024.0,6.6439558132778815,2.0,9.900081555233143
72.84772157806258,3072.0,33.24713952224903,6.0,37.298033447968045
24.43384692120319,1024.0,8.882243419222561,2.0,12.510129623656034
18.401304975263955,1024.0,5.894739677970728,2.0,9.421468147335144
77.64035071938953,3072.0,31.308837565734745,6.0,39.75185956832744
53.53190084271934,2048.0,19.585845310591424,4.0,27.4083332314723
50.87156632670184,2048.0,17.65874027059587,4.0,26.04624195927134
72.82761449656195,3072.0,33.18016484724474,6.0,37.287738622239715
73.5343956168542,3072.0,33.61747092445819,6.0,37.649610555829355
52.604071641780706,2048.0,17.16185296541904,4.0,26.933284680591726
71.62453496850107,3072.0,25.942940440563007,6.0,36.67176190387255
51.83599763968104,2048.0,17.186115445895794,4.0,26.540030791516692
18.52801687918773,1024.0,5.171346760678835,2.0,9.486344642144118
61.47411998844709,3072.0,28.97387462505256,6.0,31.474749434084913
73.76638542132238,3072.0,32.50654388431226,6.0,37.76838933571706
50.55249771755309,2048.0,18.332933585459454,4.0,25.88287883138718
20.118620076706208,1024.0,7.068880031617216,2.0,10.300733479273578
18.976950091097006,1024.0,6.746670036984396,2.0,9.716198446641666
62.80342294788952,3072.0,29.719857805860343,6.0,32.15535254931944
52.31027747144375,2048.0,19.406920631095318,4.0,26.7828620653792
52.439966228299774,2048.0,18.780730189769308,4.0,26.849262708889484
19.24852609513196,1024.0,6.2517630844079175,2.0,9.855245360707563
76.50719299885253,3072.0,33.265700152300276,6.0,39.171682815412495
53.931581556471514,2048.0,19.585995398037337,4.0,27.612969756913415
20.265151485870298,1024.0,7.230480134937606,2.0,10.375757560765592
18.009782226431824,1024.0,5.2230845721992,2.0,9.221008499933093
53.36303402068398,2048.0,18.432901871490824,4.0,27.3218734185902
25.050296658615842,1024.0,10.66327457397693,2.0,12.825751889211311
53.93397591425126,2048.0,18.648084391904355,4.0,27.61419566809665
55.20326043357481,2048.0,19.217057450682148,4.0,28.264069341990304
51.33552751252432,2048.0,18.58384306695509,4.0,26.283790086412452
23.59033654997317,1024.0,9.206252708531666,2.0,12.078252313586262
71.74995230208921,2560.0,25.64878148741655,5.0,36.73597557866968
19.05042398610864,1024.0,7.09363842143523,2.0,9.753817080887623
52.12993081645467,2048.0,17.873379378566774,4.0,26.69052457802479
21.060303574295617,1024.0,7.388732096087855,2.0,10.782875430039356
69.91687571095316,2560.0,26.286465340885684,5.0,35.797440364008025
52.4003731073566,2048.0,18.7705411551421,4.0,26.82899103096658
61.10942350878777,3072.0,28.28772705897679,6.0,31.288024836499336
61.93489296501185,3072.0,30.19633171158005,6.0,31.71066519808607
59.273183811860136,3072.0,26.888722339820845,6.0,30.347870111672385
71.43679502198307,2560.0,25.82742813553524,5.0,36.57563905125534
63.0955684020853,3072.0,29.082215605944537,6.0,32.304931021867674
53.63129955231306,2048.0,17.72805337380749,4.0,27.45922537078429
25.01204018059442,1024.0,11.302099740544584,2.0,12.806164572464343
50.04101594448419,2048.0,18.325315234672836,4.0,25.621000163575903
71.71146088082907,3072.0,25.658345198845563,6.0,36.71626797098448
19.797933022872222,1024.0,8.159226740164192,2.0,10.136541707710577
18.90603123475598,1024.0,6.198984749910965,2.0,9.679887992195061
25.118099085362935,1024.0,10.33032228764062,2.0,12.860466731705824
52.268951867287655,2048.0,19.511903483321202,4.0,26.761703356051278
52.37056261551013,2048.0,19.431668597919977,4.0,26.81372805914119
53.4630446579029,2048.0,18.47468315265546,4.0,27.373078864846285
52.57733327798641,2048.0,18.65922204231403,4.0,26.91959463832904
51.13087196635803,2048.0,17.402496729477104,4.0,26.17900644677531
78.03754993197367,3072.0,30.342153001443034,6.0,39.95522556517052
26.673727011655323,1024.0,11.323018851559038,2.0,13.656948229967526
78.58718144361988,3072.0,31.524791157604735,6.0,40.23663689913338
24.120903173300313,1024.0,10.927470091595277,2.0,12.34990242472976
69.81007390525528,2560.0,25.486744228178818,5.0,35.74275783949071
25.23238720949803,1024.0,11.282107465012182,2.0,12.91898225126299
17.97033229052272,1024.0,5.8565014565239135,2.0,9.200810132747632
53.00305322454667,2048.0,18.332366828274623,4.0,27.137563250967894
69.99615118421869,2560.0,26.653170747595215,5.0,35.83802940631997
54.11100824302891,2048.0,18.62373382884647,4.0,27.704836220430806
20.599529565247707,1024.0,7.171024214182079,2.0,10.546959137406827
52.55873958089611,2048.0,18.15093481428787,4.0,26.910074665418808
69.9485871649372,3072.0,26.760157713110097,6.0,35.81367662844784
71.38017823275713,3072.0,31.73881911900133,6.0,36.54665125517165
51.80453806698854,2048.0,18.866380935867817,4.0,26.52392349029813
53.779644061915654,2048.0,18.354351175705737,4.0,27.535177759700815
51.255820970937236,2048.0,17.00712646100275,4.0,26.242980337119867
18.956610386205494,1024.0,5.9351963897531705,2.0,9.705784517737213
70.56591646450669,2560.0,26.74882491624023,5.0,36.12974922982742
53.33850030930303,2048.0,17.99552149831296,4.0,27.309312158363156
62.184608598539285,3072.0,28.272050590556844,6.0,31.838519602452116
62.725903117562645,3072.0,29.23890271961406,6.0,32.11566239619208
18.234859611643845,1024.0,5.722115909260673,2.0,9.336248121161649
53.47432886763313,2048.0,19.52956684680656,4.0,27.378856380228164
18.10239562941245,1024.0,5.17247049469653,2.0,9.268426562259174
51.133266406140415,2048.0,17.951416046379524,4.0,26.18023239994389
62.69790112650828,3072.0,29.39265563848797,6.0,32.10132537677224
51.82461149691808,2048.0,18.040739889256784,4.0,26.53420108642206
53.07708579295961,2048.0,20.034179564407648,4.0,27.17546792599532
52.53311135947645,2048.0,17.942176990228717,4.0,26.896953016051942
20.45794851817326,1024.0,6.740146463713383,2.0,10.47446964130471
27.268603273117815,1024.0,11.292371447447781,2.0,13.961524875836322
52.96446489618266,2048.0,18.723177434931298,4.0,27.11780602684552
52.29114159016024,2048.0,17.59976509781366,4.0,26.773064494162043
19.490636802785072,1024.0,7.42200356495124,2.0,9.979206043025957
61.235078285705754,3072.0,28.13451619712814,6.0,31.352360082281347
69.06367169606507,2560.0,25.91018909470374,5.0,35.36059990838531
52.69402298208679,2048.0,19.21833027586178,4.0,26.97933976682844
18.848063578842808,1024.0,5.650857158808721,2.0,9.650208552367518
76.00472338065934,3072.0,30.477094525708164,6.0,38.91441837089758
69.90747759009435,3072.0,26.529847776380414,6.0,35.792628526128304
26.60450300474446,1024.0,10.743027321503517,2.0,13.621505538429162
53.4298255042901,2048.0,18.89886167576006,4.0,27.35607065819653
71.33797818005462,2560.0,26.63966229606268,5.0,36.525044828187966
53.963066228232734,2048.0,19.456658168398665,4.0,27.629089908855157
78.68661064978369,3072.0,32.16577862022559,6.0,40.28754465268925
51.94948611045885,2048.0,17.88031389906795,4.0,26.598136888554933
69.02593374552838,2560.0,26.02812752640947,5.0,35.34127807771053
55.02730670711359,2048.0,19.93002297425474,4.0,28.173981034042157
52.36256538966172,2048.0,16.654426214568634,4.0,26.8096334795068
74.5322467953838,3072.0,32.145478332371674,6.0,38.16051035923651
53.25333760744165,2048.0,17.65644138158975,4.0,27.265708855010125
76.79345794382438,3072.0,34.20094053322965,6.0,39.31825046723808
25.769709141907033,1024.0,10.155664497162897,2.0,13.194091080656401
52.35936517708327,2048.0,18.546399438246993,4.0,26.807994970666634
52.13556293376057,2048.0,17.9198674553882,4.0,26.693408222085413
19.02650465531932,1024.0,6.384797512695767,2.0,9.741570383523493
61.95608346146337,3072.0,29.149220552816846,6.0,31.72151473226925
60.61729534988676,3072.0,28.582620755088872,6.0,31.03605521914202
68.74010088253902,2560.0,24.994286374105027,5.0,35.19493165185998
52.35524433703771,2048.0,17.955639650064068,4.0,26.80588510056331
17.271589998655852,1024.0,5.7315139282591065,2.0,8.843054079311797
52.321628494683424,2048.0,18.814737530755973,4.0,26.78867378927791
53.27227225140106,2048.0,18.713961832325985,4.0,27.275403392717344
49.95319131776594,2048.0,18.069864668672196,4.0,25.576033954696165
52.57443579519682,2048.0,18.915845754266634,4.0,26.918111127140772
75.2088147721467,3072.0,32.76584774707298,6.0,38.50691316333911
18.8096418312196,1024.0,6.4282321098282695,2.0,9.630536617584436
18.103433644909998,1024.0,6.664629476412468,2.0,9.26895802619392
78.30292546713856,3072.0,34.294294955476104,6.0,40.09109783917494
24.267723643930466,1024.0,10.051260699181064,2.0,12.4250745056924
75.70541563869732,3072.0,33.853257173047524,6.0,38.761172807013025
72.05911424372282,3072.0,26.87262976339311,6.0,36.89426649278609
73.11951321669235,3072.0,28.17056655819172,6.0,37.437190766946486
24.292677936628554,1024.0,9.75788049108497,2.0,12.43785110355382
55.109033089412804,2048.0,18.96424446726678,4.0,28.215824941779353
52.125231739648996,2048.0,18.279109256280087,4.0,26.688118650700282
19.80003040483932,1024.0,7.190968214342773,2.0,10.13761556727773
52.2552903597891,2048.0,18.18568062369815,4.0,26.754708664212018
25.34545622581129,1024.0,10.595930424677622,2.0,12.97687358761538
52.793683801987854,2048.0,18.704392595801288,4.0,27.03036610661778
50.939725970261364,2048.0,18.161401121521237,4.0,26.08113969677382
19.244944718322675,1024.0,7.003240339215935,2.0,9.85341169578121
25.793467144469982,1024.0,11.838390125710161,2.0,13.206255177968632
25.750979969638074,1024.0,10.754720717720048,2.0,13.184501744454694
50.49138609705341,2048.0,17.680420138478194,4.0,25.851589681691344
18.956264630140105,1024.0,6.822439130735075,2.0,9.705607490631733
52.799409740023385,2048.0,18.290829315170416,4.0,27.03329778689197
52.61672379843943,2048.0,18.507143836700433,4.0,26.939762584800988
23.526744940778368,1024.0,9.162015591090785,2.0,12.045693409678524
63.76820897670973,3072.0,29.619232302982525,6.0,32.649322996075384
74.71624063107824,3072.0,33.9190259957776,6.0,38.25471520311206
24.08169981769028,1024.0,9.621173178858106,2.0,12.329830306657422
78.7625546022617,3072.0,34.33613780603885,6.0,40.32642795635799
24.284116760130445,1024.0,9.659723901087673,2.0,12.433467781186788
25.66616405328155,1024.0,11.184630493048774,2.0,13.141075995280152
70.75581511134133,2560.0,26.630431289805806,5.0,36.226977337006765
75.76891590594886,3072.0,34.16116367512082,6.0,38.79368494384582
51.78255285286524,2048.0,18.663019863920923,4.0,26.512667060667003
50.89333027549807,2048.0,18.619269570942443,4.0,26.05738510105501
51.94372974614912,2048.0,18.524430599875593,4.0,26.59518963002835
77.62584510040226,3072.0,31.843288776504878,6.0,39.744432691405954
51.2015920530502,2048.0,17.325417379214628,4.0,26.215215131161703
53.049265012811226,2048.0,18.476846987296298,4.0,27.161223686559346
18.67715510195005,1024.0,6.854288816884321,2.0,9.562703412198426
25.031162522571915,1024.0,10.568399118609811,2.0,12.815955211556819
24.457282935005782,1024.0,10.784998828535366,2.0,12.522128862722962
25.010944126917117,1024.0,10.52931791930378,2.0,12.805603392981563
60.32900764180361,3072.0,27.862570023357293,6.0,30.888451912603447
19.305877360964327,1024.0,7.1162755106313185,2.0,9.884609208813735
75.29291138318578,3072.0,34.1539371581718,6.0,38.54997062819112
23.45162071057613,1024.0,9.974629425425329,2.0,12.00722980381498
71.87033602633386,3072.0,26.83920001708077,6.0,36.797612045482936
61.83893305009803,3072.0,28.573956575258727,6.0,31.66153372165019
53.480760515763734,2048.0,19.041671333062347,4.0,27.382149384071035
77.68025593125263,3072.0,32.313026173146696,6.0,39.77229103680134
60.544341030241064,3072.0,27.992614244366155,6.0,30.998702607483423
18.73695298323761,1024.0,6.550020430203123,2.0,9.593319927417657
52.72700711664962,2048.0,18.942822627042368,4.0,26.996227643724602
68.89683369908495,2560.0,25.80868141801442,5.0,35.27517885393149
51.63572482201132,2048.0,17.41315878749044,4.0,26.437491108869796
53.82040782861083,2048.0,18.064853780899913,4.0,27.556048808248747
25.962422459237477,1024.0,10.805937911421392,2.0,13.292760299129588
52.464015265952874,2048.0,17.86852458088444,4.0,26.86157581616787
80.33189345365426,3072.0,31.292804193620753,6.0,41.12992944827098
52.842727565868415,2048.0,18.621257554400643,4.0,27.055476513724628
24.555768404181208,1024.0,10.627357602445393,2.0,12.572553422940778
77.83655872184194,3072.0,31.19081771589714,6.0,39.85231806558307
18.606498605341542,1024.0,6.263671503972403,2.0,9.52652728593487
79.45524522350253,3072.0,30.962416693833298,6.0,40.681085554433295
18.707218950151997,1024.0,7.399613129447655,2.0,9.578096102477822
26.318721931306584,1024.0,11.628212954887289,2.0,13.47518562882897
52.35059020927924,2048.0,17.65353963418181,4.0,26.80350218715097
23.609888068984027,1024.0,10.23345299570051,2.0,12.088262691319823
18.731582167353015,1024.0,7.565689490343731,2.0,9.590570069684745
52.203241988784,2048.0,18.20828764796593,4.0,26.728059898257406
26.20557801116211,1024.0,10.890120540746757,2.0,13.417255941715002
52.65068320509776,2048.0,18.086836699563776,4.0,26.957149801010054
24.66142913614692,1024.0,9.763389148816636,2.0,12.626651717707222
20.07786233113788,1024.0,7.623814337460491,2.0,10.279865513542594
19.689504636600677,1024.0,7.491142913110753,2.0,10.081026373939547
55.140574824233056,2048.0,20.189196559287037,4.0,28.231974310007324
54.306192631817495,2048.0,18.791022756144336,4.0,27.804770627490555
18.559564338673212,1024.0,7.04982162997632,2.0,9.502496941400684
53.249984925852246,2048.0,18.697834083999286,4.0,27.26399228203635
76.75947705875302,3072.0,35.03185143584717,6.0,39.30085225408155
68.74457911844377,2560.0,25.295179150451798,5.0,35.19722450864321
75.29752401162595,3072.0,34.28058546292019,6.0,38.55233229395249
70.1381004621658,2560.0,26.446170148853373,5.0,35.91070743662889
25.42926858987793,1024.0,10.619551484474982,2.0,13.0197855180175
26.36564851075383,1024.0,11.473128410662062,2.0,13.49921203750596
25.70032411514639,1024.0,9.728805130014388,2.0,13.158565946954951
65.54155292112691,3072.0,30.034178812056076,6.0,33.55727509561698
19.620165178691348,1024.0,6.801581380752192,2.0,10.04552457148997
53.27276394018808,2048.0,19.21467017976294,4.0,27.275655137376297
51.45080092133044,2048.0,17.1385931843501,4.0,26.342810071721182
25.3895442818809,1024.0,10.406652729182257,2.0,12.999446672323021
51.499122839978035,2048.0,19.444055044047275,4.0,26.367550894068756
24.57951385757918,1024.0,10.078290523964576,2.0,12.58471109508054
53.2613992200191,2048.0,18.727178662319943,4.0,27.26983640064978
19.621637918198992,1024.0,6.644670890715098,2.0,10.046278614117885
62.79162870895352,3072.0,28.229936621398746,6.0,32.1493138989842
53.15550675567205,2048.0,18.58752661578873,4.0,27.21561945890409
70.69616089195222,2560.0,26.05745341773968,5.0,36.196434376679534
77.22843108042143,3072.0,34.332638975974184,6.0,39.540956713175774
19.710014576562592,1024.0,6.621318412340861,2.0,10.091527463200048
76.75290763327567,3072.0,30.999673379840658,6.0,39.29748870823715
24.654911658363545,1024.0,10.955547496008464,2.0,12.623314769082135
74.43907023591673,3072.0,32.3236373582176,6.0,38.112803960789364
52.27656213867064,2048.0,18.061540037749012,4.0,26.76559981499937
61.660201333538325,3072.0,28.708353342802948,6.0,31.570023082771623
74.2297447815738,3072.0,26.815356850673474,6.0,38.00562932816579
20.66611905197498,1024.0,6.460772309614589,2.0,10.58105295461119
52.194915073317844,2048.0,19.140276757884983,4.0,26.723796517538737
51.69935920087661,2048.0,17.269537893449616,4.0,26.470071910848823
51.084900998451445,2048.0,18.050713415675396,4.0,26.15546931120714
19.689380832867542,1024.0,6.531330502745252,2.0,10.080962986428181
25.617125175674197,1024.0,10.221887825957115,2.0,13.115968089945188
61.49314230377051,3072.0,29.87956738933611,6.0,31.4844888595305
75.66517581361724,3072.0,32.709989884481104,6.0,38.74057001657203
69.86908635794417,2560.0,26.105032319529535,5.0,35.772972215267416
19.530370602108103,1024.0,6.169811694012015,2.0,9.99954974827935
70.41649367986498,3072.0,25.83645737727124,6.0,36.05324476409088
52.82343237698515,2048.0,19.017496775797653,4.0,27.0455973770164
19.083026196889982,1024.0,6.869210666643001,2.0,9.770509412807671
17.90840930061668,1024.0,6.420561717679467,2.0,9.169105561915739
20.278477196025854,1024.0,6.219956104840152,2.0,10.382580324365238
52.84912693951807,2048.0,19.4437058569871,4.0,27.058752993033252
17.54203835570478,1024.0,6.645587569867027,2.0,8.981523638120848
79.53674681081223,3072.0,32.168605706878765,6.0,40.72281436713586
51.21974600922365,2048.0,18.231490895431556,4.0,26.224509956722507
60.5113858871284,3072.0,28.52642043214115,6.0,30.98182957420974
52.391012229727075,2048.0,18.999614401579546,4.0,26.82419826162026
78.58515825106898,3072.0,32.544263677942986,6.0,40.235601024547314
49.66839320178642,2048.0,17.66214156411896,4.0,25.430217319314647
52.46729301306807,2048.0,18.974456470054925,4.0,26.863254022690853
72.33966560016252,3072.0,27.99224276470089,6.0,37.03790878728321
25.981289502816143,1024.0,10.347277431618515,2.0,13.302420225441864
19.05789227331045,1024.0,6.013487045715687,2.0,9.75764084393495
71.58072858704799,3072.0,27.51832632583417,6.0,36.649333036568564
53.18167536449739,2048.0,18.874712239938887,4.0,27.229017786622663
52.24003878199902,2048.0,19.448597704375626,4.0,26.7468998563835
52.7934524206778,2048.0,18.921524625284476,4.0,27.030247639387035
72.69549452741916,3072.0,26.497367457519466,6.0,37.22009319803861
73.90191347397624,3072.0,31.913130779989363,6.0,37.83777969867583
77.47119002170534,3072.0,33.72838932078834,6.0,39.665249291113135
53.81787572197234,2048.0,20.186079951194536,4.0,27.554752369649837
26.104029899011366,1024.0,10.458633513466744,2.0,13.36526330829382
18.403977355672765,1024.0,6.484104725098222,2.0,9.422836406104455
61.97684404129094,3072.0,29.233336859067915,6.0,31.732144149140964
52.69382447135568,2048.0,18.476581494788174,4.0,26.97923812933411
79.77219147316785,3072.0,31.087473936044947,6.0,40.84336203426194
75.55999763987346,3072.0,29.91178300076556,6.0,38.68671879161521
62.39742056157543,3072.0,29.308425931652657,6.0,31.947479327526615
52.00541292827179,2048.0,17.303381501177192,4.0,26.62677141927515
51.960013722957164,2048.0,18.55795012360214,4.0,26.603527026154065
51.972059259653264,2048.0,17.25503355804643,4.0,26.60969434094247
25.16811839481501,1024.0,10.347150074930802,2.0,12.886076618145285
77.6887013253555,3072.0,31.04274821488604,6.0,39.77661507858201
18.38569615619924,1024.0,6.112258893115422,2.0,9.413476431974011
51.993027467321085,2048.0,17.928457784268673,4.0,26.620430063268394
52.13593094387656,2048.0,18.939735903245424,4.0,26.693596643264797
60.36891639692857,3072.0,27.52660488858871,6.0,30.908885195227427
71.40044939148484,2560.0,26.103425571164905,5.0,36.557030088440236
18.288168727102217,1024.0,6.610819462394938,2.0,9.363542388276334
23.95957298885222,1024.0,10.019662191774271,2.0,12.267301370292337
77.98231173263471,3072.0,32.90843820874998,6.0,39.926943607108974
26.392049008759088,1024.0,11.74027890316691,2.0,13.512729092484653
23.86646745204945,1024.0,10.582494620552314,2.0,12.219631335449318
62.43652569563061,3072.0,28.26681468285457,6.0,31.96750115616287
51.944750906010746,2048.0,19.119812208618107,4.0,26.595712463877504
24.655070270604213,1024.0,9.71682277098626,2.0,12.623395978549357
61.24129036760487,3072.0,28.76056400211739,6.0,31.355540668213692
68.6012758592446,2560.0,24.67874944382193,5.0,35.12385323993323
76.73830397858454,3072.0,31.91791250022301,6.0,39.290011637035285
52.29517919094435,2048.0,17.94550745456248,4.0,26.77513174576351
76.230982578514,3072.0,31.798852569292922,6.0,39.03026308019916
60.420427545431906,3072.0,28.764286812220973,6.0,30.935258903261136
20.038534544300894,1024.0,6.735527021631013,2.0,10.259729686682057
79.38988864272052,3072.0,32.43048829015074,6.0,40.64762298507291
25.42585054863738,1024.0,11.19844863486086,2.0,13.01803548090234
19.197107685994546,1024.0,7.121099259279653,2.0,9.828919135229208
51.84860329697473,2048.0,18.271851067655028,4.0,26.54648488805106
74.66140673364845,3072.0,32.57481385752446,6.0,38.226640247628005
18.766929427360076,1024.0,7.516779896348764,2.0,9.608667866808359
19.136249034321438,1024.0,6.640310122102053,2.0,9.797759505572575
53.774102152733576,2048.0,18.953949143134086,4.0,27.532340302199593
53.29530937456799,2048.0,18.210756340862737,4.0,27.28719839977881
74.82694865111792,3072.0,33.71602802599522,6.0,38.311397709372365
54.40436959070409,2048.0,19.603961121682154,4.0,27.855037230440495
24.896491239344027,1024.0,10.006884110105986,2.0,12.747003514544142
18.673846609667724,1024.0,6.350505017143261,2.0,9.561009464149874
52.06285750825606,2048.0,17.917390548939068,4.0,26.6561830442271
53.542869584856746,2048.0,19.429270770221308,4.0,27.413949227446658
51.919882065885304,2048.0,18.6605910875545,4.0,26.582979617733276
61.8421866064286,3072.0,28.037009052170653,6.0,31.66319954249144
72.29391074075663,3072.0,27.248807923219815,6.0,37.0144822992674
25.477007487019556,1024.0,10.793841277523464,2.0,13.044227833354013
76.60136441490714,3072.0,33.331946244322694,6.0,39.21989858043246
52.95468131992601,2048.0,18.603277082823062,4.0,27.112796835802115
19.534081019953653,1024.0,6.45131960885397,2.0,10.00144948221627
20.234867012231433,1024.0,7.152583288935769,2.0,10.360251910262495
54.535587699544756,2048.0,20.190674720645287,4.0,27.922220902166917
60.84549942557207,3072.0,28.173031078077887,6.0,31.1528957058929
19.61119687500199,1024.0,7.116123041685069,2.0,10.04093280000102
77.46092486584824,3072.0,31.059083263482947,6.0,39.6599935313143
52.60610502229416,2048.0,18.328208538987663,4.0,26.934325771414613
26.556150726313533,1024.0,11.350651566224276,2.0,13.596749171872528
51.96672455647703,2048.0,17.33338521369983,4.0,26.606962972916243
49.943419531474476,2048.0,17.40303394193998,4.0,25.571030800114933
17.798139723575513,1024.0,6.205496272494328,2.0,9.112647538470663
52.54071691700127,2048.0,19.00087421207972,4.0,26.90084706150465
18.164005369473024,1024.0,6.236556154875489,2.0,9.299970749170189
74.48495581499677,3072.0,32.83323497673243,6.0,38.13629737727834
54.80289088303461,2048.0,19.07700671027747,4.0,28.059080132113717
53.85173898006366,2048.0,18.740532489165727,4.0,27.572090357792593
79.521878914747,3072.0,31.47133739271302,6.0,40.715202004350466
70.34829150140484,2560.0,25.865741145961113,5.0,36.01832524871928
18.736157204806304,1024.0,6.515963770610737,2.0,9.592912488860827
78.79124788913357,3072.0,31.423389065363956,6.0,40.34111891923639
20.010644120261247,1024.0,7.310538080903699,2.0,10.245449789573758
24.110750146060106,1024.0,9.93327075842998,2.0,12.344704074782774
25.27955328267008,1024.0,9.492752091154625,2.0,12.94313128072708
50.311039253667914,2048.0,18.012584543704996,4.0,25.759252097877972
70.15539622240641,3072.0,25.894890164545963,6.0,35.91956286587208
66.63803756341575,2560.0,24.856962168751778,5.0,34.11867523246887
49.642030336346934,2048.0,16.874766148628336,4.0,25.41671953220963
51.786400461195655,2048.0,16.879839385036522,4.0,26.51463703613217
51.84385456677157,2048.0,17.99552470126494,4.0,26.544053538187043
50.15202406298719,2048.0,17.09089172327315,4.0,25.67783632024944
76.86266798905012,3072.0,30.00542140097571,6.0,39.353686010393666
19.27585069541593,1024.0,6.905684970898456,2.0,9.869235556052956
77.26131841010556,3072.0,30.658365113403615,6.0,39.55779502597405
19.3609486875347,1024.0,7.205202219488424,2.0,9.912805728017767
19.698413950399026,1024.0,7.124758875696582,2.0,10.0855879426043
63.56695541146752,3072.0,30.472229938327327,6.0,32.54628117067137
51.852225629192716,2048.0,19.40662333710037,4.0,26.54833952214667
52.86462480654567,2048.0,18.948680801577787,4.0,27.066687900951383
52.87171397078848,2048.0,19.16525617722332,4.0,27.0703175530437
72.56236939572463,3072.0,27.282503200692787,6.0,37.15193313061101
52.553706798061235,2048.0,17.948797307849176,4.0,26.90749788060735
72.6004165826873,3072.0,26.59495167365674,6.0,37.1714132903359
60.764486713491436,3072.0,27.332516160421047,6.0,31.111417197307617
51.60735687448711,2048.0,18.16497732066347,4.0,26.422966719737396
52.38687368037092,2048.0,18.56739520353728,4.0,26.822079324349907
52.36719522222414,2048.0,18.17036523174319,4.0,26.812003953778763
25.146003362704562,1024.0,10.976337394190129,2.0,12.874753721704735
25.73970717920469,1024.0,10.954687452422252,2.0,13.178730075752801
52.24154819561276,2048.0,18.248091401069964,4.0,26.747672676153734
50.59367903164547,2048.0,16.84847770352916,4.0,25.90396366420248
49.5745500956728,2048.0,16.377742974677872,4.0,25.382169648984473
53.07055083769282,2048.0,18.639378102501787,4.0,27.172122028898723
19.37623547444824,1024.0,7.347045810290927,2.0,9.920632562917499
51.30213318952022,2048.0,18.18966781188612,4.0,26.266692193034352
52.46601987998329,2048.0,18.583460554927896,4.0,26.862602178551445
19.61575881084248,1024.0,6.826374661936005,2.0,10.04326851115135
18.9816737627512,1024.0,6.394011402381416,2.0,9.718616966528614
25.8903130125357,1024.0,10.191159494266907,2.0,13.255840262418278
76.45387072196102,3072.0,30.797838635536053,6.0,39.144381809644045
52.28825100309327,2048.0,17.647911450454362,4.0,26.771584513583758
53.36779007346652,2048.0,18.814281638519176,4.0,27.32430851761486
51.665463896418146,2048.0,17.815577635497256,4.0,26.45271751496609
52.06093745731624,2048.0,18.033225849365643,4.0,26.655199978145916
20.983354058354568,1024.0,7.215412380251987,2.0,10.743477277877538
59.70115742854212,3072.0,27.90091705235581,6.0,30.566992603413564
70.90912348135844,3072.0,26.63875212343994,6.0,36.305471222455516
51.79480250135918,2048.0,18.425130374555543,4.0,26.5189388806959
20.36512834991268,1024.0,6.796834973197889,2.0,10.426945715155291
78.9338833406508,3072.0,30.635721101914722,6.0,40.41414827041321
76.18737095463723,3072.0,34.82135593035598,6.0,39.007933928774264
53.11351028852758,2048.0,17.71531055580409,4.0,27.19411726772612
54.48514318567706,2048.0,19.59813817851737,4.0,27.896393311066653
25.826975932189832,1024.0,10.952998107412544,2.0,13.223411677281193
19.417544368633102,1024.0,6.506619696768622,2.0,9.941782716740148
53.909663070589474,2048.0,20.291710136743717,4.0,27.60174749214181
72.42445405655182,3072.0,27.136965832005135,6.0,37.08132047695454
61.727949677069105,3072.0,27.494297288513927,6.0,31.60471023465938
59.863218044455245,3072.0,27.49294905674396,6.0,30.649967638761083
49.9476708667722,2048.0,17.852050971470433,4.0,25.573207483787364
73.68823429245857,3072.0,27.893761757746688,6.0,37.7283759577388
72.77540532455312,3072.0,33.21008357344313,6.0,37.2610075261712
19.576002275593595,1024.0,6.937596986478042,2.0,10.02291316510392
71.0975400422034,3072.0,25.996010361167862,6.0,36.401940501608145
19.27377429565944,1024.0,6.4995979358739255,2.0,9.868172439377634
50.490373005178334,2048.0,17.97507498812563,4.0,25.851070978651308
78.01350966043589,3072.0,33.23076605006904,6.0,39.94291694614318
51.73465241126746,2048.0,17.768554285214385,4.0,26.488142034568938
53.22924678492478,2048.0,18.887486192915027,4.0,27.25337435388149
18.54234603177813,1024.0,6.67169352601297,2.0,9.493681168270403
52.59467744781577,2048.0,18.025689305281023,4.0,26.92847485328167
52.340119549705,2048.0,17.92470158452629,4.0,26.798141209448957
24.279606022775678,1024.0,9.351971896682816,2.0,12.431158283661148
52.14567104505332,2048.0,18.76009489835421,4.0,26.6985835750673
78.084830210279,3072.0,31.97549189103637,6.0,39.979433067662846
53.82507756217929,2048.0,19.681555459839473,4.0,27.558439711835796
54.082030498450976,2048.0,18.89278434002556,4.0,27.6899996152069
17.301301642947646,1024.0,5.348016930707995,2.0,8.858266441189194
69.77805500762915,2560.0,26.28967611298762,5.0,35.726364163906126
19.524050265501003,1024.0,7.810736186047018,2.0,9.996313735936514
51.60148485375722,2048.0,18.406451738695715,4.0,26.419960245123697
51.07054736141575,2048.0,18.13743509197318,4.0,26.148120249044865
70.57459664303144,2560.0,26.414985719580617,5.0,36.1341934812321
79.87922373886457,3072.0,31.42180098648916,6.0,40.89816255429866
75.34722520836986,3072.0,33.49561008202082,6.0,38.57777930668537
25.115826015434067,1024.0,10.17996823518955,2.0,12.859302919902241
23.403294012021963,1024.0,9.716119515004063,2.0,11.982486534155246
51.69490350597613,2048.0,19.023977779759125,4.0,26.46779059505978
25.31671550842222,1024.0,10.386659492935824,2.0,12.962158340312177
73.22828427197081,3072.0,32.7508559335182,6.0,37.492881547249056
74.82663420511628,3072.0,34.16453999224782,6.0,38.311236713019525
18.325012426892798,1024.0,5.986790685008209,2.0,9.382406362569112
52.05224409462927,2048.0,17.808811334531356,4.0,26.65074897645019
70.53992022459796,3072.0,26.633903472148724,6.0,36.116439154994154
69.17669921910237,2560.0,25.070106232721425,5.0,35.41847000018041
54.91441307628777,2048.0,19.070406592224806,4.0,28.116179495059338
51.29018338179915,2048.0,17.72823206746482,4.0,26.260573891481165
52.449975746091376,2048.0,17.65499276888778,4.0,26.854387581998786
52.199132849643924,2048.0,18.57063608674206,4.0,26.725956019017687
51.01853747220732,2048.0,17.148778479599248,4.0,26.121491185770147
79.42684947636403,3072.0,34.82905494541338,6.0,40.66654693189838
52.309888821147894,2048.0,17.912548316371137,4.0,26.78266307642772
51.064625105525934,2048.0,17.16882477575849,4.0,26.145088054029276
52.05997962435657,2048.0,18.745628329319903,4.0,26.654709567670565
78.81674880511315,3072.0,30.813783696654795,6.0,40.35417538821794
62.04784398281744,3072.0,28.781585813077804,6.0,31.768496119202528
60.356459715977394,3072.0,29.120995644391883,6.0,30.902507374580427
51.39855826623846,2048.0,18.874982888329008,4.0,26.31606183231409
49.76276273467832,2048.0,16.83931625619738,4.0,25.4785345201553
53.99268908095816,2048.0,18.733875385929515,4.0,27.644256809450575
68.86722291913985,3072.0,25.51922630094589,6.0,35.2600181345996
19.968188116546024,1024.0,7.462657912407051,2.0,10.223712315671564
50.991281150886934,2048.0,17.70401010030014,4.0,26.10753594925411
78.44477412130011,3072.0,32.312257243951606,6.0,40.16372435010566
25.022315956319872,1024.0,10.301218933427585,2.0,12.811425769635775
75.08343342141771,3072.0,30.41729207307707,6.0,38.44271791176586
62.5710372575141,3072.0,28.964015943407382,6.0,32.036371075847214
54.04069783609455,2048.0,18.259968856427477,4.0,27.66883729208041
52.27312874505074,2048.0,18.38571154537693,4.0,26.76384191746598
71.33970717446532,2560.0,26.899560479813974,5.0,36.52593007332624
52.04706629059351,2048.0,18.101177609043518,4.0,26.648097940783877
53.00346810872489,2048.0,17.783539936344347,4.0,27.137775671667143
72.2003902204365,2560.0,26.603566517891096,5.0,36.96659979286349
52.6415502981066,2048.0,17.966653605053665,4.0,26.95247375263058
