37.32598034299971,2048.0,2.989375564844623,1.0,51.27567411205196
25.238357961960414,1536.0,10.459008110653514,2.0,25.844078553047463
36.88240383257954,2048.0,3.55434535692125,1.0,51.04513275772718
19.227664169617128,1536.0,6.624364922897275,2.0,19.68912810968794
56.12942403328424,3584.0,23.68983322513876,4.0,66.68712111010059
38.57532623656084,2048.0,5.040418964490946,1.0,54.56462043243826
68.27260208947398,3584.0,21.368058816704277,4.0,81.4285632974956
38.847125939753,2048.0,4.349616049673326,1.0,53.714223637456826
71.50745372680319,3584.0,28.624125101842633,4.0,83.90468588364173
20.545603520746116,1536.0,7.189569339799178,2.0,21.038698005244022
18.022475325762777,1536.0,6.328440195306374,2.0,18.455014733581084
18.717384564479026,1536.0,6.507580513140477,2.0,19.166601794026523
37.873494504922505,2048.0,3.981052391187219,1.0,52.72875234042192
72.29287395485736,3584.0,25.747433166177455,4.0,82.4304311280005
39.061019233079676,2048.0,4.303324213724427,1.0,54.27516564763748
26.732258595550235,1536.0,10.734166339955985,2.0,27.37383280184344
38.11294332504353,2048.0,4.001244690362672,1.0,53.601939263469525
36.91976119526473,2048.0,2.6580499936076887,1.0,50.171475523571004
17.901592616467042,1536.0,6.722889533472188,2.0,18.33123083926225
57.70996689440059,3584.0,24.747767293183472,4.0,68.81607950026098
65.05901566947203,3072.0,21.76546190959599,3.0,78.35507610787518
19.110651746698895,1536.0,7.282012728379314,2.0,19.56930738861967
38.96569502709325,2048.0,4.233190495900454,1.0,54.84516628568642
37.456212107754254,2048.0,4.358607253787733,1.0,51.80634852926847
36.76025470044189,2048.0,3.9342486246112993,1.0,51.00073418787581
24.84492002703063,1536.0,11.39039315810794,2.0,25.441198107679362
38.28024261596637,2048.0,4.079816172994325,1.0,53.76591925369935
64.76434154568008,3584.0,21.566577229340268,4.0,77.62387668341943
24.903629619992213,1536.0,10.536494592521077,2.0,25.501316730872027
69.2867373475599,3584.0,28.47207197814296,4.0,80.84322010746523
72.55965592065778,3584.0,26.351510884755527,4.0,82.88666414733851
20.301300681194974,1536.0,6.709713535268234,2.0,20.788531897543653
36.82603058590401,2048.0,3.4506185192990073,1.0,50.965455709290936
23.737985763046847,1536.0,9.784322012165383,2.0,24.307697421359972
37.72153750961111,2048.0,3.5353319004531465,1.0,51.497931802174165
67.0669633584169,3584.0,22.168524250856596,4.0,79.61779038601235
69.29514458319035,3584.0,23.51674872843561,4.0,82.85842395038037
59.975994995439294,3584.0,23.966739616263354,4.0,71.50749113690733
37.612943914126504,2048.0,3.9524796747679174,1.0,52.201232260729704
19.39115655144819,1536.0,7.472071284404393,2.0,19.85654430868295
38.45446163266828,2048.0,4.356948355912804,1.0,52.94365408354835
35.97622567560673,2048.0,3.686132810414366,1.0,50.401469138415706
66.5525607617107,3072.0,22.467526323914186,3.0,80.74133451282194
18.3442093987344,1536.0,5.852671857465181,2.0,18.784470424304025
58.41841560411343,3584.0,24.309815843978118,4.0,70.12541813786733
38.031507642137434,2048.0,3.0589710937994132,1.0,52.11068926685206
38.67907728750285,2048.0,4.353707049336751,1.0,53.83351957411573
19.57360581194008,1536.0,7.123609386193795,2.0,20.04337235142664
23.97573971007818,1536.0,10.445876272790317,2.0,24.551157463120056
72.32608578880004,3584.0,27.486340292067112,4.0,83.66689561999857
39.33427248698956,2048.0,4.110391339870718,1.0,53.97599173423262
19.28933409808435,1536.0,6.8639251389156275,2.0,19.752278116438376
37.800764782207324,2048.0,3.776127805460468,1.0,53.125572533004515
68.64681415432227,3584.0,29.053959911355363,4.0,80.42443214052477
38.54710879577002,2048.0,3.2898084494132664,1.0,53.184125810022465
36.880456386041445,2048.0,4.579702812238955,1.0,51.53094780622028
19.29918256769578,1536.0,7.099504353833144,2.0,19.76236294932048
37.50397678093962,2048.0,3.5460448545208196,1.0,52.17438759772668
35.754887348738386,2048.0,3.894260688325318,1.0,49.70714732374426
25.494296361895127,1536.0,10.571277669854704,2.0,26.10615947458061
19.763496659688442,1536.0,7.504177818511536,2.0,20.237820579520964
38.077581919894996,2048.0,3.6799492842765136,1.0,52.62407471985431
38.36058486472286,2048.0,3.710267564787485,1.0,53.23552322274844
67.1036833624264,3584.0,27.892267351541523,4.0,79.04486090172014
38.28462950394489,2048.0,4.234925457878999,1.0,53.39645525809078
69.29089694152015,3584.0,28.666071844699534,4.0,82.28735090232922
37.278794410214424,2048.0,4.32312668402467,1.0,52.70880993030725
36.00669442870945,2048.0,3.4375879555472753,1.0,50.345817234370024
37.18288312556092,2048.0,3.406901260599743,1.0,50.89416574136298
66.02227328585481,3072.0,21.688062131666264,3.0,79.79654663020139
38.762460287563144,2048.0,3.9777607435821065,1.0,52.80164726154031
38.3842730714852,2048.0,4.470191684496083,1.0,53.616750954884566
19.281621791476788,1536.0,7.221897298959652,2.0,19.74438071447223
71.7178362447512,3584.0,27.37473366248358,4.0,82.94454023572264
18.992015409541565,1536.0,5.916450732828164,2.0,19.447823779370562
72.18417537370327,3584.0,25.78408467280753,4.0,81.40634812607453
56.779297529062916,3584.0,23.85957895725177,4.0,68.05908761331433
38.176878122145055,2048.0,4.096868357854179,1.0,52.98013454919508
39.49816687337822,2048.0,3.757835060649748,1.0,55.10187144896741
18.95123332063192,1536.0,6.43547599234779,2.0,19.406062920327088
56.679488999652825,3584.0,23.783587388024575,4.0,66.665003899088
37.49490105686455,2048.0,4.858972877453317,1.0,52.54942975778228
19.25180479273164,1536.0,6.359026918779115,2.0,19.7138481077572
16.37310552268554,1536.0,5.829176205786245,2.0,16.766060055229996
20.912692212549707,1536.0,7.341087838773063,2.0,21.4145968256509
67.19647812586383,3584.0,23.065358701323117,4.0,80.75432126054349
65.17829043193599,3584.0,21.67718599226695,4.0,78.41939246369763
70.36619162742952,3584.0,27.259244663842633,4.0,81.74345173259294
69.2990278829064,3584.0,28.59334518584683,4.0,81.48230877711538
36.35689588056769,2048.0,2.8829131956792438,1.0,50.06008749425122
35.97805910263394,2048.0,3.54660534781441,1.0,50.014274782996296
36.21693265445112,2048.0,3.237573923020199,1.0,49.45743029500939
18.632323941552965,1536.0,5.714350823028562,2.0,19.079499716150238
22.040255814455108,1536.0,7.806184379695434,2.0,22.569221954002032
68.68037229904236,3584.0,22.113394117694448,4.0,81.77655246010222
36.6527486804692,2048.0,3.631677555148717,1.0,49.940786325149205
19.581240312944622,1536.0,6.433448938716498,2.0,20.051190080455292
18.60006758857823,1536.0,6.170057388073444,2.0,19.046469210704107
38.06383791308285,2048.0,3.498607892924488,1.0,51.6677865763059
18.681735912889337,1536.0,6.362986056912538,2.0,19.130097574798683
19.4122208561449,1536.0,7.8228874425190345,2.0,19.878114156692376
57.89661367288444,3584.0,25.187556711643023,4.0,69.44605643804151
36.97648904106701,2048.0,3.29325829014095,1.0,51.4008385512417
24.674569071777448,1536.0,9.683147538361737,2.0,25.266758729500104
26.0189454632848,1536.0,11.013996369975398,2.0,26.643400154403636
64.23566775302318,3072.0,20.79796202708051,3.0,77.50154889084158
70.46264443546721,3584.0,30.125839761010862,4.0,82.60423237318784
19.634651562739386,1536.0,7.921301478736559,2.0,20.10588320024513
38.519813684014935,2048.0,4.327132438066488,1.0,53.59301155395396
39.0279739238785,2048.0,3.8199711444976954,1.0,53.94033035309289
66.0447848315892,3072.0,20.9924261239257,3.0,79.73659458417148
38.9369008582306,2048.0,3.8688940888137453,1.0,53.79360339409217
73.16940492156321,3584.0,27.051428152531884,4.0,82.97401391246026
63.93795708989201,3072.0,21.635493821468543,3.0,77.7707386947827
25.371283987560705,1536.0,10.512753671415132,2.0,25.980194803262165
19.954603116763426,1536.0,7.161316450570119,2.0,20.43351359156575
21.012855049722464,1536.0,7.556160719077889,2.0,21.517163570915805
37.38102533756307,2048.0,3.7574356737797654,1.0,52.46914148593129
69.57550051012046,3584.0,28.8448610246112,4.0,81.96623148460824
36.7683294045645,2048.0,4.000197600494955,1.0,51.15577055941659
18.99527663747029,1536.0,6.293167480743101,2.0,19.451163276769577
23.84528273698767,1536.0,10.069219722681257,2.0,24.41756952267537
25.191778658972225,1536.0,10.358321568704374,2.0,25.79638134678756
24.872314608280206,1536.0,10.285000281856737,2.0,25.469250158878932
56.055761719510436,3584.0,23.933483501993834,4.0,66.17826802445757
20.90160493944535,1536.0,8.03261837059171,2.0,21.403243457992037
70.42349884828653,3584.0,26.841696327078278,4.0,79.3483346347929
38.04205773713457,2048.0,4.157998182625754,1.0,52.25145144676692
73.59763843148639,3584.0,26.094338819002125,4.0,82.34194753902841
40.1449149601773,2048.0,4.479675627034741,1.0,55.56595826496204
54.84746130657754,3584.0,22.285437926460112,4.0,66.09520296209762
19.955729620245876,1536.0,7.112688536375325,2.0,20.43466713113178
61.24156314046263,3584.0,25.906427167932556,4.0,73.69015388225077
23.493745665074044,1536.0,10.652178098533739,2.0,24.05759556103582
19.842022106158346,1536.0,7.2895240321251125,2.0,20.318230636706147
17.736581472100802,1536.0,6.047545154651909,2.0,18.16225942743122
19.819568229860536,1536.0,7.046128336906113,2.0,20.29523786737719
66.63864213850312,3072.0,21.810692805800926,3.0,80.60940805910545
18.618230139190153,1536.0,5.499725542728703,2.0,19.065067662530716
37.937266510362285,2048.0,3.9396324476230773,1.0,52.38810538994352
67.40251530312825,3584.0,21.842626983544083,4.0,80.84717227913539
24.86287698646527,1536.0,10.882895554596553,2.0,25.459586034140436
39.34143522620053,2048.0,4.387724104020744,1.0,54.577329168628765
19.895035259706475,1536.0,6.789652969433942,2.0,20.37251610593943
38.042777638743196,2048.0,2.8599228761963866,1.0,51.64304860092725
37.996703787837326,2048.0,4.04267054101265,1.0,52.771046618301824
56.68574388748703,3584.0,23.93825344851383,4.0,66.62479334349582
37.78161366916188,2048.0,4.424107839832667,1.0,52.86487461222599
70.9064876074948,3584.0,28.774949304925492,4.0,82.79934921843613
38.07149568033897,2048.0,3.2524492568640184,1.0,52.50947427443077
37.997990980609934,2048.0,3.7912530574615335,1.0,52.812516767419524
39.02269689692416,2048.0,3.916083953161019,1.0,53.72548621124068
17.648539599093922,1536.0,5.657132387153997,2.0,18.07210454947218
37.982559368935114,2048.0,3.9360037024999537,1.0,52.72009692159159
38.57465271805123,2048.0,3.7424779125703735,1.0,53.48834676865709
55.906850455845905,3584.0,23.340285784260214,4.0,66.9490845848195
39.17238625951196,2048.0,4.665259757508128,1.0,53.87960780831859
17.390784838749155,1536.0,5.640581032740008,2.0,17.808163674879136
37.19320086713897,2048.0,2.884170602351031,1.0,50.52584608290987
37.35672674264333,2048.0,2.988417779019572,1.0,51.50675894902135
21.04381373486219,1536.0,8.623915389729756,2.0,21.548865264498886
67.9630065984026,3584.0,21.667329785441776,4.0,80.3401186620366
36.78597387427433,2048.0,3.2504296262146126,1.0,51.063525500452506
39.14653308274205,2048.0,4.9898216584751705,1.0,54.85940161076071
18.271852381866246,1536.0,6.229328272460185,2.0,18.710376839031035
38.321891302998736,2048.0,4.212043207668813,1.0,53.210977446933306
17.873352913886453,1536.0,6.099683939149253,2.0,18.30231338381973
36.76279582770342,2048.0,3.7915625200230423,1.0,51.488153814012385
38.465744422362285,2048.0,4.133873172728844,1.0,53.5783486154063
25.44184488691881,1536.0,10.99008748201678,2.0,26.05244916420486
37.23464493100123,2048.0,3.491594337615434,1.0,51.43886577589787
25.450780444280667,1536.0,11.073899512561486,2.0,26.061599174943403
68.61257608640429,3584.0,23.239889460252776,4.0,82.63285909385877
66.99275257639421,3584.0,22.43911716591876,4.0,79.41803539902466
17.710204911856174,1536.0,5.06059358165893,2.0,18.135249829740722
36.225172465563375,2048.0,4.027355717876357,1.0,49.98523212499882
58.261168710903085,3584.0,24.07557323414643,4.0,70.2144772289537
56.82528715253851,3584.0,23.253892370076002,4.0,69.61984579525388
72.69457355099537,3584.0,26.27256954741276,4.0,83.16007827719505
66.96486889118789,3584.0,22.55612465043646,4.0,78.38940563145616
56.77972686903189,3584.0,22.907023614442487,4.0,67.15345942047192
36.98966504271157,2048.0,3.9521687933130507,1.0,51.215663983454306
37.253326739058295,2048.0,3.330818506610145,1.0,51.962014017486794
37.407989067287524,2048.0,3.4320777401475353,1.0,51.72519522555873
63.9166431166688,3072.0,20.962198812328666,3.0,76.99888939972953
20.01174194850224,1536.0,6.569536260408237,2.0,20.492023755266295
38.49383811538569,2048.0,4.152365028736921,1.0,53.82934700295341
18.33277941460868,1536.0,6.433833958502465,2.0,18.77276612055929
72.40938643885039,3584.0,26.15804659253353,4.0,83.1139189594306
18.777913265340004,1536.0,6.102129958043145,2.0,19.228583183708164
66.38025309104367,3072.0,20.942922158859496,3.0,80.21729037100896
39.6773826208913,2048.0,4.449048685476642,1.0,56.137065593248906
76.00962054592702,3584.0,26.781730366936408,4.0,84.24608394697529
23.91181893037551,1536.0,9.692970643307092,2.0,24.48570258470452
36.5135256841537,2048.0,3.473811004509708,1.0,49.758195568083906
25.026655768206332,1536.0,11.24491034041096,2.0,25.627295506643286
18.083445295297928,1536.0,5.254776765234688,2.0,18.51744798238508
37.64873625476305,2048.0,4.824475917162409,1.0,52.616472090878446
25.284860041048255,1536.0,11.018135992477195,2.0,25.891696682033412
38.032603530654264,2048.0,3.5874068708548172,1.0,53.035893340952725
68.25679277232906,3584.0,28.074212533399294,4.0,80.4193470443366
74.00794596921195,3584.0,27.684768331703953,4.0,82.99636471196484
20.391601235145643,1536.0,7.487442073734243,2.0,20.880999664789137
23.071635510096762,1536.0,9.527522044643506,2.0,23.625354762339086
66.72738736723694,3584.0,22.126761655868094,4.0,79.11882323926902
57.09028072493862,3584.0,25.399413099942855,4.0,68.1457497794528
73.08737375950773,3584.0,25.87081554748908,4.0,83.23519149500352
25.798135368661082,1536.0,10.837007320415383,2.0,26.417290617508947
39.23958315469235,2048.0,4.100749933983005,1.0,54.520509946000765
55.01295568259216,3584.0,22.718669001600194,4.0,64.85128034695735
68.8133833705353,3584.0,22.07215316648781,4.0,80.8129498556219
18.080461717593064,1536.0,6.574001120675721,2.0,18.514392798815297
39.06054973257955,2048.0,3.496453815194293,1.0,53.752637225030824
55.22486148530064,3584.0,22.9215555713978,4.0,65.76757961530312
24.796625216204312,1536.0,10.196811961649958,2.0,25.391744221393214
38.16932206612902,2048.0,3.8835083383919247,1.0,53.28069157424193
19.68436380566365,1536.0,6.590168935227876,2.0,20.156788536999578
67.73877358023897,3584.0,22.543684277891394,4.0,81.25807729872194
18.52808760740627,1536.0,7.059541108347025,2.0,18.97276170998402
57.800729345760715,3584.0,24.047600915073605,4.0,70.77089390394465
70.72321698452096,3584.0,28.872881169131674,4.0,82.09348072213423
18.264276184553818,1536.0,6.945017859059649,2.0,18.70261881298311
71.02332892296279,3584.0,29.088543135980842,4.0,82.12877738332688
19.638922552307587,1536.0,7.0207772861020015,2.0,20.11025669356297
18.91195628545889,1536.0,6.410200751200843,2.0,19.365843236309903
37.815863833916495,2048.0,3.6400786088352866,1.0,52.877707429102834
38.58460894816327,2048.0,3.6352335298785983,1.0,53.7800599483125
63.958740249339854,3072.0,21.340209835627917,3.0,77.5698573215016
74.40930973884512,3584.0,26.05523738795017,4.0,85.34831076048242
19.321893643786026,1536.0,6.840401639880261,2.0,19.78561909123689
37.40347008896082,2048.0,3.65052984362051,1.0,51.9888467831622
26.334928961700232,1536.0,11.401873866217253,2.0,26.96696725678104
37.99335437182846,2048.0,4.107373087487343,1.0,52.077892578175664
36.40818606474067,2048.0,3.9728786037773784,1.0,50.652784706106004
55.9785846753025,3584.0,23.517445427754307,4.0,65.81577680573133
25.97929970152723,1536.0,11.258141606336475,2.0,26.602802894363883
36.96486122446424,2048.0,3.4071781043946583,1.0,51.499773903285245
20.06281127773662,1536.0,6.204318264032965,2.0,20.5443187484023
20.27152423031434,1536.0,7.260912488563637,2.0,20.758040811841884
40.237321002485714,2048.0,4.3104114502904585,1.0,56.36426104100145
20.34509277252144,1536.0,6.497394099332096,2.0,20.833374999061956
68.07273560341557,3584.0,27.94109304972442,4.0,79.34320361358301
24.532504454400204,1536.0,10.206604959717982,2.0,25.121284561305806
18.913042988720967,1536.0,5.483085508072465,2.0,19.36695602045027
18.735545684832818,1536.0,6.378524448389855,2.0,19.185198781268806
24.044993213605174,1536.0,9.878770811316794,2.0,24.6220730507317
17.353325143718017,1536.0,5.49005494465726,2.0,17.76980494716725
26.435332692460335,1536.0,11.110988155672182,2.0,27.069780677079386
55.46751039514078,3584.0,23.104475763929372,4.0,66.23278797095823
64.3124967698196,3072.0,20.429928076623128,3.0,77.45228894033797
67.04271051060796,3584.0,27.18839390165285,4.0,78.80932499721851
37.231845709599654,2048.0,3.264626450396548,1.0,50.881119626509374
73.51927818756766,3584.0,26.41545832965977,4.0,84.00680757284903
68.60124417711032,3584.0,28.510323162730554,4.0,77.62539377944385
71.46564899243889,3584.0,29.85609719187384,4.0,83.1787299977382
37.98874537991345,2048.0,3.389266518729118,1.0,52.71861684139664
39.433904334590075,2048.0,4.139633324891228,1.0,55.07991161082532
20.299395131759823,1536.0,7.314594233120214,2.0,20.78658061492206
18.75906577521792,1536.0,6.601736208966509,2.0,19.20928335382315
74.02105046710582,3584.0,26.203272952858164,4.0,83.14524432332689
38.630209514528886,2048.0,3.6177749278745894,1.0,53.183839273478995
69.07269654314844,3584.0,28.981020196740275,4.0,79.51928492097421
37.105479194409085,2048.0,3.9009276202404153,1.0,51.3340249339916
67.12719921591366,3584.0,21.682794290380528,4.0,81.45810392435324
58.35718278763709,3584.0,22.966009672334724,4.0,69.22725200568095
37.69139924355975,2048.0,4.5781301022120235,1.0,52.28414521942605
38.635901248530345,2048.0,3.693042259572852,1.0,53.488557394067826
17.85818195145897,1536.0,6.869076463416677,2.0,18.286778318293987
18.42759777269637,1536.0,4.791613577324012,2.0,18.869860119241082
26.306441045366263,1536.0,11.639684040056572,2.0,26.937795630455053
70.04912706765022,3584.0,28.50538927676205,4.0,80.45859152639805
56.13669821003264,3584.0,23.402302614516017,4.0,67.71067819034164
37.73682208253808,2048.0,3.572358053453394,1.0,52.100314534879246
38.55724311664207,2048.0,3.6534993280408186,1.0,53.855999513060894
18.53476475223487,1536.0,6.160174880124329,2.0,18.979599106288507
66.74144976039729,3584.0,22.527787606051007,4.0,80.82526794261814
19.613419177494407,1536.0,6.667575950063685,2.0,20.084141237754274
39.57129868239153,2048.0,4.677102508402302,1.0,55.218105692884805
65.84476585922943,3072.0,21.571941721025745,3.0,79.4363051425003
55.90118383540411,3584.0,23.431031608182696,4.0,66.26999753473794
70.4188342211203,3584.0,28.737217093392985,4.0,82.0514755896986
70.36749886469579,3584.0,25.33742885083874,4.0,80.63899552824594
66.91138932904822,3072.0,22.939849329077767,3.0,80.90100483345644
38.41526317789175,2048.0,3.494875416116375,1.0,52.53286646046108
66.94810845070117,3584.0,21.14713231078965,4.0,79.82401164515623
40.29638402701224,2048.0,5.530887309594399,1.0,57.52924279124181
38.20323913729622,2048.0,4.5334158563030496,1.0,53.37007056756768
35.94444946328273,2048.0,3.9938124848781897,1.0,50.25187268870836
25.19281961669399,1536.0,9.923558306322645,2.0,25.79744728749464
20.724507889706643,1536.0,7.084357479529977,2.0,21.221896079059604
18.94738988489368,1536.0,6.867977039442707,2.0,19.40212724213113
72.13147596216395,3584.0,26.935776523939875,4.0,83.97414154569985
25.640765566654892,1536.0,10.736681873222143,2.0,26.25614394025461
24.027519770513702,1536.0,9.983223744095639,2.0,24.60418024500603
36.769130010107546,2048.0,2.7362455759110795,1.0,50.64042283399104
69.70062318937406,3584.0,29.411592752314622,4.0,80.48856200194564
17.65644308131144,1536.0,5.76227254792115,2.0,18.080197715262916
37.79544637135236,2048.0,2.9748107566305304,1.0,52.40883724125364
56.99267456751568,3584.0,23.960955516229518,4.0,66.90851232765769
37.52285701088759,2048.0,3.753357569532476,1.0,52.62250323214331
36.756883519941205,2048.0,3.303836253507371,1.0,49.41939450128339
37.83980991621586,2048.0,3.561646703059489,1.0,51.38589030810431
18.13686423396929,1536.0,6.196018114828535,2.0,18.572148975584554
70.22641902433746,3584.0,28.392309093403888,4.0,81.48212479589235
36.601188367305284,2048.0,3.641264105199559,1.0,50.75230528365597
37.208206067374604,2048.0,3.670234423397556,1.0,50.57035378087216
72.37062804275565,3584.0,25.039790112641217,4.0,81.25950268532242
38.3752596550425,2048.0,3.7517801960837014,1.0,53.147713972390356
57.50916405047312,3584.0,23.74282858367743,4.0,68.62226460948864
37.74685502568095,2048.0,3.8875691536516754,1.0,52.483016159463396
68.9801165810993,3584.0,27.650811542611045,4.0,81.81993122151125
36.77099823905295,2048.0,3.5416123372111232,1.0,50.33122726013498
18.78636808724838,1536.0,5.840338178285951,2.0,19.23724092134234
35.64371394660051,2048.0,3.005766095408779,1.0,49.56048898183202
38.39020259682358,2048.0,3.4427155933746247,1.0,52.27388388090235
72.362513018209,3584.0,29.40625281752463,4.0,85.52592316722018
68.68149000066394,3584.0,27.894046793548117,4.0,80.41317096793924
38.23078435699919,2048.0,5.352978980284759,1.0,54.51870448924881
38.25998556193796,2048.0,3.5259627212408744,1.0,53.29722018687771
37.63277170543015,2048.0,4.458546118412419,1.0,53.43057068742832
19.999515037364464,1536.0,7.913133773923153,2.0,20.479503398261212
19.847844731540903,1536.0,6.059443691146699,2.0,20.324193005097882
26.1296321938503,1536.0,10.035185478388861,2.0,26.756743366502704
69.31648035235722,3584.0,28.00463695233511,4.0,81.30116829669446
69.26310255983826,3584.0,29.05989866124865,4.0,79.2375814806478
20.394166278480647,1536.0,6.92770046668951,2.0,20.883626269164182
38.41239031492369,2048.0,4.208102492485548,1.0,53.66467350179864
19.453250495689794,1536.0,6.248701518581793,2.0,19.920128507586348
21.762024921844876,1536.0,7.767179766019171,2.0,22.284313519969153
67.32811960502869,3072.0,21.678583801240713,3.0,81.09705221470747
24.334855642003525,1536.0,9.886864317690918,2.0,24.91889217741161
69.22840829118324,3584.0,23.619729729863987,4.0,82.78986577500339
65.95464284263143,3584.0,19.710354201353415,4.0,78.9508723047588
19.91565098029085,1536.0,7.144026874394365,2.0,20.39362660381783
19.166076257024557,1536.0,6.12420698456665,2.0,19.626062087193144
19.18713904888619,1536.0,7.207846530344284,2.0,19.64763038605946
70.7186935913124,3584.0,28.04496003856092,4.0,81.66640273257775
24.50683292073858,1536.0,9.785550118619415,2.0,25.094996910836308
19.014263240951358,1536.0,6.5326032603487025,2.0,19.470605558734192
25.775361591201055,1536.0,9.800961950246819,2.0,26.393970269389882
38.00134518783415,2048.0,3.4530906323374913,1.0,52.973861852316105
38.723319426326206,2048.0,4.081017932541765,1.0,52.19056544179513
55.95641869801112,3584.0,24.41543513481902,4.0,67.84745688207889
18.932209055612077,1536.0,6.322385360025834,2.0,19.386582072946766
20.46313680139509,1536.0,7.3950481905335295,2.0,20.95425208462857
25.5996966273149,1536.0,11.510983858256205,2.0,26.214089346370457
18.51541446431946,1536.0,6.521214826712949,2.0,18.959784411463126
35.85571671263892,2048.0,2.681836332974494,1.0,48.5627232347305
65.00744426941556,3072.0,21.966228236978072,3.0,78.79197531901912
64.97341431444626,3072.0,21.230217774386304,3.0,77.88800347171775
39.31280703824974,2048.0,4.10872459930739,1.0,56.29421275872224
70.63604494316515,3584.0,29.45427280350693,4.0,83.07351722981224
67.04770900108102,3072.0,21.97437594178747,3.0,81.13702065969896
70.26752015825024,3584.0,28.953386154233144,4.0,83.50075891690321
38.47329396303385,2048.0,3.887577303908235,1.0,53.56808765074934
67.13068527423468,3584.0,22.216325413374868,4.0,80.65844021917255
38.27283853719605,2048.0,3.009001948212897,1.0,51.92009197831881
25.457172101893676,1536.0,11.685629838893377,2.0,26.068144232339122
66.38470630383398,3072.0,21.927121339547565,3.0,80.1346486328698
25.079787048885027,1536.0,10.81077734286131,2.0,25.681701938058268
74.15356129584244,3584.0,26.847962640261883,4.0,85.1118592389191
18.63926982928414,1536.0,6.798412041379564,2.0,19.086612305186957
25.28962098052858,1536.0,10.749832794214473,2.0,25.896571884061263
23.582800132585543,1536.0,9.308599324828311,2.0,24.148787335767597
25.156336313043802,1536.0,10.866905044127645,2.0,25.760088384556852
20.518682881240693,1536.0,7.3518832033078345,2.0,21.011131270390468
23.74987365891162,1536.0,9.061606998023155,2.0,24.3198706267255
26.077202118821248,1536.0,10.774771826126251,2.0,26.70305496967296
18.776717391971196,1536.0,6.678881764662835,2.0,19.227358609378506
25.61182503568876,1536.0,11.31288932424761,2.0,26.226508836545293
20.3862486308959,1536.0,6.72651220923294,2.0,20.875518598037402
24.34930133922175,1536.0,9.890546286275042,2.0,24.933684571363074
53.61940091639617,3584.0,22.937888870009317,4.0,64.16587381495559
39.17195134500644,2048.0,4.1820234632501165,1.0,54.86134847631149
65.81056324592005,3072.0,21.19680817771393,3.0,77.86845264931027
21.100105233329852,1536.0,7.638239688872877,2.0,21.60650775892977
72.15918106861038,3584.0,26.66310324270101,4.0,82.34121678524725
39.561477714730295,2048.0,4.093439588755484,1.0,54.371232410368066
37.53002992297899,2048.0,3.9326083549703754,1.0,52.93040030041548
24.425401639153023,1536.0,10.726661175813312,2.0,25.011611278492694
56.00819941372269,3584.0,22.63447807703597,4.0,66.70057001415782
37.78818619442845,2048.0,3.338615819931462,1.0,52.30696369782497
24.925251237428093,1536.0,10.144347810658239,2.0,25.523457267126368
19.33746234887673,1536.0,6.9599977936342325,2.0,19.801561445249774
70.22770445509772,3584.0,28.899017356857453,4.0,81.83489799441499
20.24484623780021,1536.0,7.406140680415854,2.0,20.730722547507415
70.64256982152729,3584.0,28.100565028196975,4.0,82.64347060041362
73.8327584094729,3584.0,26.995376046280928,4.0,84.9377951736767
38.22364126826787,2048.0,3.3143188126343857,1.0,52.65672825918789
24.880213236875633,1536.0,10.361092208120903,2.0,25.47733835456065
37.85850408497574,2048.0,3.6141300328741544,1.0,53.07388193895838
25.74286019329638,1536.0,11.424108378757165,2.0,26.36068883793549
36.78352050538345,2048.0,4.103144041100014,1.0,50.2295029901686
22.611568986744693,1536.0,9.047511261543931,2.0,23.154246642426564
38.41211058803297,2048.0,4.385996010251665,1.0,53.91740135752236
71.4494314275579,3584.0,26.563056310142937,4.0,82.19634783334408
37.35897708319855,2048.0,3.675547135106719,1.0,51.48606814202043
18.276415788762826,1536.0,5.9763928501916554,2.0,18.715049767693134
23.971395795562287,1536.0,10.640849650952998,2.0,24.546709294655784
37.33748333621954,2048.0,3.35453668461999,1.0,52.23462589470398
65.66375734082816,3072.0,21.85367527082923,3.0,78.89070308765967
66.66192548847373,3072.0,20.350505983411512,3.0,80.45823404137032
58.47997182091912,3584.0,24.176297850360005,4.0,70.37572935814228
18.613074064013993,1536.0,6.609477570874198,2.0,19.059787841550328
18.055858883293226,1536.0,6.032726441684695,2.0,18.48919949649226
19.925487412632506,1536.0,7.485306740684963,2.0,20.403699110535687
37.65304857949027,2048.0,4.388108307892799,1.0,52.31690964109499
25.949135611932125,1536.0,11.171954787377809,2.0,26.571914866618496
38.529453652405614,2048.0,4.0572065426684,1.0,52.94885993583898
56.753029018293546,3584.0,23.6472367470502,4.0,67.68825931199304
24.71807141633745,1536.0,11.03105783558902,2.0,25.31130513032955
27.10802421555053,1536.0,11.876393264013164,2.0,27.758616796723743
39.400109482377516,2048.0,3.928747126786015,1.0,55.04084010769964
35.67143894436337,2048.0,3.3435484147391366,1.0,49.89612864235218
38.345511486914646,2048.0,4.893713135631429,1.0,53.170212456554864
70.14869887299916,3584.0,27.476459569410835,4.0,82.35736151460245
36.88953602442639,2048.0,3.820076378572002,1.0,50.984133525207746
23.88393583311872,1536.0,9.829591092008501,2.0,24.45715029311357
37.47468559074666,2048.0,3.5709221274385365,1.0,51.808874955744415
23.54022936323659,1536.0,9.373984576438728,2.0,24.105194867954268
57.50446894430248,3584.0,24.23930841457414,4.0,70.98623665280051
57.27941658899985,3584.0,22.850178750295843,4.0,68.43081104329255
24.814597053711225,1536.0,10.241181792519074,2.0,25.410147383000293
19.129446425099704,1536.0,6.343319812093676,2.0,19.588553139302096
37.407927033805635,2048.0,3.689824698096643,1.0,51.52829304207309
18.710430152167973,1536.0,6.450608304126553,2.0,19.159480475820004
55.11686307558898,3584.0,22.948761447138352,4.0,67.16668657820723
73.17511790880926,3584.0,27.34708005772153,4.0,85.70639185264069
38.427807685362254,2048.0,3.789558882520265,1.0,52.916286071739975
54.95624407236642,3584.0,23.01351433051612,4.0,64.78083646671118
72.31712805910186,3584.0,26.9388711827552,4.0,83.63885016184422
66.10556025322006,3072.0,21.327874755185643,3.0,79.64395233189495
37.91421458669159,2048.0,4.1467346886684116,1.0,52.059011582414016
68.5534363496586,3584.0,28.627998868334988,4.0,79.83814952214091
39.56693325350136,2048.0,4.0707408678301125,1.0,54.93423358614807
24.74046650868948,1536.0,10.660700316485576,2.0,25.334237704898026
25.089941338238745,1536.0,10.918940836879521,2.0,25.692099930356477
38.85040087523667,2048.0,5.005920424636916,1.0,54.342666561488485
67.43535647214387,3584.0,21.364822406599313,4.0,81.02286165775892
70.12336960158524,3584.0,28.33632407802621,4.0,81.42683018744357
37.12024236245267,2048.0,3.8192601027136135,1.0,51.885885265895396
68.24546042666513,3584.0,27.281039733599393,4.0,77.96379356002876
38.72223360864774,2048.0,3.918535953243862,1.0,53.37991651007576
67.03635903120079,3584.0,22.177150596235087,4.0,79.9353226995249
74.7701904794525,3584.0,28.20230469675207,4.0,84.80524266468406
17.590431343915288,1536.0,5.322764762788231,2.0,18.012601696169256
19.109413011145165,1536.0,7.308497532830678,2.0,19.568038923412647
75.35441079752803,3584.0,26.90325718147537,4.0,86.12832590379689
71.34511312070785,3584.0,29.13388003261091,4.0,82.42817743773324
57.46311499944103,3584.0,24.635706440819664,4.0,70.9232892062354
37.27388771770606,2048.0,3.246480720998107,1.0,51.086466075809525
68.67050010665272,3584.0,28.21620788906461,4.0,79.99716607129385
39.804474341889986,2048.0,3.6403031353053414,1.0,54.655329761905506
38.08650355389469,2048.0,3.9692586746471137,1.0,52.750472245777175
37.36749218342271,2048.0,3.3390640143110075,1.0,51.491994032396065
19.712537845742546,1536.0,6.946446206934869,2.0,20.185638754040365
72.91321553360572,3584.0,27.763905227736792,4.0,83.141774742606
19.431714772374402,1536.0,6.565122933601476,2.0,19.89807592691139
38.15008950835807,2048.0,4.172591090002788,1.0,52.08238307703587
37.32350014896903,2048.0,3.657261888244945,1.0,50.64490607698504
57.46888181834661,3584.0,24.08042091310345,4.0,69.67514531474333
18.87708613886582,1536.0,6.444363218728014,2.0,19.330136206198603
66.86075823280757,3584.0,27.57393965024806,4.0,79.34801890399355
20.338650547947594,1536.0,6.409553303696422,2.0,20.82677816109834
37.431054920420756,2048.0,3.1745808207827215,1.0,51.429836092174924
26.702622317181135,1536.0,11.38033442726173,2.0,27.34348525279348
36.719102313328335,2048.0,3.3939172751234636,1.0,51.27629480937557
38.55083706254838,2048.0,4.461857959983214,1.0,53.8562500581602
39.30960082714658,2048.0,4.042136101328273,1.0,55.408007443197036
36.69262767725519,2048.0,3.638425074466953,1.0,51.4120269115681
20.2921955031308,1536.0,6.889665525557746,2.0,20.77920819520594
24.40610470978836,1536.0,10.221323859463443,2.0,24.99185122282328
63.47301516920797,3072.0,20.888756327710894,3.0,77.20428768980392
36.571192744051416,2048.0,2.7946737545487856,1.0,49.80089153902149
19.42435017674549,1536.0,6.294271183636652,2.0,19.890534580987385
19.803639470200835,1536.0,6.325956228315414,2.0,20.278926817485655
36.078448745747785,2048.0,4.006737431771708,1.0,51.40049324845086
37.493148430521295,2048.0,4.629360408600017,1.0,52.92484463936658
67.8474326975045,3584.0,23.11363059198609,4.0,81.6098787195351
74.74081045751736,3584.0,26.91941290834464,4.0,84.03150317146404
25.87801689804837,1536.0,10.589729914208116,2.0,26.49908930360153
57.641108069433486,3584.0,23.178971769779082,4.0,69.25023819725764
54.967794648628384,3584.0,22.776707851847515,4.0,65.96907337885501
37.37579923919235,2048.0,3.8368005687428792,1.0,51.44297518823586
69.15916145672173,3584.0,28.60475878243171,4.0,79.60685279073112
38.830337775733184,2048.0,3.923988140456281,1.0,53.18355379809495
72.46585190822118,3584.0,25.242172483200555,4.0,82.7639154075067
18.611931815991788,1536.0,6.768125041450596,2.0,19.05861817957559
37.419619157286725,2048.0,3.9931368461881918,1.0,52.46916198333511
38.353592468594535,2048.0,4.718388483085483,1.0,53.081575074982396
19.065356494195314,1536.0,6.958991523313744,2.0,19.522925050056003
24.16572728472311,1536.0,10.165634394989446,2.0,24.745704739556466
18.56328258908918,1536.0,6.015453313572068,2.0,19.00880137122732
19.103587729150163,1536.0,5.867486754879263,2.0,19.562073834649766
38.874511052554524,2048.0,4.638101618435778,1.0,54.82979073523735
25.104216684402477,1536.0,10.292305708455743,2.0,25.706717884828137
36.777300949884236,2048.0,3.9981000221091123,1.0,51.999175146892526
54.49764285250435,3584.0,24.213924925607802,4.0,66.66018756609971
37.647753451369326,2048.0,3.8934964883067953,1.0,52.04750588165979
55.213285214536285,3584.0,23.249258504005812,4.0,66.66884706170384
