45.88621001556597,4096.0,12.153734902755696,2.0,129.3372517844987
37.513203813193606,2560.0,3.778881736240006,1.0,70.81408810297074
57.637370336757556,4096.0,10.712752586855373,2.0,139.32279220235085
38.44110152650898,2560.0,3.994630989726619,1.0,72.93340391689765
45.288789100560564,4096.0,11.640452986744918,2.0,123.1204580461909
36.98323089459162,2560.0,3.702302692221777,1.0,69.68127920356928
45.389705266039236,3584.0,2.8452145385049956,1.0,116.80289830103831
24.666947786316356,1536.0,9.601332761491642,2.0,25.25895453318795
18.75528241743889,1536.0,7.38527744572669,2.0,19.205409195457428
20.644436419521632,1536.0,6.9506173138826925,2.0,21.13990289359015
19.374020066806473,1536.0,6.511938903583445,2.0,19.838996548409828
45.75699292925638,4096.0,12.665351257647114,2.0,126.70481691879263
51.00017514874588,3584.0,8.347991271365597,2.0,102.41305070879984
37.950467853207684,2560.0,4.3322467532496916,1.0,71.39052770644689
37.7768699283855,2560.0,3.4896818375636336,1.0,71.30120873016504
38.95891111229128,2560.0,4.382319722475774,1.0,74.50118534232755
19.73139801660817,1536.0,7.075986475177425,2.0,20.204951569006766
18.343924588492886,1536.0,7.009962589353233,2.0,18.784178778616717
18.488693061591167,1536.0,5.608926830219463,2.0,18.93242169506936
25.06301167864224,1536.0,9.921806401416093,2.0,25.664523958929657
43.03118539724944,4096.0,11.624592904204434,2.0,122.27385702236344
36.638815685086826,2560.0,3.5056517554231945,1.0,68.81331196379293
37.04546088665333,2560.0,3.9958714195967326,1.0,69.64265822974686
26.3713510981834,1536.0,11.427525118060561,2.0,27.0042635245398
36.27422862270862,2560.0,3.6725831265110673,1.0,69.38820257613408
47.10727004305475,3584.0,4.012343414315157,1.0,121.83863535642627
56.68933124213621,4096.0,9.500243777145558,2.0,136.0038448822451
36.2598659315935,2560.0,3.879456530117619,1.0,69.28163155792834
43.51832317883837,3584.0,3.237984572716273,1.0,113.40032611242572
37.15027852988302,2560.0,4.386531146841089,1.0,71.76281572977238
19.150229680778004,1536.0,5.825261952399421,2.0,19.609835193116677
37.09213106220496,2560.0,4.428747396269955,1.0,70.66334412132255
37.65382904460523,2560.0,3.558670803353289,1.0,71.5453395796623
37.81083939967971,2560.0,3.1338602426938746,1.0,71.49834287571082
55.45071238207807,4096.0,10.050257850602257,2.0,133.3987488762113
37.99419501963351,2560.0,5.2801418877530395,1.0,73.72803984466465
45.35974609287643,4096.0,12.414293841926092,2.0,126.70672838194268
38.87112115898313,2560.0,3.9713450509744783,1.0,73.55269391226744
38.66085095980532,2560.0,4.152732880484399,1.0,73.06779051709385
24.17086585886919,1536.0,10.28429271441195,2.0,24.750966639482048
26.269434010622653,1536.0,10.826387002027737,2.0,26.899900426877597
39.22387613847938,2560.0,4.611024571751925,1.0,74.89515196271824
54.50017857297252,4096.0,9.976829745259892,2.0,131.8837300243036
57.0931851517697,4096.0,11.021169871966265,2.0,138.1552329845015
54.433036473710274,3584.0,9.144474085194796,2.0,110.39496513679222
41.279360970614974,2560.0,5.201362152969241,1.0,78.65045086530395
26.349072983674958,1536.0,11.03062572334372,2.0,26.981450735283154
50.14962029618395,4096.0,6.569556963706095,2.0,129.05613572082495
25.947514123214077,1536.0,10.343218001673453,2.0,26.570254462171214
44.72195703525163,4096.0,12.189730649669926,2.0,126.14282831244083
56.77055789539355,4096.0,10.600581721651405,2.0,138.79590727915652
37.252870929941324,2560.0,4.1345759618705396,1.0,70.99523826918441
19.286301736691577,1536.0,6.457577112333986,2.0,19.749172978372176
25.423613429211287,1536.0,10.37195014156809,2.0,26.033780151512357
20.0721503962348,1536.0,6.787026545298669,2.0,20.553882005744434
18.883570467177982,1536.0,7.174474987484769,2.0,19.336776158390254
54.588251458576295,3584.0,8.910442116560423,2.0,113.04233460574612
18.4723085365717,1536.0,5.9264691223670445,2.0,18.91564394144942
46.038615196165225,4096.0,12.0004340492224,2.0,127.44242918509258
23.823125117415493,1536.0,9.790414141796143,2.0,24.394880120233466
44.47333907709229,4096.0,10.366017860672141,2.0,122.72457304785783
26.004516780172207,1536.0,10.158302130283145,2.0,26.62862518289634
20.059548654054442,1536.0,7.090805793593198,2.0,20.54097782175175
37.39333908835522,2560.0,3.7094146130785144,1.0,71.4889835879646
17.729305024098068,1536.0,6.406145591812129,2.0,18.15480834467642
51.49789407008037,4096.0,6.3494499622472835,2.0,130.91394706069912
18.161564937573253,1536.0,5.974741736032917,2.0,18.59744249607501
19.133263048024553,1536.0,6.852478145515132,2.0,19.592461361177143
19.46654549993122,1536.0,6.921440800639463,2.0,19.933742591929573
44.857643902951146,4096.0,12.858422420490502,2.0,126.98239517324569
37.54951173847849,2560.0,5.13516361763314,1.0,72.03270915348563
37.0525058751776,2560.0,3.741567043679486,1.0,71.45621919495014
25.49139946068804,1536.0,11.545545289277994,2.0,26.103193047744554
37.677999921802055,2560.0,4.020274661949705,1.0,71.99546495849496
56.04267233129087,4096.0,10.112817135881535,2.0,136.57146770536642
54.315674956084834,3584.0,9.425217861323478,2.0,110.97953510921676
23.613546252837864,1536.0,9.57313204115431,2.0,24.180271362905973
45.28035792786529,3584.0,4.504561570962611,1.0,122.5108754765196
44.37137658038209,3584.0,4.298209818266425,1.0,115.5760806123002
20.023960608831796,1536.0,5.753220022515196,2.0,20.50453566344376
43.557384182969386,4096.0,11.251180826988858,2.0,121.14484306515155
24.71706519405211,1536.0,10.488142426627775,2.0,25.31027475870936
36.657847084267004,2560.0,3.6861773466150667,1.0,70.49399506394712
49.317788031747114,4096.0,5.927242031115911,2.0,125.98666319351818
35.70789834097424,2560.0,3.4357616440046845,1.0,67.0485241287278
56.47909940785452,4096.0,9.867130616544866,2.0,136.9770339540465
52.11239740590842,4096.0,6.5213987000789935,2.0,130.153538162673
38.5764527084022,2560.0,3.9038909994800495,1.0,73.7021223069932
19.446562902008917,1536.0,6.172751942707703,2.0,19.91328041165713
23.84446088382054,1536.0,8.975035963111415,2.0,24.416727945032232
42.7605481954628,3584.0,3.4840767657522798,1.0,112.53793685984435
58.948320668703374,4096.0,10.865729806547659,2.0,141.85106415277608
44.31145434395624,3584.0,4.0870732940186745,1.0,116.01290974593918
37.03677976850932,2560.0,3.0387747250405575,1.0,70.00910940849491
53.712681413556524,3584.0,8.849031176772431,2.0,109.91157296783373
50.98176049934948,4096.0,6.577727630825417,2.0,130.64250835065047
18.678940838759726,1536.0,6.106404989317346,2.0,19.12723541888996
18.62834880537924,1536.0,6.590898151030972,2.0,19.07542917670834
45.99182060030931,3584.0,4.054328224787291,1.0,121.59073154924683
38.94562585547657,2560.0,2.896674176023592,1.0,72.77250212999134
46.05950724712724,4096.0,12.045295648540812,2.0,127.99863898293427
37.31245880807343,2560.0,3.697964333804411,1.0,71.54051230970703
18.89206815507581,1536.0,6.523909146009059,2.0,19.345477790797627
37.80252571766521,2560.0,3.9531908184742703,1.0,71.61467584548988
57.80804691156098,4096.0,10.702092509262974,2.0,137.84645225862963
19.34545648776021,1536.0,6.369994632863095,2.0,19.809747443466456
56.677461148654906,4096.0,10.181384337573789,2.0,137.78616840713318
38.735692030092096,2560.0,3.669737787711398,1.0,73.76976714783916
25.30770503345196,1536.0,9.430814348779315,2.0,25.915089954254807
36.96043452133253,2560.0,4.334877538438436,1.0,71.41099053844786
18.54826353588989,1536.0,5.98018705232569,2.0,18.993421860751248
38.40196016274052,2560.0,3.509722712232995,1.0,73.28803726767504
19.29540107436957,1536.0,6.204017295579309,2.0,19.75849070015444
39.70610673427716,2560.0,4.614476696384933,1.0,75.91865678799743
53.37130206062423,3584.0,9.222581155771621,2.0,110.88267840050433
25.2312639963328,1536.0,10.357346206828774,2.0,25.836814332244785
24.942313431433536,1536.0,10.223405209149288,2.0,25.54092895378794
43.55490449526584,4096.0,11.114188283617182,2.0,122.4601964489469
51.35023195718465,3584.0,8.450924003042086,2.0,105.67634985386604
56.417341633250366,4096.0,10.072065708795328,2.0,136.93105410334363
25.88979796412866,1536.0,11.260731982399461,2.0,26.51115311526775
25.611761504796505,1536.0,10.607792313285875,2.0,26.226443780911623
17.64986852245213,1536.0,6.252391461906177,2.0,18.07346536699098
24.65507265341072,1536.0,10.270396189793901,2.0,25.24679439709258
38.86940013977868,2560.0,4.828117773645626,1.0,75.29780125037571
25.349424193670238,1536.0,10.52694071410129,2.0,25.957810374318324
36.86162536397854,2560.0,3.964079260463614,1.0,70.91504967385775
19.504301545765976,1536.0,6.327497141442555,2.0,19.97240478286436
37.496430238981226,2560.0,4.13460457370895,1.0,71.60003362586595
37.89554611950339,2560.0,4.184878881822856,1.0,72.23957558812458
24.763161965493317,1536.0,10.788767594341724,2.0,25.357477852665156
39.77835637189969,2560.0,4.3083006439838485,1.0,75.29328044089817
19.629287914533542,1536.0,7.442234129381309,2.0,20.100390824482346
43.47201407756223,4096.0,11.17796039107758,2.0,119.78753286760731
36.33754303273515,2560.0,3.586577494269086,1.0,69.05223805958386
46.140254096496136,4096.0,11.321428832455693,2.0,128.65030061431992
53.54883276911018,3584.0,10.122898421870868,2.0,111.57818321007707
35.386263131777966,2560.0,3.5012165610120216,1.0,65.8663069949325
53.91331253834286,3584.0,8.533469122828208,2.0,107.79005746366667
39.1690494604088,2560.0,3.5817486476576,1.0,73.84930579603007
20.499192537947163,1536.0,7.288019646901876,2.0,20.991173158857897
36.62437830481884,2560.0,3.538160578395192,1.0,70.09374461252824
38.26430953906504,2560.0,4.83120015053077,1.0,74.81514352787877
58.27593021926343,4096.0,11.19181511262617,2.0,142.77354396023745
57.925615502324305,4096.0,10.259827325652772,2.0,141.2539193039844
57.12127079205196,4096.0,9.801196331485396,2.0,137.7652428729115
38.70559678870524,2560.0,4.793019729362388,1.0,73.6040464438039
39.85258398632444,2560.0,4.071249468913582,1.0,76.66192124010034
37.60193937707848,2560.0,4.542893060390899,1.0,71.7303027862456
56.50916997734798,4096.0,11.042267129376594,2.0,140.4243326184196
23.857951655134592,1536.0,9.489251011654757,2.0,24.430542494857825
36.24354994148449,2560.0,3.8501746087349393,1.0,69.18795911931832
25.325720251117232,1536.0,11.343068044187767,2.0,25.933537537144048
38.28371174294462,2560.0,4.460135824525792,1.0,72.18934651961185
18.674107845688866,1536.0,5.9996469907825665,2.0,19.122286433985398
35.85414745134136,2560.0,4.455297991564552,1.0,69.21412372418266
39.21504420230297,2560.0,3.6955618317940453,1.0,74.30799931794346
45.37442789390309,3584.0,3.3113169766756116,1.0,119.84837904748598
20.269748441569288,1536.0,6.563561686490049,2.0,20.756222404166948
44.378359391793694,4096.0,11.56623399927858,2.0,125.24258005263414
37.91383733703677,2560.0,3.7247377254234624,1.0,72.46523618648834
38.12188551411166,2560.0,3.965377864095609,1.0,72.35271398207885
18.501420309305722,1536.0,6.9822512542866155,2.0,18.94545439672906
37.775546384676176,2560.0,4.058230446977379,1.0,71.8965906008383
39.90717159502587,2560.0,3.9418888416658677,1.0,75.20185348373319
18.254937852104028,1536.0,5.90793412292312,2.0,18.693056360554525
45.417035024816,4096.0,12.668882720019338,2.0,125.35935568224596
24.48355046611574,1536.0,10.525182638962054,2.0,25.07115567730252
38.348591813312126,2560.0,3.863463607155029,1.0,72.53904987067804
39.3087741448849,2560.0,3.4743346002772073,1.0,73.62755913865226
38.420924171486064,2560.0,3.917616963740187,1.0,73.40903253051037
48.18753880319326,4096.0,5.397948013569209,2.0,121.17190182100988
35.85948548558273,2560.0,3.8387321554030223,1.0,68.99302827626413
18.741724254700426,1536.0,6.588850150020971,2.0,19.191525636813235
23.73856107310319,1536.0,9.754832767195502,2.0,24.308286538857665
52.79448355599711,4096.0,6.92999073345089,2.0,134.3025219974869
17.47999433246341,1536.0,5.317399805710879,2.0,17.89951419644253
25.175873141469964,1536.0,10.397987125330351,2.0,25.78009409686524
53.96936880478953,3584.0,9.614301082840594,2.0,110.5635008738226
43.88190600174466,4096.0,11.22947797277514,2.0,121.63174461933058
51.67280389194814,4096.0,6.57238314790392,2.0,128.91825569489194
44.5661057361186,4096.0,11.523675814560834,2.0,122.48585552287462
19.23289453777756,1536.0,7.091309026258377,2.0,19.69448400668422
58.250900497561005,4096.0,10.981300292671914,2.0,141.36991248317796
35.53740117591697,2560.0,3.227818382351825,1.0,66.91081156675821
38.18283314919819,2560.0,4.097861466193247,1.0,72.64045444707162
44.809576489867275,4096.0,12.078847751974052,2.0,123.76665226508665
38.980670617486595,2560.0,3.9282236303942666,1.0,73.93717018786178
52.95510196128411,4096.0,5.9305519295404014,2.0,134.47914959339982
36.83283668075713,2560.0,3.8053239874162865,1.0,70.13259900117039
19.61816570838402,1536.0,7.263118959962995,2.0,20.089001685385234
50.38859685168031,4096.0,6.030945834399699,2.0,126.6321635067817
20.72377718295957,1536.0,7.239435176409643,2.0,21.2211478353506
55.363905191049,3584.0,9.138357420802544,2.0,113.65086503836508
38.80474391081469,2560.0,4.379874050897887,1.0,73.52741782006356
39.249010557408035,2560.0,4.171904775351041,1.0,74.62665152549938
43.27414233647065,4096.0,11.068659053275315,2.0,119.61720234537742
43.82950450870478,4096.0,11.101695907211617,2.0,123.06926261851777
18.22133315369195,1536.0,6.4857712928447855,2.0,18.658645149380558
52.17305780861868,3584.0,9.197861969008152,2.0,106.0192174329093
39.65244161111793,2560.0,3.9276580371717316,1.0,74.88680947568031
18.580609319640207,1536.0,5.732554516844813,2.0,19.026543943311573
18.1729764695277,1536.0,4.858872587290032,2.0,18.609127904796367
17.484330366186466,1536.0,5.934319806481577,2.0,17.90395429497494
38.49259510736797,2560.0,4.502583837201428,1.0,74.46038434324318
37.730129062498065,2560.0,3.4643253387526336,1.0,71.54694106596256
38.38945574795741,2560.0,4.279658736323746,1.0,72.32999877098489
58.342029867275365,4096.0,11.145863118444112,2.0,142.2721583005943
44.80067745516737,4096.0,10.849208626361209,2.0,123.5515670652412
24.982795522615508,1536.0,10.661933944297603,2.0,25.58238261515828
25.016998835647545,1536.0,10.409198616407835,2.0,25.617406807703084
20.66526683510877,1536.0,7.934003649762424,2.0,21.161233239151382
37.540186667544056,2560.0,3.8123760047641975,1.0,71.20392295750658
18.272407717176847,1536.0,5.74208154113915,2.0,18.71094550238909
56.92474883087484,4096.0,10.65207852227238,2.0,135.96566648020854
59.510116563967436,4096.0,11.269674960081312,2.0,144.08658594181261
57.5979505750096,4096.0,10.604802536598532,2.0,140.00096450598036
39.78961435376026,2560.0,3.888424248354048,1.0,75.02955117254362
46.10693854631625,3584.0,4.379790171691876,1.0,122.59766655416318
38.68361281658388,2560.0,3.6123991708535996,1.0,74.83680445502925
44.50306077968195,3584.0,3.2065591243558966,1.0,118.71556179367204
37.49785786128466,2560.0,4.416811384850535,1.0,71.25076639815754
52.03708126653042,4096.0,6.284322201000628,2.0,132.9780370956791
17.998108536224166,1536.0,5.793672278127241,2.0,18.430063141093544
51.321411483057545,4096.0,5.873494907019147,2.0,130.5519364836565
24.335216227984954,1536.0,9.913301091763554,2.0,24.919261417456596
24.280402449665804,1536.0,8.606671378082975,2.0,24.863132108457783
50.8174683516068,3584.0,8.856121530151478,2.0,103.83339134607517
42.544556766251894,4096.0,11.148164809337892,2.0,117.19079180964363
17.99207276685104,1536.0,6.275702361628637,2.0,18.423882513255467
35.98283770511316,2560.0,3.339142957400188,1.0,68.35494160357739
36.571247988533905,2560.0,4.368691090607063,1.0,70.36335224809142
19.43453640939107,1536.0,6.97580976215651,2.0,19.900965283216458
37.96682540053666,2560.0,3.6447889053118434,1.0,71.50287162840544
38.60272665810248,2560.0,3.589560812082543,1.0,73.7693162074546
22.75248261971174,1536.0,9.152952462609717,2.0,23.29854220258482
38.99179389605325,2560.0,3.651222068601303,1.0,73.92174551216222
50.576465736681016,4096.0,6.85545198929652,2.0,130.18606372675623
20.02287927335521,1536.0,7.231186529475149,2.0,20.503428375915732
39.09648287212603,2560.0,4.337319815280412,1.0,73.91712274897438
57.93728208494261,4096.0,10.371579392367513,2.0,140.82450379823985
45.100797809995264,4096.0,12.222196031626172,2.0,127.51396787645626
37.3823970304023,2560.0,3.8287278239409157,1.0,70.6727213036722
55.7920353901879,4096.0,10.039175377151004,2.0,136.59845120865748
53.72765310076093,3584.0,9.860971433206725,2.0,109.6195992495201
57.36496554975099,4096.0,10.320767889733085,2.0,139.0807238730915
43.56587476556265,4096.0,11.37906281107962,2.0,120.6671842006818
25.52295580037503,1536.0,10.99413873794871,2.0,26.13550673958403
42.90701481863525,4096.0,11.914510227036171,2.0,121.78401662909616
44.6027372508993,4096.0,11.655828435992008,2.0,122.23458426391744
36.40240079677285,2560.0,3.69123169895977,1.0,69.262845376277
43.729873104557115,4096.0,10.392847148003238,2.0,121.70218947491891
38.23585184131126,2560.0,4.431371580033529,1.0,73.12793288609163
19.504028724606023,1536.0,6.405435521807071,2.0,19.97212541399657
38.19985049345637,2560.0,4.333374325913806,1.0,73.62326043732574
25.28017167492366,1536.0,10.85930287599318,2.0,25.88689579512183
19.10672389242712,1536.0,6.894014260751685,2.0,19.565285265845368
36.563401640955135,2560.0,3.608073312638396,1.0,69.71841733630507
40.84395471600516,2560.0,4.764430418045836,1.0,76.9710075327032
24.43617998522373,1536.0,9.547501069794858,2.0,25.0226483048691
36.860818010466865,2560.0,3.531883012859709,1.0,69.20448693456638
47.49678542979061,4096.0,12.906278419374294,2.0,129.60380935906144
38.485930077510844,2560.0,3.898912864822924,1.0,74.02543489394839
23.684468354047336,1536.0,10.24858517741188,2.0,24.25289559454447
25.704415912624178,1536.0,10.652050131167837,2.0,26.32132189452716
53.90823878427242,3584.0,9.533632567560968,2.0,110.88995460182551
45.79080320943329,4096.0,11.186188497235019,2.0,127.13181153771853
23.00254147422331,1536.0,9.226028060547208,2.0,23.55460246960467
43.8077813906172,4096.0,11.318807565518938,2.0,121.48986360354715
52.53778106272909,3584.0,8.50521103819599,2.0,106.45671128083848
37.839667366918505,2560.0,4.012478612221377,1.0,72.37829929825668
37.438526177375536,2560.0,3.7626637860927494,1.0,71.32754108865028
50.39282080293487,4096.0,6.577512865917993,2.0,129.68540989897804
44.842205039010864,3584.0,3.5418950380047165,1.0,118.57591767902915
19.218298121024322,1536.0,7.061487389382343,2.0,19.679537275928908
52.21787576848382,4096.0,6.544102873617048,2.0,131.52836345890876
39.555159373629635,2560.0,3.542012802717096,1.0,74.58208387509609
46.147950828980356,3584.0,4.967031395470159,1.0,123.89013848902485
36.5879533340738,2560.0,3.081669335395337,1.0,68.10894605218488
37.423785112335366,2560.0,3.1095171789226757,1.0,70.70465036471836
19.77214763407476,1536.0,7.365711445164467,2.0,20.246679177292556
19.416382009026325,1536.0,6.996519945761201,2.0,19.882375177242956
36.95545506475964,2560.0,3.5788288355990305,1.0,69.57308066269923
18.759146790886156,1536.0,5.901971090431461,2.0,19.209366313867424
50.38653832828236,4096.0,5.810031796547454,2.0,126.57023363379696
43.54920019764248,3584.0,3.6787171684956066,1.0,115.29329468309277
38.05805667486142,2560.0,4.092934167190931,1.0,71.62726193606859
20.94016337135991,1536.0,7.639604610340916,2.0,21.442727292272547
44.9932996740588,4096.0,11.577329702785939,2.0,124.27690456336111
18.807859605461122,1536.0,6.545011210431083,2.0,19.25924823599219
24.5655163987354,1536.0,9.069481751729128,2.0,25.15508879230505
17.782730834964305,1536.0,5.949043905144148,2.0,18.209516375003446
52.59794047896643,4096.0,6.3377891691907,2.0,134.96832276069557
39.00099671697333,2560.0,3.970522452218102,1.0,73.65561973399848
38.11103789391555,2560.0,3.5458882481594447,1.0,71.6050491258345
19.01677774870447,1536.0,6.885203780109453,2.0,19.473180414673376
36.230475289191666,2560.0,2.8033175451023356,1.0,68.556114899226
24.780316477703522,1536.0,9.792486899248761,2.0,25.375044073168407
38.57243202563237,2560.0,3.432473399423746,1.0,72.99973657057761
45.64441727645401,3584.0,3.3173586982366103,1.0,119.41484688140969
44.81539380256071,4096.0,11.451838137887808,2.0,122.74373149519904
36.674644926170636,2560.0,3.620184498667,1.0,69.74409065417889
42.19147064477451,4096.0,10.644815878966734,2.0,116.69239330568382
37.2058475652166,2560.0,3.7399489039352174,1.0,70.79258306097908
18.188019278897315,1536.0,7.621592855383705,2.0,18.62453174159085
52.44142900389453,3584.0,8.404126329708483,2.0,104.772552411748
17.726941295876856,1536.0,6.238949624200835,2.0,18.1523878869779
54.31614119572057,3584.0,8.706335681360411,2.0,110.56782359153638
18.837207936554545,1536.0,6.5788751822140785,2.0,19.289300927031853
55.70534194098255,3584.0,9.662149127608556,2.0,113.46329581549031
39.08533083661324,2560.0,4.434222002867832,1.0,74.18436395679572
37.49614002305079,2560.0,3.8841098325261005,1.0,71.53896916272465
45.69753965163289,3584.0,4.4042548279499485,1.0,120.38845520118615
53.52984403596686,3584.0,9.398879466109909,2.0,109.46007180009711
36.53185396345873,2560.0,4.0490862834804835,1.0,70.27492654632094
38.545937752460055,2560.0,3.6672598511590793,1.0,72.67727701878331
50.81451302178434,4096.0,5.954640869340591,2.0,129.95298948651265
35.54888809262398,2560.0,3.1710037701978115,1.0,66.84639887801661
18.970405953316575,1536.0,6.4895168744891105,2.0,19.425695696196172
36.08736012108327,2560.0,3.583332015482261,1.0,68.78321149256293
41.087497585449135,4096.0,12.231879658592499,2.0,116.02867663103716
52.27572778841739,4096.0,6.860120196079119,2.0,133.6054097970571
45.322193543449174,4096.0,11.98617041432383,2.0,127.00645114378312
44.42528073741712,4096.0,11.096374419578046,2.0,124.04065215380685
38.816276846433624,2560.0,4.144974362321765,1.0,73.06863492471875
18.159802376361633,1536.0,6.3021037432171365,2.0,18.59563763339431
52.87540332053034,3584.0,9.066054195021303,2.0,108.43751777915084
46.42341903096331,3584.0,4.130410505195899,1.0,121.10302540511597
37.637827887329216,2560.0,3.529813566756275,1.0,70.17275622680586
25.68430656688667,1536.0,11.716501703129982,2.0,26.300729924491947
45.070717658866855,4096.0,11.832904946098916,2.0,125.03606343357144
19.284074548584513,1536.0,7.068398468784006,2.0,19.74689233775054
19.303568117113493,1536.0,6.853460395612116,2.0,19.766853751924216
23.22331294131328,1536.0,10.20481302057874,2.0,23.7806724519048
39.09749276675148,2560.0,4.300442755963342,1.0,74.5224408046721
44.7536331385672,4096.0,11.218296399394939,2.0,125.04884468898257
59.081727169859604,4096.0,11.045267367683895,2.0,140.94761211413197
25.808937475001212,1536.0,10.70343917121823,2.0,26.42835197440124
24.71220173590535,1536.0,10.108979015950396,2.0,25.30529457756708
44.65633720784769,4096.0,11.668640905088594,2.0,124.04607541293635
25.422348318629723,1536.0,10.272011076642858,2.0,26.032484678276838
40.04180246689325,2560.0,3.9179536631557497,1.0,76.7030256938362
43.13700202343527,4096.0,10.913018319347376,2.0,119.4077116452913
24.935980039578784,1536.0,10.424779451580184,2.0,25.534443560528675
39.492271831623114,2560.0,3.862998993981679,1.0,74.64226927280197
45.02645431024123,4096.0,11.394592838840763,2.0,127.57030484149607
37.73447605380709,2560.0,4.242860399019136,1.0,72.67991307670601
19.325585952304262,1536.0,7.042645545020182,2.0,19.789400015159565
18.761478481258205,1536.0,5.636283353446466,2.0,19.211753964808402
25.299328762320947,1536.0,10.760553605929676,2.0,25.906512652616648
25.282744505855632,1536.0,11.952028343034558,2.0,25.889530373996166
45.36648937539851,3584.0,4.059085828652536,1.0,119.08189730203864
36.174760791623896,2560.0,3.654388881186802,1.0,67.67099701213654
45.381361621589676,4096.0,11.760723511538833,2.0,123.02872333218295
44.70995563480604,4096.0,12.643484928613717,2.0,126.784389223616
37.721775906589656,2560.0,3.9869161116741405,1.0,72.63908332407767
19.978410225769732,1536.0,6.204197433768664,2.0,20.457892071188205
24.226597269738406,1536.0,9.787861459081284,2.0,24.80803560421213
18.89884642082046,1536.0,7.7391484565303275,2.0,19.35241873492015
18.70470184766922,1536.0,7.516670358545199,2.0,19.15361469201328
38.737419876028575,2560.0,3.6952166946884972,1.0,73.38111799520414
23.615915149263166,1536.0,9.818737465535664,2.0,24.18269711284548
54.937909980358135,3584.0,10.462837731182965,2.0,114.35796303424425
24.02876159708439,1536.0,10.47667576678414,2.0,24.605451875414417
37.34785139160105,2560.0,3.5643173667933143,1.0,69.78329079353128
47.3199208782387,3584.0,4.237768435486447,1.0,124.02889122520251
17.91740463473435,1536.0,5.534305095253243,2.0,18.347422345967974
19.34090889792492,1536.0,6.83275108678834,2.0,19.805090711475117
51.649576371976366,3584.0,8.5364874497807,2.0,105.35961346344133
40.454210958261314,2560.0,3.8678553550473382,1.0,76.42028554432981
24.145630277168777,1536.0,9.638507614155788,2.0,24.72512540382083
55.43421623216042,4096.0,9.074226584416198,2.0,131.450120874033
37.88102086376301,2560.0,4.061444966689016,1.0,73.21153300780155
38.77974766411131,2560.0,4.544100546327266,1.0,73.11252164046975
50.818058432207636,4096.0,5.763558386371869,2.0,127.93612382718769
45.60103892715865,3584.0,4.553656210894999,1.0,121.31678425231512
36.55104477911151,2560.0,3.93466091134445,1.0,70.19073115530932
36.892498957706096,2560.0,3.416424821946999,1.0,69.9328618569983
18.78935027177079,1536.0,6.779681173412316,2.0,19.24029467829329
55.70073452879853,4096.0,10.591622529669232,2.0,137.49081702869438
18.596095029275666,1536.0,6.565817811240576,2.0,19.04240130997828
35.83013458367234,2560.0,3.1512505493179597,1.0,67.2247754925365
44.70256086101925,3584.0,3.4746017146558916,1.0,118.90645340818631
20.059841771517814,1536.0,7.696102130494765,2.0,20.54127797403424
37.67254107517069,2560.0,3.692677389313939,1.0,71.5509323676838
38.43775261668887,2560.0,3.3884640482706665,1.0,71.90595039282732
38.404769386003025,2560.0,3.437979532283308,1.0,71.85005469690515
46.855716999230594,4096.0,11.44296874864936,2.0,129.06222986396395
55.33779666480987,4096.0,10.208068237982607,2.0,134.15621823448052
43.63148830748329,4096.0,11.954045871515778,2.0,122.9247541767645
51.89660985535775,4096.0,5.929267237142227,2.0,130.95480445581578
34.46246484585377,2560.0,3.6036329485720806,1.0,64.7285588767194
36.45944775367015,2560.0,3.4928757587521497,1.0,69.48941498766831
24.922410930046887,1536.0,9.79638295026368,2.0,25.52054879236801
19.18073124926338,1536.0,6.574491101934497,2.0,19.6410687992457
38.02003306819455,2560.0,4.328824110209787,1.0,73.43910187226186
53.48110822200791,3584.0,8.904377032928736,2.0,108.291236452706
44.57517546864243,4096.0,12.134770193722648,2.0,124.80306909036887
44.6643730275491,4096.0,10.981194837334195,2.0,122.54326587251211
39.11675962535043,2560.0,4.450838444065372,1.0,74.68524722198435
45.30457932403415,4096.0,11.244209701565111,2.0,127.26664393097556
46.51776483320854,4096.0,12.155842563323151,2.0,129.26036086079463
45.35975202430236,4096.0,12.707536691849171,2.0,128.71585091770828
36.9256836168396,2560.0,3.488840616523249,1.0,70.12120717868214
45.801044501141654,3584.0,3.5030609853772754,1.0,118.88988305969562
20.315927901666782,1536.0,6.812969256753945,2.0,20.803510171306783
37.21056358922392,2560.0,3.4958490954766823,1.0,70.10626773849573
38.095540213584286,2560.0,3.166795366566726,1.0,72.46898613378782
50.709308336470514,4096.0,6.26593536471149,2.0,129.70310338526318
51.50294570720244,3584.0,9.06089670435839,2.0,104.89731475697442
36.963970993515325,2560.0,2.8715874428362334,1.0,68.88440474531728
18.855527671700372,1536.0,6.081700000823679,2.0,19.30806033582118
35.280017866944235,2560.0,3.2951059594032954,1.0,65.80483104289236
20.74140526577722,1536.0,7.4306495761161475,2.0,21.239198992155874
46.98441167895067,3584.0,4.22298577532203,1.0,123.29125479026891
39.40711338702072,2560.0,3.8701740507884237,1.0,75.12046564010288
36.69347105658898,2560.0,3.7331676568143437,1.0,70.33687481180863
39.86973047541353,2560.0,4.619074356734411,1.0,76.39740508710274
50.60969864397394,4096.0,6.206106957280559,2.0,127.7339116150593
51.78029093080882,4096.0,7.121159625932204,2.0,130.78142975249511
43.45668037790774,4096.0,11.283501304669757,2.0,119.64843588230362
23.40511069926184,1536.0,9.651616374005108,2.0,23.966833356044127
52.97421020245956,4096.0,6.042028301117832,2.0,134.1348856654958
45.39600244723281,3584.0,3.0849428529479708,1.0,118.84689565774062
36.755512393818414,2560.0,4.273432210370336,1.0,70.48215719774214
18.14530336946422,1536.0,6.6723164689732455,2.0,18.58079065033136
38.001748100034874,2560.0,3.3688121941459186,1.0,71.08099432239038
17.672000631883236,1536.0,5.410840505651542,2.0,18.096128647048435
18.420257206489815,1536.0,6.859088605039668,2.0,18.86234337944557
38.122414994729596,2560.0,3.8882853000361695,1.0,72.57238727700576
46.44724632853625,3584.0,4.524494037350194,1.0,124.096598323726
25.14516513869345,1536.0,10.066286759079167,2.0,25.748649102022092
38.190530519036145,2560.0,4.184808349364801,1.0,72.54325334524586
45.68758876685851,3584.0,3.16321956753081,1.0,117.77444721622194
19.1888499292576,1536.0,6.7786959281038905,2.0,19.649382327559785
53.02064116043275,3584.0,8.65632940515701,2.0,109.98726430709775
19.456695111143077,1536.0,6.395046019720524,2.0,19.92365579381051
18.15220490723113,1536.0,6.755122226362266,2.0,18.587857825004676
21.364750928790002,1536.0,6.834491121645639,2.0,21.87750495108096
37.82965460680377,2560.0,3.8559067750486067,1.0,71.39891421381722
46.07677869479254,4096.0,12.659205015804524,2.0,129.6098605626665
45.811427695087026,3584.0,3.7330209920950996,1.0,121.26448432714892
18.806023055903562,1536.0,7.381969679114514,2.0,19.257367609245247
23.721364079624237,1536.0,10.153644526220507,2.0,24.29067681753522
45.4999675238525,3584.0,4.255560446121033,1.0,122.33096922028307
41.83122991123508,4096.0,10.897053417077439,2.0,118.23373201670597
25.17777538914602,1536.0,9.995935641717583,2.0,25.782041998485525
36.788505809231914,2560.0,4.391532876581447,1.0,70.59676241913247
54.09209142831263,3584.0,10.193346258661975,2.0,110.97039042133665
50.759580009364,4096.0,6.8667995412748155,2.0,128.8989152087095
38.180130976623104,2560.0,3.87308918245411,1.0,73.03001633558293
44.041582608111064,4096.0,10.851352482498488,2.0,121.32373545642398
43.4243645936275,4096.0,10.149180346088079,2.0,122.77693215986498
19.383613883818192,1536.0,6.469159242849345,2.0,19.84882061702983
18.867333383881633,1536.0,6.001186420641914,2.0,19.320149385094794
53.193181868979224,4096.0,6.451809241270033,2.0,135.67138907324224
17.770034900303546,1536.0,6.253303520487389,2.0,18.196515737910833
37.91352024713211,2560.0,3.7287696661305794,1.0,72.3505555783133
19.789869938030492,1536.0,7.173898059200075,2.0,20.264826816543223
19.839199170220454,1536.0,6.483661075031749,2.0,20.315339950305745
45.80678971366242,3584.0,4.174141540500499,1.0,121.8775122580158
36.57825760947584,2560.0,3.498456597146352,1.0,69.85947767019273
51.71809468205614,4096.0,6.555502719065568,2.0,132.70923067353334
38.309357688535776,2560.0,4.186922374989622,1.0,73.26573412606824
25.74006408707561,1536.0,10.326223331633164,2.0,26.357825625165425
20.021632646578247,1536.0,7.346165018585688,2.0,20.502151830096125
45.18007680663382,3584.0,3.6261672931793183,1.0,118.76761424496013
37.0622848036664,2560.0,4.17074888532993,1.0,70.12244123001048
39.27743512114817,2560.0,4.216014825462158,1.0,74.60843119797859
47.50949513308253,3584.0,3.897251691328902,1.0,122.88729850780254
51.92993449130675,4096.0,5.697219761335575,2.0,129.5630569978431
47.74932771805222,3584.0,3.7366638318261085,1.0,122.59141040544347
43.57993302479363,3584.0,3.8109814328731426,1.0,114.85119083885932
25.276089822582456,1536.0,11.10313261402705,2.0,25.882715978324434
38.546950164256614,2560.0,4.621548240753346,1.0,74.01796914491118
37.6207229246539,2560.0,3.369369527446324,1.0,71.14655168503965
45.11906192738984,3584.0,3.7376153060238475,1.0,119.10356560106658
19.695159481166005,1536.0,7.054385258591371,2.0,20.16784330871399
37.88159793769679,2560.0,4.25329533793436,1.0,72.3457509201407
57.33611420534108,4096.0,11.3516507470632,2.0,140.97888875253815
38.19797349428471,2560.0,3.6029598278568495,1.0,72.73294458573491
37.46951943888867,2560.0,3.829905507594765,1.0,70.6004585404315
37.39290171985096,2560.0,4.187081543288443,1.0,71.34230546030172
38.86388678325176,2560.0,4.333043028602603,1.0,74.13319716584894
38.31066287718491,2560.0,4.000361450119501,1.0,72.31072147243188
20.41002275119974,1536.0,7.113231154610627,2.0,20.899863297228535
19.147921624961654,1536.0,6.937467831407737,2.0,19.607471743960733
37.37346959768875,2560.0,3.7307439042422827,1.0,71.71588084485126
44.6689496901362,3584.0,4.294283406296302,1.0,118.27987960792473
45.57301907912116,4096.0,12.491811485233844,2.0,128.08700882105666
44.37656899961485,3584.0,3.367049611031792,1.0,116.89496265237295
23.987694572080937,1536.0,10.0493783765385,2.0,24.563399241810878
18.095327553166346,1536.0,6.257637872450818,2.0,18.52961541444234
23.516394369274725,1536.0,10.811294278418533,2.0,24.08078783413732
37.53562106078141,2560.0,3.635005790914053,1.0,70.86960089137938
37.35507484057617,2560.0,4.214807280811293,1.0,72.26502024201933
26.364150169242023,1536.0,10.98839276988431,2.0,26.99688977330383
18.5024651496708,1536.0,6.582518540829067,2.0,18.946524313262902
18.42790218732771,1536.0,6.200343995573489,2.0,18.870171839823577
17.27475720775767,1536.0,5.856197297700917,2.0,17.689351380743854
