38.29415700148881,4096.0,4.002406297899368,1.0,115.63809579993286
17.664490401207043,2048.0,3.5385078239766257,1.0,34.690974067049815
40.213328206430084,6656.0,4.467269029836212,1.0,206.1688778018827
36.417879007682984,6656.0,4.323385483504333,1.0,199.50729004796077
39.26633105326386,4096.0,3.6503553905422486,1.0,117.42531085566193
36.803700171174505,4096.0,3.9440402103157663,1.0,109.68045460495053
46.50096944251033,6144.0,3.8012848230031677,1.0,211.15698367755874
37.724992008293256,4096.0,4.262559724561891,1.0,113.66746905673398
35.65614098830315,4096.0,3.0173043061099625,1.0,107.22690977542203
37.82755641028358,6656.0,3.584093242020356,1.0,199.7742675192912
17.334212311848955,2048.0,4.680991382140138,1.0,33.99507384246889
36.84830333047421,4096.0,3.6157464393638685,1.0,109.40074457664522
37.96133469999779,4096.0,4.715841666121912,1.0,114.64641273177492
38.22314551221292,4096.0,4.479109321967048,1.0,116.41242719963361
38.24971331314454,4096.0,4.279061118246135,1.0,115.92417906574443
35.6752643224291,6656.0,4.199310184110237,1.0,192.55723505583282
47.30240004113469,6144.0,3.35329702419379,1.0,213.12983684947756
47.041609676161976,6656.0,4.049711541727822,1.0,233.45527548813146
16.977439350505723,2048.0,3.687292062088901,1.0,33.57674053283056
46.776053591742155,6656.0,4.337903643630557,1.0,237.06353335195425
38.4546090941298,4096.0,3.6949205532364147,1.0,115.7681155930922
53.571429302206916,6656.0,4.44277768127056,1.0,253.71836456207959
44.64244247035822,6656.0,3.5754456139646695,1.0,221.35089624338121
38.502640728307874,4096.0,4.117399572829548,1.0,116.21763789032983
38.328888426398436,4096.0,3.986038431529297,1.0,117.83354003119723
36.59986021031419,6656.0,3.770527303326122,1.0,194.8416438589529
16.97901606060827,2048.0,3.5829016640573847,1.0,33.008625254378366
17.448392810956864,2048.0,4.323464926630898,1.0,34.68007526212159
49.50439107290601,6656.0,3.4889719434675945,1.0,237.4154274840732
38.47607808176035,4096.0,4.272404058867133,1.0,116.00494296694994
47.93046719819944,6144.0,4.19317776300451,1.0,218.28643274790562
44.71495265718023,6656.0,3.6110299788174136,1.0,225.0303942815004
45.29529751699255,6656.0,2.959676125958061,1.0,228.88340923380255
45.0194943589357,6656.0,3.98867479464549,1.0,228.46013434554325
19.00036638994424,2048.0,3.991125902609939,1.0,36.24104369892494
49.208328452787235,6656.0,3.377174657751565,1.0,234.15168155170227
52.01862841611833,6656.0,3.139986690260578,1.0,244.71863777504464
36.802307180120664,6656.0,3.5666066887309245,1.0,189.0517906639618
18.035045781168613,2048.0,3.6212877758924247,1.0,34.5391578450234
37.89653043034367,4096.0,4.483506316190361,1.0,115.72874067954905
38.13122771966531,4096.0,3.9011935693713236,1.0,117.59714607306921
16.54773966521248,2048.0,3.9779885846063876,1.0,32.73312490217603
37.89689050433876,6656.0,3.829201957879541,1.0,198.3636915611052
38.4194858342215,4096.0,3.4991029164741234,1.0,117.92597327878575
37.32921362036477,4096.0,4.033469046173993,1.0,111.83764463616367
38.436614088166365,6656.0,4.111718340352162,1.0,199.44335694171806
37.75340097798012,4096.0,4.306385411625055,1.0,116.46548818164365
47.21392910491321,6656.0,2.8917261304625392,1.0,228.6360587057508
50.87117570483143,6656.0,3.906559857413149,1.0,243.16831101261337
43.39100755825692,6656.0,3.8103392609157924,1.0,216.7600124359919
37.74981434155689,4096.0,3.2707116772793423,1.0,113.58922471739999
18.335231317210138,2048.0,4.177379172142791,1.0,35.13249920646327
19.109464985015286,2048.0,4.145115620883183,1.0,36.690953399495946
17.249945485615477,2048.0,3.5808648546060935,1.0,33.48875657507939
38.379399495719326,4096.0,4.25899887758303,1.0,116.47768781605185
48.15706691093791,6656.0,3.8760506101127747,1.0,234.37264369110164
18.773142164799957,2048.0,3.64791153023417,1.0,36.029226616453066
18.58084748148634,2048.0,3.897915214117021,1.0,35.823134875258646
36.65026171349329,4096.0,3.793285056497441,1.0,110.8419142703577
15.619976859691498,2048.0,3.282304032844728,1.0,30.667456956294906
16.811325290385987,2048.0,3.5199228122806354,1.0,32.80258915723379
51.15389708217258,6656.0,4.01804654514181,1.0,237.43673774616883
46.532016094713455,6656.0,4.112631514305109,1.0,233.67441879222088
37.0048715231732,6656.0,3.884133751031473,1.0,197.0449148256044
18.48093966007858,2048.0,4.42346703200283,1.0,35.58621282944135
38.261310500137654,4096.0,4.411310448674942,1.0,115.92409541436623
39.01213449702071,4096.0,3.8226054153395985,1.0,117.11293850701584
49.63023401137934,6656.0,3.180697022424174,1.0,233.9812512132845
36.51847554558031,6656.0,3.885898315565915,1.0,193.55687912372449
38.92279711154107,4096.0,4.184159889906484,1.0,119.2215881396989
39.95714560233668,4096.0,4.133037609688644,1.0,121.46368944298082
15.45874968718965,2048.0,3.6149668921904596,1.0,30.417841754078047
49.66249609281355,6656.0,3.7214919435841365,1.0,237.98886291900035
34.393461653405794,6656.0,3.6695435659584263,1.0,186.10970576768196
36.88982767097545,6656.0,4.317251737891344,1.0,195.70262295894784
37.677456477845894,4096.0,3.2856992295545213,1.0,111.25660447079052
16.739645051618435,2048.0,4.231235549976872,1.0,32.7882248605905
37.29892319760011,6656.0,4.246961239440725,1.0,195.38567589002395
15.720257293492121,2048.0,3.798369594891102,1.0,31.034166995740357
38.791160977874156,4096.0,4.145497622689968,1.0,117.54913771463984
17.928333132996446,2048.0,4.039815584449814,1.0,35.19515656578943
36.993658637729524,4096.0,2.9899428401461154,1.0,109.54413935693711
16.421366737640447,2048.0,3.043845925534465,1.0,32.17718649904711
37.784668264965006,4096.0,3.1658091390470635,1.0,114.23046817441481
16.516073575109868,2048.0,3.142689029508879,1.0,32.2471922113632
38.09908610065652,4096.0,3.7399714033003524,1.0,115.15206646439235
37.70481010371486,4096.0,3.6885902746196657,1.0,114.09124816454528
39.276819166737525,4096.0,4.162604717723617,1.0,117.90556007042773
38.192082163406326,4096.0,4.773951684642633,1.0,114.4795091261129
38.05912328414479,6656.0,4.108434061892237,1.0,199.36761294606757
17.915392479261794,2048.0,3.576380209945008,1.0,34.29828336836759
14.81108425139289,2048.0,3.497440133318437,1.0,29.249391378468072
16.40636169628598,2048.0,4.814198526089196,1.0,32.60123724187075
36.51223877184657,6656.0,3.169395011395798,1.0,192.6894029017017
46.22697946990961,6656.0,3.1516250293344625,1.0,227.87036405864
17.398834317259485,2048.0,3.646848364540191,1.0,33.852915911495245
48.76361249216235,6656.0,3.8030276926433,1.0,231.66269161628452
44.659546495912515,6656.0,4.075164911168746,1.0,225.78781355840636
46.37379208908477,6144.0,3.4856482682320946,1.0,211.32380712881817
36.43760736155378,4096.0,3.138935317271956,1.0,107.17753028562808
20.16832178150657,2048.0,4.894929105714306,1.0,38.447253098327735
35.87472921264861,6656.0,4.333341708900583,1.0,189.85414066262504
38.80743780229393,4096.0,4.394659761470035,1.0,117.57272030485099
48.87308693687856,6656.0,4.14598150885118,1.0,236.70856447882915
38.00233130314879,4096.0,4.429436747508527,1.0,113.455863212182
16.40123534713859,2048.0,2.999732156520932,1.0,32.11680426828047
38.409733239437955,4096.0,4.189499160916183,1.0,114.78667170124933
35.641523451300706,6656.0,3.402697977097235,1.0,188.7162084105424
18.538479255626342,2048.0,3.702418830023892,1.0,35.6731760304114
16.199758638714073,2048.0,3.4886859894238933,1.0,32.01072267818417
15.888915654889413,2048.0,3.324317870610466,1.0,31.239514044657057
49.13546632087973,6144.0,3.974979681558517,1.0,223.01525489094175
18.695627314699923,2048.0,3.8073502279476013,1.0,35.722806148489546
40.3765528870647,4096.0,4.81884248863935,1.0,122.64164895424477
37.08574889874969,4096.0,3.18137935688509,1.0,111.1946760737749
38.09535160191388,4096.0,3.3989123647515176,1.0,113.26837983545695
47.13821286615027,6656.0,2.821904450917975,1.0,225.0768560504845
51.36015206265837,6656.0,4.167237787790004,1.0,242.70436399010524
37.076496677585624,6656.0,3.7259333311194625,1.0,194.24779796048057
46.825548251179846,6656.0,4.253128674666163,1.0,239.2464095014368
36.814418006371,4096.0,3.520196796195294,1.0,110.52535498606875
16.117875101730696,2048.0,4.010841586852986,1.0,31.820119436176263
17.819290648215034,2048.0,4.178793675979876,1.0,34.411428385047095
19.401885016570816,2048.0,4.13950615326436,1.0,37.21975700219477
38.78030749569035,4096.0,3.7221706990424828,1.0,117.15599797733441
38.789282158756514,4096.0,4.395379090379545,1.0,117.61231894463378
49.96764248497778,6656.0,3.4166599819650982,1.0,238.52586555697135
17.22949625027904,2048.0,4.294273366349387,1.0,34.222636462973185
15.977892120429562,2048.0,3.582668722120024,1.0,31.539481780074325
37.04307214452415,4096.0,3.851625251113777,1.0,111.62534648076645
38.37984733777358,4096.0,3.300044389132217,1.0,114.71489128161673
17.337108093252116,2048.0,4.321565922251564,1.0,34.09271267724503
46.46073085180504,6656.0,4.066476393535766,1.0,229.78175369810242
18.36300713743723,2048.0,3.8375385619948967,1.0,35.312120313757354
46.680079047000625,6656.0,3.6738472677234357,1.0,234.0252613598957
47.70674530110391,6656.0,3.6254888094608475,1.0,229.0589232971705
14.997688057909397,2048.0,3.3345942776925015,1.0,29.36039356601331
37.68593350904962,6656.0,4.03736943905601,1.0,196.8158105192018
49.60923594055777,6144.0,4.709328315753746,1.0,223.72450091303216
36.96913766043575,6656.0,3.530002393164725,1.0,197.2015883835556
19.231505418439653,2048.0,3.8488666501605966,1.0,36.81861907947473
39.15316061583673,4096.0,4.317598719632625,1.0,119.52973426535522
18.920564156856067,2048.0,4.444631765186883,1.0,36.17815136753478
16.10492868996121,2048.0,3.9964170647119985,1.0,31.42502298910252
37.59112821784834,6656.0,3.978042883580897,1.0,198.32491904048723
18.608093480003603,2048.0,4.247191788676382,1.0,35.680354426180934
18.48111837258941,2048.0,3.720788780272161,1.0,35.25483234217526
38.59950206150644,4096.0,4.292520787809886,1.0,116.67939558675238
17.674281370580964,2048.0,4.381081147066563,1.0,34.74125030763104
38.54182015351849,4096.0,4.497619058589981,1.0,116.95144616258898
16.75859056191064,2048.0,3.702533384206729,1.0,32.861835595484536
15.342933441616955,2048.0,3.9996486268678266,1.0,30.64924370273934
17.156718634300375,2048.0,4.591836096868454,1.0,33.720480220200976
37.742036511995074,4096.0,3.4160733344004672,1.0,115.422234755272
49.055491522117514,6144.0,3.9177755189951435,1.0,221.63908439341307
16.589744558146638,2048.0,3.670427573586927,1.0,32.765462564471896
37.02222792774275,4096.0,4.218774506960303,1.0,111.30388927183583
38.843316727689,4096.0,3.4440627034168325,1.0,115.81432830122083
50.21234076200493,6656.0,4.389642107684448,1.0,240.61269178644318
14.448727249768503,2048.0,2.894842416110416,1.0,28.56327297644019
47.91142474556472,6656.0,3.2167739001229685,1.0,234.97602899693103
38.32234507330064,6656.0,4.338838497429674,1.0,202.56630664220427
38.6969901387011,4096.0,4.294198391182274,1.0,118.24072669169217
38.50641596506136,4096.0,4.187936624620371,1.0,115.64665535780196
17.55610748735107,2048.0,4.55684636781245,1.0,34.63868634873597
38.1032373875009,4096.0,3.871500357107739,1.0,116.2181445798341
16.019957009415943,2048.0,3.7711782890791508,1.0,31.973406705761974
17.701316325072412,2048.0,3.865697143597616,1.0,33.86418299247242
44.33640164865173,6656.0,4.0546189637955,1.0,220.66956474901463
37.20646907017348,6656.0,4.247610316708046,1.0,192.37053906647228
18.349389974679056,2048.0,4.271507419762493,1.0,35.36118464740432
34.6125465769873,6656.0,2.8335791109623623,1.0,179.8265623133459
17.80669505187035,2048.0,3.9913398625084535,1.0,34.52394827493005
47.750014196744885,6144.0,2.7107729571098957,1.0,211.53766067805282
18.656700349852787,2048.0,3.771957741280077,1.0,35.847631373199505
38.999985611468304,4096.0,4.347754852986338,1.0,118.13420672756001
16.04550285142732,2048.0,3.3275208274281107,1.0,31.352160024743625
17.13338573825146,2048.0,3.495997803766615,1.0,33.641657471105354
36.745008953873665,4096.0,3.702875897948287,1.0,112.19616529902444
47.00915998504367,6144.0,3.8033199520000105,1.0,214.8530576185456
37.19288174884223,4096.0,4.328209805562589,1.0,111.79654101524241
18.487727359903747,2048.0,3.4728239357499713,1.0,35.293053007734486
37.920841380433735,6656.0,3.6259357280036713,1.0,198.49272971674833
36.89424398523227,4096.0,3.425898053885175,1.0,110.39459511113341
47.129324116727894,6144.0,3.8403286497624167,1.0,213.71043541065745
38.382515543792536,4096.0,3.5824360735338177,1.0,113.97554055647748
17.23194764309313,2048.0,4.405681723830158,1.0,33.64709843663751
36.359283331299835,4096.0,4.374104174125815,1.0,111.74771910709109
38.56749044918976,4096.0,4.5087514064059375,1.0,117.08643971206533
52.62096737844509,6656.0,3.9621851815545757,1.0,248.51410705672558
47.17630896216205,6144.0,4.208076652828088,1.0,215.9491902673044
17.051408299604972,2048.0,4.045600856322944,1.0,33.749092309629994
35.673568814398095,6656.0,3.3243929953529943,1.0,187.8565065232233
50.673114236446615,6656.0,4.699484850582767,1.0,246.69107476543644
37.982764242688916,4096.0,4.110105384924116,1.0,114.34301152396179
48.67656621574968,6656.0,3.422363645910568,1.0,232.5130065035029
38.559625312360986,4096.0,3.5414852753681205,1.0,114.42790165377932
37.60576696798833,4096.0,3.646293370846074,1.0,115.29133282909183
37.990524251037044,4096.0,3.6691750530595124,1.0,113.3350235965487
17.065329616190063,2048.0,3.4395708177333737,1.0,32.76544977432263
37.773584230612514,4096.0,4.017838705904193,1.0,114.70933631658684
36.399831284467176,4096.0,4.355337416741996,1.0,110.6678229009577
15.777531556273825,2048.0,4.21992433400266,1.0,31.15300711177173
37.40275604727043,4096.0,3.604796750131744,1.0,111.05379218812914
38.28405829028442,4096.0,3.708585717103676,1.0,116.76226795656926
37.96957121656824,4096.0,3.5510478484545476,1.0,114.26988736315495
15.575115682925809,2048.0,3.742037300849129,1.0,30.817996142390605
37.1188228731287,6656.0,3.8033790584433476,1.0,188.4121975776117
34.877764649578566,4096.0,3.078678902671376,1.0,103.50742275024655
16.75318961439625,2048.0,4.196838551535698,1.0,33.04017783789657
36.91340444217911,4096.0,3.926689543594473,1.0,110.4791170480486
15.205212411569267,2048.0,3.0432986065737193,1.0,29.9135722853054
45.657712596246064,6656.0,4.49939603822457,1.0,233.22986290061286
16.526236832535318,2048.0,4.248886743645568,1.0,32.69430076505523
50.272142987308364,6656.0,4.495171567945213,1.0,247.7494857275913
50.75552265449021,6656.0,3.968164521781142,1.0,245.83621734023774
49.126304051409605,6656.0,3.5730848930250287,1.0,242.27354997075352
46.759201302642836,6144.0,3.034204457814071,1.0,210.86831737457211
14.68364182730457,2048.0,2.9286119406403612,1.0,28.90820677768025
37.83878389323212,4096.0,3.0318686352133395,1.0,113.83437918796626
19.076366968857535,2048.0,4.181148041514283,1.0,36.578091145752516
39.0290738968079,4096.0,3.7398834741571023,1.0,115.06055046360495
37.1491381749619,4096.0,3.4895855781626235,1.0,111.88792843320142
49.55810925282299,6656.0,4.764826002315615,1.0,237.75740716007152
15.96737380911522,2048.0,3.4494680291987594,1.0,31.699549283181355
48.131078379476364,6144.0,3.6104817497445283,1.0,216.8474376729077
45.62005946701244,6656.0,3.5131086043443536,1.0,226.75894956159013
37.774207276037096,4096.0,4.2341989654709336,1.0,112.64650047441094
50.38109738645541,6656.0,4.016717977400437,1.0,236.81555010483484
43.586063653501,6656.0,4.108440632601004,1.0,221.7087316072642
39.62768916985464,4096.0,3.7803000196067256,1.0,117.5048293610381
48.070178112004506,6144.0,4.19300169752823,1.0,223.53885853483
37.69895365330369,6656.0,5.112463195876357,1.0,196.6449228383651
37.85203574484485,4096.0,3.8880353485760586,1.0,113.23507040833172
38.399404776232714,4096.0,4.289134316788218,1.0,115.97438227498807
37.620791047639415,4096.0,4.133728940243084,1.0,113.81004264103623
34.9051557514058,6656.0,3.398610750631869,1.0,187.23995178468854
39.22542001827269,4096.0,4.554118661375826,1.0,118.34148441770192
39.15485834466038,4096.0,4.35077230671678,1.0,116.43727700537278
37.45597166991085,4096.0,4.487536638705154,1.0,115.2327029890132
36.77545392305613,4096.0,3.127573045570786,1.0,111.5496878483639
37.836259155988266,4096.0,3.528388105503195,1.0,112.82957031647292
38.6129737428062,4096.0,3.957365912398614,1.0,116.00429814176717
38.47712108372281,4096.0,4.2105417962222855,1.0,116.77548159222704
37.756029593813025,4096.0,3.6758641659121434,1.0,114.10022978269281
38.55307977359822,4096.0,3.571186789584287,1.0,115.01544630521053
19.923273079636047,2048.0,4.47668102369452,1.0,38.48720770973699
54.210520923510785,6656.0,4.500317931851631,1.0,258.0019608898742
16.84474616616736,2048.0,3.9103083756181984,1.0,33.00472766129151
39.07661373576285,4096.0,4.344081240941105,1.0,117.39797750491739
17.71607139213461,2048.0,3.451743289151106,1.0,33.95503573476258
40.79525431857073,4096.0,4.59077376046808,1.0,121.54912306553862
37.410470579309816,4096.0,4.036776918882455,1.0,112.4553834239773
16.56504691822856,2048.0,4.018863510823205,1.0,32.49501786909059
16.01843093300695,2048.0,4.104024765456556,1.0,31.511026627032305
37.80166903746577,4096.0,3.461557585652925,1.0,113.46757595051191
16.45450429347379,2048.0,4.1539645482139855,1.0,32.42859586434173
39.01910191837167,6656.0,3.66043277130201,1.0,203.26961825502534
48.58838754282061,6656.0,3.142895097064837,1.0,231.7173670054339
38.26609562407264,4096.0,3.3765837718318723,1.0,115.45110015169487
38.48567032970424,4096.0,4.726587149432132,1.0,116.67958831489294
41.85251596084809,6656.0,3.572490565724112,1.0,216.790769737632
18.25325454465275,2048.0,3.4873551560831526,1.0,35.132222222678905
19.052223298235504,2048.0,4.763683878173894,1.0,36.84181619513643
51.77752219127789,6656.0,3.8844379381376872,1.0,252.22382993636236
18.126237795612585,2048.0,4.171605387564411,1.0,35.26082688459154
18.158486310222536,2048.0,3.5516794415217845,1.0,34.69043930544879
50.22239084137335,6656.0,3.3538107920330105,1.0,241.73371655266925
48.1732602374172,6144.0,3.5067820152897817,1.0,216.43855317149666
49.50441382217589,6656.0,4.043842715543819,1.0,236.91543582796152
37.46465025332772,4096.0,4.093316762822115,1.0,113.22426216617481
45.14113356687291,6656.0,4.585499100701812,1.0,230.07067116918785
37.269153747024696,4096.0,4.24827825932397,1.0,112.0724792816986
38.0522210762979,4096.0,3.850951632328999,1.0,113.89829726464686
17.035505181290983,2048.0,4.02249591682205,1.0,33.545604442406784
15.719109273958754,2048.0,3.7347073439795566,1.0,31.00704382688355
49.66290027057974,6656.0,3.4656066452330547,1.0,236.50403645902216
45.10576251318512,6656.0,4.111171844313169,1.0,226.86106691778065
39.19004743669087,4096.0,4.005148584819655,1.0,117.36740301822061
17.387826497746342,2048.0,3.522058937724361,1.0,33.291904421647885
38.57612875504193,4096.0,3.7834226400795727,1.0,114.81223260910694
49.74221716026071,6656.0,3.6781401980832364,1.0,236.17204777449717
37.84810514227858,6656.0,4.281145813436827,1.0,193.7910793084803
50.63134047345668,6656.0,4.293694032121607,1.0,244.0548761938617
46.07307414235543,6656.0,2.7681610643110055,1.0,227.5864065912193
17.55177276905053,2048.0,4.346735138682374,1.0,34.62068150101532
37.94447195371053,4096.0,3.9603894547556844,1.0,114.82870459004923
17.548572814506592,2048.0,4.154861411328823,1.0,34.32455132655528
38.24969389418278,4096.0,3.779949354560513,1.0,115.7252067050598
17.62309335342146,2048.0,4.2786860055832285,1.0,34.57904011566086
37.31419255728103,4096.0,4.124993284539492,1.0,114.96116205635327
39.13140970506772,4096.0,4.072889148398422,1.0,117.3990539319833
36.588187367723336,4096.0,3.418421444395516,1.0,108.24314030502497
16.32881373358453,2048.0,4.389007806194786,1.0,32.14518967542688
37.16413452575706,4096.0,4.131658923999126,1.0,113.39559929138578
50.498125830307046,6656.0,3.9404481031707976,1.0,245.88278489776886
16.139985649015593,2048.0,3.5153233001522186,1.0,31.70815867591112
50.648047701982165,6656.0,3.364300238307414,1.0,247.5990593583552
16.46782621680534,2048.0,4.275981848896875,1.0,32.45078872337307
39.425195150672394,4096.0,4.189385299663617,1.0,119.43001151092336
48.48806195100132,6144.0,3.739382678933384,1.0,220.52176462956237
15.699057010755189,2048.0,3.82238373184191,1.0,30.79545347864417
47.25349938993698,6656.0,3.301612442920245,1.0,229.9294996320083
36.748575614514564,6656.0,3.1202221824222374,1.0,189.8183994064907
45.34624966040081,6656.0,4.009536776272629,1.0,227.07421493284423
50.07189635085097,6656.0,4.287940067660813,1.0,245.68998028802358
47.37264930437392,6144.0,3.828807715156929,1.0,213.416855758916
35.43106943225002,4096.0,4.154993837786747,1.0,106.31555374280677
34.444527422121254,6656.0,2.8103660142659463,1.0,179.6164804339681
38.759361937183,4096.0,3.749562268818823,1.0,116.32193073157566
16.730432423136964,2048.0,3.921855077236711,1.0,32.574504577392226
16.820222487071558,2048.0,4.110685683818091,1.0,32.93916153228836
17.18875784772341,2048.0,3.6568148587107854,1.0,32.88210885761354
16.273267603842385,2048.0,3.3725569066970893,1.0,31.797281300246482
17.871125308682775,2048.0,4.675086649923448,1.0,35.230958236871594
15.0753718803296,2048.0,3.3608180442401125,1.0,29.865540677098302
36.36124860738275,4096.0,3.9619939337344334,1.0,108.84833405400302
16.0912775327926,2048.0,3.3792131517104913,1.0,31.91933188043589
38.32914476101734,4096.0,4.397626619391076,1.0,116.43449448820613
16.907828166848997,2048.0,4.327443980964943,1.0,33.42635561790259
37.50735721508946,4096.0,4.010719482910532,1.0,114.36551445488642
49.30868872500513,6656.0,4.360868566571635,1.0,242.8808592060404
44.12328569747283,6656.0,4.0135133105889516,1.0,224.97264491668255
38.78003233516107,4096.0,3.9594173572921743,1.0,116.16548219878963
17.648905028696593,2048.0,3.342822767030955,1.0,34.03624613399617
45.570723739371,6656.0,4.307441384769888,1.0,228.202045710275
19.685483122347367,2048.0,4.418359482522826,1.0,37.604346616484605
51.01465865538938,6656.0,4.450337115671713,1.0,246.38017736032072
51.275432632338195,6656.0,3.2764512704851785,1.0,239.72242178049558
46.6431622484279,6656.0,3.846719381721079,1.0,232.66532426719056
36.788141971241146,4096.0,3.545362523079976,1.0,111.08256441354486
18.640859129979123,2048.0,3.822875788011628,1.0,35.96878774050806
37.64093397785469,4096.0,4.33204877484306,1.0,113.46361717211028
50.50404997627194,6656.0,3.9119780359615146,1.0,240.80299472499237
19.400011677347948,2048.0,3.8420205246787367,1.0,36.95979855503664
17.2833522966532,2048.0,3.0836227114389327,1.0,32.94123120409111
16.46224303452287,2048.0,4.086668123803752,1.0,32.48684975301478
52.16320988344104,6656.0,4.182541421076975,1.0,245.6253039813048
15.402100968721596,2048.0,3.6658080754558586,1.0,30.161648691153605
15.302627297691235,2048.0,4.390755802410885,1.0,30.509164476435625
16.507053547399735,2048.0,3.957926090963925,1.0,32.60281322794809
43.95558055274481,6656.0,2.959721054210731,1.0,219.04387675639805
48.3493196445115,6144.0,4.607116534614797,1.0,218.2192577861586
50.139652612243744,6144.0,4.0509366882020466,1.0,226.74387099809974
37.22157429111719,6656.0,3.646285967294519,1.0,198.05925728362695
37.50826456296199,4096.0,3.2269760145529602,1.0,111.86278418305702
36.6322148187039,4096.0,3.6707577992198654,1.0,110.98100686853336
39.07161482511187,4096.0,4.552686734182684,1.0,118.74717598134194
39.36539717397818,4096.0,4.59032026360817,1.0,118.59873151810011
17.97673546018471,2048.0,3.7257492290330365,1.0,34.499220122211
18.026186137580627,2048.0,3.6303166670124374,1.0,35.01346030273568
36.91362266416654,6656.0,3.9537605810224594,1.0,193.49785203441382
17.864209529393097,2048.0,3.9426628365704337,1.0,34.34913842881914
35.941425404285575,6656.0,4.159970417967973,1.0,193.22311309327623
37.54609646185315,6656.0,4.5493986894701575,1.0,196.4901074038591
49.53208934973753,6656.0,3.8835236208824333,1.0,238.52326416299258
37.19888395276779,4096.0,2.8659575844860803,1.0,110.48307521649645
48.608584113791636,6656.0,3.9113527916398785,1.0,237.55619718410856
36.2864114154435,6656.0,4.181898753252805,1.0,193.98536419152936
46.52190345053811,6656.0,3.603773722218127,1.0,224.373621508582
38.7361724813141,4096.0,3.7388098238727796,1.0,116.6359128972411
15.891178698781372,2048.0,3.7684239091511116,1.0,31.459697660067533
38.7359657349856,4096.0,3.5382596359357015,1.0,115.40990662532732
35.826637468275095,4096.0,2.920276382828555,1.0,106.17598234425978
47.19362868474444,6656.0,4.23298098941915,1.0,236.78777413695943
36.74612126178693,4096.0,3.936521185507841,1.0,110.48316969000669
37.79933939869675,4096.0,4.265391482384978,1.0,113.31110770964833
39.28548499653801,6656.0,4.0441038463768635,1.0,203.27739705451964
51.4341278861396,6656.0,4.552189492707376,1.0,249.86993229968814
37.71601830776129,6656.0,4.927254735138316,1.0,197.79185061262112
49.992276361921405,6656.0,3.9473195816631597,1.0,245.0076635012752
37.08696500781104,4096.0,3.3108280953883957,1.0,111.63872296944103
15.930979136135488,2048.0,3.640740107388057,1.0,31.638983459822192
17.999748648600075,2048.0,3.4157281964568145,1.0,34.486721545915096
17.736342679903903,2048.0,3.7460054154364424,1.0,34.28225488822272
47.092565799254,6144.0,4.830736272331794,1.0,214.7027828515275
38.654136297855736,4096.0,3.321006970518531,1.0,115.26707280896991
49.99250729225469,6656.0,3.6850251370170217,1.0,241.13465697059138
47.2964250321872,6144.0,4.278954097309663,1.0,214.49316128205703
48.12604186546627,6656.0,3.5100054802443936,1.0,231.33971147723832
49.11878290648534,6144.0,4.229979303787165,1.0,221.6661530118378
15.312949618224096,2048.0,4.1776711015987305,1.0,30.34550956489496
38.4598263667943,4096.0,3.531580626848232,1.0,117.30938091218329
51.49549986273291,6656.0,4.4931337403897444,1.0,246.52532319269352
47.41667767536282,6144.0,3.8036846259167727,1.0,215.45519557161055
38.59616573336832,4096.0,4.121723435126378,1.0,116.56569410264868
38.82471481686135,4096.0,4.23455759055668,1.0,119.13921325561762
38.84932574082681,4096.0,4.7974716349613375,1.0,119.85466954766426
49.95802664769042,6656.0,3.8190755540090047,1.0,237.90742549141402
38.578222408469514,4096.0,4.42647823109785,1.0,115.57656024365988
36.956613106305454,6656.0,4.172169377953162,1.0,193.5812568089591
37.61920795366093,4096.0,4.298577244824722,1.0,112.74031967700202
38.98873910145571,4096.0,5.085098771308931,1.0,118.86327448029645
43.87618645600137,6656.0,3.950177899830708,1.0,222.26587489306218
37.0574154282868,4096.0,4.211144521699125,1.0,109.62995174380255
49.36905468433758,6656.0,2.9860286163530496,1.0,237.3364164334906
17.38505837878397,2048.0,3.969697224135933,1.0,33.93268822225862
39.15749239707433,4096.0,3.627637746854101,1.0,118.01985839402151
36.88628725591888,4096.0,3.866242723751511,1.0,113.79730200938816
37.80322621964932,6656.0,4.136833177492996,1.0,196.71665299018025
38.62432839469504,6656.0,4.185877157372701,1.0,199.2639480070918
37.787789548270375,4096.0,3.4409242146570436,1.0,112.89364908599322
39.96076787314947,4096.0,3.6792238264105945,1.0,120.79257224879439
14.8027326246788,2048.0,3.1344916476310805,1.0,29.379904123339088
34.093672592589016,6656.0,3.818167581108127,1.0,179.95906680186454
38.6444338892079,4096.0,3.8414373051688977,1.0,115.54447771820192
49.637699224625315,6656.0,2.785902079855954,1.0,236.47452612422074
15.592720078280287,2048.0,2.9619537462474934,1.0,30.622123162627837
38.996305401601916,4096.0,3.3051208635701186,1.0,115.67054407867889
37.534020564429824,6656.0,4.091417909226489,1.0,199.09395843665766
36.914467892034736,4096.0,3.3812592570626876,1.0,112.13254487595674
38.06970183811676,4096.0,4.181729468834304,1.0,117.45079133655594
39.0009927606072,4096.0,4.229144890824192,1.0,117.65113188762652
35.8190704555339,4096.0,3.9789222174372383,1.0,108.5972510896151
19.78805123313309,2048.0,3.933835634982197,1.0,38.18356875381345
46.25872199751316,6144.0,3.4342703517029065,1.0,211.0781410157855
16.619037013562714,2048.0,3.821526606702242,1.0,32.54092042010934
48.28018035084936,6656.0,3.843914336399053,1.0,235.55899833136272
36.92418132038057,4096.0,3.8928115916593837,1.0,112.34916058166047
37.47390642989512,6656.0,4.0363201681831065,1.0,199.85037732171673
49.16672955501041,6656.0,3.7171086114034195,1.0,244.31600253080154
16.286799670168442,2048.0,4.01825574156885,1.0,32.42321200307878
14.96407715991365,2048.0,3.2801779687648827,1.0,29.67070408736309
50.2391686218103,6656.0,3.5825722160003246,1.0,239.26811097005861
39.15607069695039,4096.0,4.324034692249958,1.0,118.51324975933741
49.40687694735357,6656.0,4.09934145456972,1.0,235.4021359261596
47.26927033468532,6656.0,3.388078302597102,1.0,233.72040379868227
38.03634061806699,6656.0,3.5678914389921816,1.0,200.3739166877742
38.69357731663547,6656.0,4.388537477254951,1.0,200.85287662171424
46.3030740041728,6656.0,4.376857513134369,1.0,235.16225665139
37.281318621513805,4096.0,3.362460266159003,1.0,110.84569166633344
38.20406338861112,4096.0,3.561064884916775,1.0,114.60399775814838
37.38843332094001,4096.0,3.5777623313404057,1.0,112.84683758338849
18.363694313419714,2048.0,3.9016501198456064,1.0,35.48508562962137
38.09635431834798,4096.0,3.9034794486064195,1.0,114.29837071408441
49.05312620816751,6656.0,3.4375351864489456,1.0,239.38014807728763
37.323723679761564,4096.0,3.5889663521099537,1.0,113.04311848810555
37.382787175447746,4096.0,3.8615676454032997,1.0,112.73433319245751
37.74095056792286,4096.0,4.172775342242869,1.0,113.913359698655
42.277152207836615,6656.0,3.5253690023415736,1.0,212.88175194118185
50.45896093903433,6656.0,4.079822313582302,1.0,243.06362148545043
15.723509918430706,2048.0,4.105637456141668,1.0,31.179870671827217
39.62538990050658,4096.0,4.421039919334218,1.0,120.05629584134579
52.95785869694386,6656.0,4.47662877621772,1.0,251.64866495108575
47.88163422756695,6144.0,4.038991515810405,1.0,217.52424276575016
51.73158760914142,6656.0,4.583110436534841,1.0,251.77770169833036
36.963256342225684,4096.0,3.5178905424197056,1.0,112.01588288878216
16.051404977719656,2048.0,2.9993385980086074,1.0,31.370764741530046
38.41387401517233,4096.0,4.967652182925999,1.0,116.87860121340451
44.522160311316064,6656.0,4.209744230625648,1.0,229.82151274440653
38.69281426343838,4096.0,4.596932767158962,1.0,116.86178231453583
38.09338714801463,4096.0,3.9645656362142514,1.0,114.90764783753865
15.802849535298211,2048.0,3.6481604677786534,1.0,30.75766898899223
48.64140358072368,6144.0,3.888954925306379,1.0,221.64625241267493
41.93096067333243,6656.0,4.3080805557930395,1.0,219.18816189198714
38.6730232079149,4096.0,4.060689244788426,1.0,116.0788926221898
39.115412512435995,4096.0,4.254945137100362,1.0,119.56000072245946
37.38669575777652,4096.0,4.128200525340591,1.0,112.17640347376303
48.59404375242095,6656.0,2.7895976659147683,1.0,227.47719391533042
19.848678373747862,2048.0,4.35445314484931,1.0,38.318515649344135
45.53365180402288,6656.0,3.9489068926996436,1.0,230.33237669918992
40.01460412347372,4096.0,3.9905837599534735,1.0,119.37619906732074
17.030049740888607,2048.0,4.266876611066496,1.0,33.53877282910883
39.22292310219888,4096.0,3.762285711296604,1.0,118.74980939224832
19.089725301677245,2048.0,4.52193044829937,1.0,36.34920462864145
39.108016898176245,4096.0,4.667088481418365,1.0,118.20795500460329
18.22748485244919,2048.0,3.7265169930852493,1.0,34.72992425504462
40.468751355885345,6656.0,4.064584857115361,1.0,209.99220808126861
36.24357561200575,4096.0,3.056845074229138,1.0,107.77419721375847
37.6207245812088,4096.0,4.143217034301884,1.0,114.2011910510113
19.870443678177267,2048.0,4.459696058928221,1.0,38.46292408432082
37.215294999492855,4096.0,3.8641180240871607,1.0,110.23612010984125
49.78040587014552,6656.0,3.2817069347956083,1.0,237.64960993748784
44.52173198885231,6656.0,3.4845029677126065,1.0,219.83675140608239
15.32137370093227,2048.0,3.8595336595019294,1.0,30.369301400968077
18.517049633541937,2048.0,4.074487437169768,1.0,35.35177451454839
37.839835767589314,4096.0,3.933172957882428,1.0,114.28133198675968
46.82577131125565,6656.0,4.8332237845880925,1.0,237.94742755252693
16.834625524622783,2048.0,3.002919159346959,1.0,32.76860989692739
16.560013943424806,2048.0,3.6514631372997948,1.0,32.61596950002046
49.90721639448501,6656.0,3.949949060641694,1.0,241.24264478074662
38.79855294672014,4096.0,4.375205864023794,1.0,116.10404272327078
38.43617509251987,4096.0,4.32934993025423,1.0,116.89809383296208
38.720859373902364,4096.0,4.675976278468065,1.0,118.60651450160444
39.420252623439055,4096.0,4.143534938553953,1.0,120.65728999016898
48.15622325659284,6656.0,3.4080240644764723,1.0,232.15538489561
35.53651556432817,4096.0,3.9676680148822507,1.0,107.68441227121127
38.450020623703416,4096.0,4.344482795922215,1.0,116.1295620977128
47.78802778452918,6656.0,3.8751513992500466,1.0,234.99970925581306
17.261770911621586,2048.0,3.9113728693488534,1.0,34.145027535943356
42.14065051887231,6656.0,3.6911765277900783,1.0,212.0664618172339
39.08073824662467,4096.0,4.323214153239864,1.0,119.25825207435635
17.23025776969998,2048.0,4.131798461189857,1.0,33.655710578740276
36.255479624762955,4096.0,3.487355457522683,1.0,108.3972678588056
17.41247587446017,2048.0,4.076755459626254,1.0,33.76824266708915
50.5864016100288,6656.0,4.432617787690605,1.0,244.75053612921323
50.611645911640345,6656.0,4.374472579373949,1.0,239.50116967311823
16.803953511450757,2048.0,3.7675469501558045,1.0,33.058152558624094
48.07199551750713,6656.0,3.6218976079329703,1.0,233.424648587811
35.50734472705453,6656.0,3.6673904441828076,1.0,187.69913076902202
