0.8513009548187256
0.7951242923736572
0.6124272346496582
0.6402850151062012
0.7737267017364502
0.6761527061462402
0.6390299797058105
0.7655959129333496
0.6259028911590576
0.7286529541015625
0.715843915939331
0.721616268157959
0.631730318069458
0.7412636280059814
0.7296779155731201
0.6461565494537354
0.7238936424255371
0.6751618385314941
0.8727028369903564
0.6579570770263672
0.6987299919128418
0.722893476486206
0.8840901851654053
0.6362051963806152
0.640697717666626
0.812157154083252
0.6535625457763672
0.8494360446929932
0.7502217292785645
0.7941086292266846
0.6047539710998535
0.639927864074707
0.6329503059387207
0.9014389514923096
0.6599643230438232
0.6731703281402588
0.8458461761474609
0.8241534233093262
0.618105411529541
0.6285643577575684
0.8464999198913574
0.8031539916992188
0.6730318069458008
0.8550527095794678
0.7444376945495605
0.8933150768280029
0.6744835376739502
0.7759621143341064
0.6664228439331055
0.8418335914611816
0.7564165592193604
0.823866605758667
0.8505175113677979
0.6809821128845215
0.7812614440917969
0.8464875221252441
0.8664162158966064
0.6285400390625
0.8989150524139404
0.6464202404022217
0.8542139530181885
0.6421475410461426
0.7461280822753906
0.7283382415771484
0.7683649063110352
0.6267149448394775
0.8912551403045654
0.6703004837036133
0.6664094924926758
0.7508113384246826
0.7285327911376953
0.6521966457366943
0.8249361515045166
0.6385304927825928
0.8650832176208496
0.7985353469848633
0.74458909034729
0.8542673587799072
0.8474338054656982
0.871809720993042
0.7551460266113281
0.6941659450531006
0.8936002254486084
0.6910545825958252
0.634742021560669
0.6921660900115967
0.65740966796875
0.850074291229248
0.7037992477416992
0.889446496963501
0.7817826271057129
0.6874988079071045
0.7268552780151367
0.894477128982544
0.7722823619842529
0.8996009826660156
0.7124521732330322
0.8996403217315674
0.85001540184021
0.8663122653961182
0.8258836269378662
0.6335091590881348
0.6187393665313721
0.7483184337615967
0.6285984516143799
0.606621265411377
0.7754912376403809
0.8750481605529785
0.7640490531921387
0.720980167388916
0.6247248649597168
0.7107765674591064
0.7521922588348389
0.6927030086517334
0.8244781494140625
0.860318660736084
0.7307405471801758
0.8201894760131836
0.6867580413818359
0.8927915096282959
0.7362930774688721
0.7714986801147461
0.6588001251220703
0.7940726280212402
0.9003643989562988
0.6734437942504883
0.6239593029022217
0.6094107627868652
0.8877675533294678
0.8721897602081299
0.6198906898498535
0.8100969791412354
0.7812960147857666
0.7158808708190918
0.7652814388275146
0.8089745044708252
0.7338695526123047
0.7291007041931152
0.6174688339233398
0.7971615791320801
0.830735445022583
0.7256078720092773
0.856412410736084
0.8869662284851074
0.8630566596984863
0.6338915824890137
0.8171768188476562
0.8280134201049805
0.8233082294464111
0.7977027893066406
0.710343599319458
0.835350513458252
0.7335109710693359
0.7820103168487549
0.8921182155609131
0.6600735187530518
0.6045732498168945
0.852226734161377
0.7287776470184326
0.6081898212432861
0.7183940410614014
0.6958408355712891
0.7989068031311035
0.6409571170806885
0.9012973308563232
0.727459192276001
0.7727017402648926
0.7225940227508545
0.8790099620819092
0.8730194568634033
0.7925379276275635
0.8859658241271973
0.7651233673095703
0.8770208358764648
0.7751593589782715
0.6405103206634521
0.8088948726654053
0.6571555137634277
0.6770737171173096
0.6589078903198242
0.6249637603759766
0.6642749309539795
0.7786252498626709
0.707953691482544
0.8838293552398682
0.89451003074646
0.68605637550354
0.6427843570709229
0.8266761302947998
0.9019978046417236
0.8017904758453369
0.8671774864196777
0.8507673740386963
0.8649613857269287
0.6078777313232422
0.8510816097259521
0.6645402908325195
0.8036291599273682
0.6074671745300293
0.7242183685302734
0.6574113368988037
0.6666178703308105
0.6676697731018066
0.8111836910247803
0.7168533802032471
0.7204041481018066
0.6127846240997314
0.7153818607330322
0.7821202278137207
0.752537727355957
0.6850461959838867
0.6146204471588135
0.8716652393341064
0.7472293376922607
0.8550724983215332
0.7662992477416992
0.8205437660217285
0.759418249130249
0.7928066253662109
0.6280744075775146
0.762948751449585
0.8432931900024414
0.6403489112854004
0.752161979675293
0.888124942779541
0.8895347118377686
0.7220327854156494
0.8196485042572021
0.7646586894989014
0.7685682773590088
0.8720965385437012
0.8088161945343018
0.6502103805541992
0.6832504272460938
0.8621654510498047
0.732609748840332
0.8024671077728271
0.6353201866149902
0.7723228931427002
0.7738409042358398
0.6236679553985596
0.8306095600128174
0.8130261898040771
0.8023195266723633
0.8294157981872559
0.6836812496185303
0.6964843273162842
0.7628328800201416
0.6751365661621094
0.6420700550079346
0.7409603595733643
0.6247265338897705
0.671576738357544
0.9012594223022461
0.6737158298492432
0.7134544849395752
0.6083753108978271
0.8886597156524658
0.7081508636474609
0.8708348274230957
0.7381877899169922
0.6532552242279053
0.7167935371398926
0.6173896789550781
0.8508701324462891
0.8080124855041504
0.6919796466827393
0.8638098239898682
0.6514914035797119
0.6458978652954102
0.6969904899597168
0.7990915775299072
0.7918572425842285
0.6816670894622803
0.72304368019104
0.7219843864440918
0.6597011089324951
0.7837202548980713
0.7099218368530273
0.75372314453125
0.8122642040252686
0.7940587997436523
0.742976188659668
0.9051964282989502
0.8878748416900635
0.8597931861877441
0.6589713096618652
0.6294939517974854
0.7217183113098145
0.8223981857299805
0.6751210689544678
0.6194877624511719
0.6711726188659668
0.60475754737854
0.6665985584259033
0.6284081935882568
0.7988793849945068
0.8524398803710938
0.7942695617675781
0.631333589553833
0.809180498123169
0.7785184383392334
0.6794278621673584
0.7586944103240967
0.6868612766265869
0.6414432525634766
0.848966121673584
0.7806518077850342
0.6766176223754883
0.689460039138794
0.7530045509338379
0.8378849029541016
0.667182445526123
0.8528997898101807
0.6124420166015625
0.6300179958343506
0.6889297962188721
0.8112988471984863
0.6290297508239746
0.6318285465240479
0.6408848762512207
0.6436107158660889
0.6793427467346191
0.8239102363586426
0.7561168670654297
0.6719479560852051
0.7834389209747314
0.8773996829986572
0.620560884475708
0.8040494918823242
0.7357211112976074
0.6648967266082764
0.6930785179138184
0.8949353694915771
0.7776615619659424
0.7270116806030273
0.8587625026702881
0.6942403316497803
0.6961889266967773
0.6894099712371826
0.7137289047241211
0.8347184658050537
0.8483340740203857
0.7275435924530029
0.7280392646789551
0.8380475044250488
0.6102547645568848
0.8253083229064941
0.7484934329986572
0.865776538848877
0.8924238681793213
0.8575954437255859
0.7813334465026855
0.7145087718963623
0.7169210910797119
0.6462647914886475
0.8371140956878662
0.8809010982513428
0.6503186225891113
0.8092043399810791
0.6135871410369873
0.8503656387329102
0.6546385288238525
0.7151556015014648
0.7620372772216797
0.8922638893127441
0.6974647045135498
0.6335752010345459
0.6080477237701416
0.8323280811309814
0.6166443824768066
0.7062757015228271
0.6881473064422607
0.7205743789672852
0.8309988975524902
0.7490711212158203
0.6484863758087158
0.6270918846130371
0.777965784072876
0.7180864810943604
0.7229375839233398
0.6524958610534668
0.6106832027435303
0.6359093189239502
0.8480010032653809
0.6760134696960449
0.7832045555114746
0.7787840366363525
0.6453640460968018
0.7204375267028809
0.6664345264434814
0.6716983318328857
0.6158154010772705
0.719973087310791
0.8221232891082764
0.7466905117034912
0.7399036884307861
0.7960498332977295
0.7046234607696533
0.7666869163513184
0.7075579166412354
0.8550934791564941
0.6795628070831299
0.7754242420196533
0.715752124786377
0.8992218971252441
0.873877763748169
0.8215680122375488
0.7495341300964355
0.8656377792358398
0.8860554695129395
0.6058933734893799
0.7965655326843262
0.7970683574676514
0.6478466987609863
0.7698924541473389
0.816307544708252
0.6066195964813232
0.772315263748169
0.6049573421478271
0.841637372970581
0.6373167037963867
0.6356432437896729
0.6818375587463379
0.8021721839904785
0.6349194049835205
0.611320972442627
0.6885864734649658
0.6022834777832031
0.8011875152587891
0.6957414150238037
0.7663702964782715
0.7474582195281982
0.8975491523742676
0.6977088451385498
0.6235024929046631
0.6075758934020996
0.7407834529876709
0.7004787921905518
0.7489092350006104
0.881746768951416
0.8372676372528076
0.7375476360321045
0.7918851375579834
0.8198292255401611
0.7493054866790771
0.6061701774597168
0.7005143165588379
0.8384861946105957
0.7493376731872559
0.6527979373931885
0.8106980323791504
0.6640486717224121
0.6011488437652588
0.8294708728790283
0.6259994506835938
0.7120893001556396
0.6085126399993896
0.7473013401031494
0.6360583305358887
0.7759644985198975
0.6238086223602295
0.8278062343597412
0.7934722900390625
0.8798952102661133
0.6705503463745117
0.8147945404052734
0.6824672222137451
0.6119608879089355
0.6807267665863037
0.8045759201049805
0.7597529888153076
0.6032447814941406
0.7594611644744873
0.6076579093933105
0.6508653163909912
0.7010378837585449
0.7301113605499268
0.8394765853881836
0.7635200023651123
0.8203344345092773
0.6011819839477539
0.7180955410003662
0.8419022560119629
0.9051737785339355
0.6233243942260742
0.8746013641357422
0.8113884925842285
0.8628616333007812
0.7646005153656006
0.8346848487854004
0.7532675266265869
0.8155503273010254
0.8563244342803955
0.8748118877410889
0.6594424247741699
0.8606243133544922
0.7026853561401367
0.794100284576416
0.6041452884674072
0.7591798305511475
